Evaluations, Played
74500, 6
106500, 7
58360, 7
42860, 6
52000, 6
86440, 7
42500, 5
18360, 5
22235, 6
20870, 5
55000, 6
67220, 6
40220, 6
37228, 7
59860, 7
111000, 7
26220, 5
28750, 6
73000, 6
61000, 6
78224, 8
80740, 7
67000, 6
93220, 7
97500, 7
79500, 7
23220, 5
59500, 6
78000, 7
96000, 7
47500, 6
42454, 7
90860, 6
61000, 6
64000, 6
53000, 5
71740, 7
132000, 7
18720, 5
67720, 7
15388, 6
87500, 8
53360, 6
70720, 7
88500, 7
43000, 6
139440, 8
46000, 6
61000, 6
73000, 6
77500, 6
82500, 7
46224, 7
422, 5
100500, 7
60940, 7
73360, 7
80500, 6
61000, 6
38360, 6
78940, 7
56726, 7
62860, 7
46860, 5
47620, 7
93500, 8
50500, 6
89500, 6
40228, 7
87000, 7
9314, 6
102500, 8
98740, 7
35366, 7
103720, 7
70500, 7
78000, 7
78000, 7
69000, 7
102720, 8
82500, 7
41860, 7
70720, 7
138000, 7
51220, 7
43220, 6
90240, 8
81000, 7
87740, 6
53740, 7
76000, 6
70940, 6
67000, 6
61000, 6
67228, 7
80860, 7
79000, 6
61000, 6
82860, 8
71500, 6
80720, 6
55232, 7
61000, 6
40220, 6
55234, 7
105000, 7
50860, 7
8908, 7
32000, 5
73000, 6
84456, 7
94240, 7
10386, 5
112724, 8
91500, 7
46220, 6
70720, 7
62500, 6
100500, 7
91000, 6
54500, 5
76500, 7
61000, 6
61500, 7
44860, 7
49000, 6
68500, 6
43000, 6
93000, 7
61500, 7
88500, 7
69000, 7
71500, 6
59000, 5
62500, 6
44500, 6
87000, 7
93000, 7
109500, 7
144000, 7
55000, 6
63450, 7
52000, 6
35000, 5
44726, 7
42860, 6
50500, 6
23220, 5
52500, 7
67224, 7
70500, 7
87220, 7
65500, 6
84940, 7
65500, 6
77500, 6
70234, 8
40220, 6
61360, 7
55220, 6
131860, 7
68500, 6
46000, 6
83500, 6
73000, 6
57440, 6
96500, 5
56360, 6
83500, 6
53500, 6
28764, 6
9899, 6
61224, 7
45500, 5
88000, 6
50000, 5
26460, 6
39500, 5
74500, 6
94500, 7
67000, 6
47720, 6
39500, 5
106000, 6
78000, 7
63220, 7
88720, 7
47240, 6
91226, 7
41500, 6
44000, 5
50500, 6
33888, 7
48440, 6
82500, 7
85360, 7
76500, 7
89500, 6
85000, 6
75860, 6
72000, 7
21720, 5
126220, 7
133500, 7
27724, 6
120220, 7
22235, 6
101500, 6
70226, 7
68500, 6
70000, 6
77000, 5
50500, 6
40000, 6
55120, 7
99000, 7
164440, 7
65500, 6
85000, 6
56500, 6
96000, 7
45868, 7
53500, 6
57000, 7
64000, 6
58000, 6
75000, 7
50720, 6
63000, 7
46220, 6
147000, 7
58500, 7
81000, 7
91720, 7
71500, 6
56500, 6
66740, 6
65720, 6
62368, 7
93220, 7
56720, 6
37000, 6
147720, 8
58000, 6
114000, 7
28073, 6
62500, 6
16874, 6
16120, 5
73000, 6
90500, 8
114000, 7
85000, 6
63000, 7
17628, 6
39500, 5
42500, 5
76720, 7
44500, 6
64000, 6
49000, 6
100500, 7
115000, 6
53740, 7
58000, 6
47240, 6
43000, 6
132000, 7
55000, 6
49860, 5
91000, 6
64500, 7
79500, 7
138000, 7
62996, 7
75000, 7
57724, 6
61000, 6
123000, 7
11502, 6
136860, 8
50500, 6
84000, 7
38000, 5
70360, 7
2430, 5
78000, 7
106440, 8
60448, 7
80500, 6
64220, 6
63440, 6
59500, 6
91500, 7
33860, 6
79000, 6
37944, 7
47500, 6
40946, 7
52224, 7
48220, 7
55720, 7
68500, 6
56500, 6
95500, 6
52000, 6
40954, 8
74724, 7
6638, 5
90000, 7
41246, 7
110000, 8
84000, 7
114000, 7
19511, 5
36500, 5
70500, 7
52220, 6
77500, 6
70500, 7
68726, 7
66220, 7
88220, 6
38000, 5
82360, 7
38720, 6
55000, 6
71500, 6
73500, 7
65500, 6
47500, 6
49000, 6
25626, 6
37740, 5
42440, 6
76000, 6
40220, 6
75000, 7
96000, 7
74220, 8
23958, 6
50000, 5
71500, 6
40232, 6
528, 5
67000, 6
50500, 6
72860, 6
70000, 6
46000, 6
21000, 4
49452, 6
99000, 7
118500, 7
58000, 6
80500, 6
48500, 5
47726, 7
52000, 6
76500, 7
59730, 7
49000, 6
69220, 7
70000, 6
77500, 6
89440, 7
110220, 8
30500, 5
90220, 7
71720, 6
48500, 5
69000, 7
75000, 7
56500, 6
53500, 6
82000, 6
58720, 7
117000, 7
49000, 6
86620, 7
26926, 5
91000, 6
58000, 6
37228, 7
75500, 5
32000, 5
30500, 5
79500, 7
76360, 7
74000, 5
18244, 6
56500, 6
103500, 7
55220, 6
37440, 5
87000, 7
69000, 7
71440, 7
107500, 6
49000, 6
67000, 6
82500, 7
51500, 5
61000, 6
82000, 6
77500, 6
56234, 7
98500, 6
47000, 5
52220, 6
69000, 7
58226, 7
61000, 6
54500, 5
65500, 6
76000, 6
51500, 5
47000, 5
98500, 6
91500, 7
61240, 7
69000, 7
106500, 7
76500, 7
80720, 6
120000, 7
108000, 7
58500, 7
54500, 5
118000, 6
78000, 7
87000, 7
122500, 6
76720, 7
106180, 7
87220, 7
55000, 6
46000, 6
58000, 6
112500, 7
77860, 7
85500, 7
84000, 7
46220, 6
51440, 6
47500, 6
73220, 6
35220, 5
35234, 7
82000, 6
78940, 7
97720, 7
73000, 6
44364, 7
67500, 7
90940, 7
75220, 7
77720, 6
36360, 5
93000, 7
79000, 6
30500, 5
86500, 6
66000, 7
47000, 5
79500, 7
20244, 7
61000, 6
85720, 7
79500, 7
84000, 7
36500, 5
88000, 6
76720, 7
91500, 7
39500, 5
53500, 6
27239, 6
63454, 7
62364, 7
47500, 6
58500, 7
51220, 7
17602, 7
71500, 6
41500, 6
36500, 5
39860, 6
63000, 7
41500, 6
47720, 6
87000, 7
59860, 7
67000, 6
51500, 5
43220, 6
50720, 6
81000, 7
506, 5
31852, 6
50720, 6
38500, 6
76360, 7
121500, 7
44720, 6
68500, 6
48864, 7
31081, 7
74500, 6
43085, 6
50364, 7
124000, 6
49281, 6
87000, 7
73500, 7
55860, 5
76720, 7
75000, 7
29584, 6
43000, 6
50500, 6
58940, 6
18220, 4
16878, 7
79720, 7
64720, 7
88000, 6
77726, 7
50500, 6
114000, 7
82000, 6
126000, 7
79000, 6
47720, 6
133440, 8
26500, 3
50360, 6
51440, 6
76000, 6
76500, 7
58220, 6
62500, 6
36500, 5
63720, 5
58000, 6
65500, 6
54860, 6
56120, 6
47860, 7
64000, 6
45860, 6
97720, 7
58000, 6
38360, 6
50500, 6
55220, 6
49630, 7
76500, 7
53500, 6
38500, 6
3500, 2
68444, 8
110220, 8
7196, 5
46720, 7
62500, 6
75720, 8
88500, 7
67220, 6
66000, 7
97500, 7
75440, 6
53000, 5
494, 4
62000, 5
53500, 6
57220, 7
64000, 6
61720, 7
80440, 7
93220, 7
13858, 6
24871, 7
49000, 6
17129, 6
10752, 5
81500, 8
56500, 6
53000, 5
46000, 6
85500, 7
104500, 6
64000, 6
76500, 7
82000, 6
55000, 6
73860, 8
113500, 6
53740, 7
159720, 8
76720, 7
49000, 6
26595, 7
55000, 6
90440, 6
57000, 7
53500, 6
73000, 6
43360, 7
63000, 7
49000, 6
82000, 6
39440, 6
96500, 5
58220, 6
94500, 7
46000, 6
61000, 6
118500, 7
83500, 6
70500, 7
52000, 6
70940, 6
49226, 7
91500, 7
49220, 6
79500, 7
100000, 6
46000, 6
111000, 7
72500, 8
84000, 7
67000, 6
87000, 7
71500, 6
57500, 5
52940, 6
18360, 5
97000, 6
53500, 6
62500, 6
56500, 6
53500, 6
52230, 7
85000, 6
21720, 5
93500, 8
64000, 6
46000, 6
67000, 6
73720, 7
74440, 7
56440, 7
96000, 7
81940, 7
76500, 7
64500, 7
94000, 6
61500, 7
130500, 7
85500, 7
64500, 7
65500, 6
61000, 6
49120, 7
118500, 7
62620, 7
65860, 7
48220, 7
104500, 6
99220, 7
76000, 6
50500, 6
36720, 5
78940, 7
73500, 7
78000, 7
70000, 6
74740, 7
44000, 5
71720, 6
45220, 7
43220, 6
97720, 7
79940, 6
94500, 7
53500, 6
102720, 8
84000, 7
56500, 6
38360, 6
4250, 5
53500, 6
79000, 6
82500, 7
59500, 6
65220, 5
33500, 5
69220, 7
72000, 7
64720, 7
47500, 6
35302, 5
73000, 6
63000, 7
105000, 7
57720, 5
64720, 7
85500, 7
70960, 8
97500, 7
45868, 7
49230, 7
73500, 7
80500, 6
134220, 8
77000, 5
2836, 4
81000, 7
4258, 5
35724, 7
29220, 5
123000, 7
76000, 6
10428, 6
9539, 6
69220, 7
52226, 7
65500, 6
134500, 6
24284, 7
65500, 6
84000, 7
64500, 7
67000, 6
104833, 7
96220, 7
118500, 7
96500, 8
62360, 6
31220, 6
115500, 7
129500, 8
106950, 7
71500, 6
57000, 7
48866, 7
106500, 7
44500, 6
62500, 6
57000, 7
26543, 6
105000, 7
62500, 6
62720, 6
77500, 6
36724, 6
62860, 7
13730, 5
73500, 7
82000, 6
52000, 6
122000, 8
76360, 7
59500, 6
87360, 8
57220, 7
105000, 7
120000, 7
71500, 6
44730, 7
90000, 7
53720, 6
53500, 6
93500, 8
55360, 7
83500, 6
68500, 6
115940, 6
91720, 7
86500, 6
59500, 6
70000, 6
85000, 6
42500, 5
33864, 7
80220, 8
59500, 6
58000, 6
65500, 6
25387, 6
66500, 5
56500, 6
50500, 6
114220, 7
82500, 7
117000, 7
46000, 6
82500, 7
61000, 6
39500, 5
80240, 6
95720, 6
63500, 5
38940, 5
50500, 6
91720, 7
91240, 7
62500, 6
51000, 7
82000, 6
90220, 7
27971, 6
46230, 8
31746, 6
67000, 6
132360, 8
73000, 6
35668, 7
30500, 5
62500, 6
80500, 6
49000, 6
66500, 5
115500, 7
84000, 7
62500, 6
95220, 8
68500, 6
130500, 7
24720, 5
82500, 7
15967, 6
66000, 7
91000, 6
62720, 6
91720, 7
105500, 5
62500, 6
50220, 5
33360, 5
69000, 7
85000, 6
79000, 6
52000, 6
18104, 6
58000, 6
41500, 6
64500, 7
78000, 7
75000, 7
53500, 6
178500, 7
52226, 7
70720, 7
67000, 6
45500, 5
129720, 8
76500, 7
58940, 6
75000, 7
87000, 7
61000, 6
67000, 6
46000, 6
71500, 6
68500, 6
105000, 7
68500, 6
43000, 6
144220, 7
79720, 7
47740, 7
38000, 5
30000, 4
72000, 7
99000, 7
43220, 6
58500, 7
46000, 6
52240, 7
94000, 6
84456, 7
49000, 6
85000, 6
60500, 5
63500, 5
87000, 7
41860, 7
107940, 8
68000, 5
58860, 5
59940, 8
68740, 7
61724, 8
46720, 7
68500, 6
94500, 7
41224, 6
70000, 6
73240, 7
65500, 6
89500, 6
119860, 7
47864, 8
84000, 7
84000, 7
70360, 7
62500, 6
66500, 5
64360, 7
30366, 6
113500, 6
47500, 6
59500, 6
43000, 6
66444, 7
68500, 6
68500, 6
15720, 5
49000, 6
59500, 6
89220, 8
69500, 5
68500, 6
68000, 5
91720, 7
64500, 7
66000, 7
64500, 7
76720, 7
64950, 7
123000, 7
52000, 6
100000, 6
58000, 6
86860, 7
63333, 6
89500, 6
41730, 7
47120, 6
135000, 7
74000, 5
53500, 6
123000, 7
88500, 7
83440, 7
76000, 6
53000, 5
71860, 7
19460, 6
61500, 7
90720, 8
103500, 7
66562, 7
66000, 7
97000, 6
68500, 6
111000, 7
88500, 7
12968, 6
50500, 6
104724, 7
42500, 5
90220, 7
36724, 6
137224, 9
91500, 7
90500, 8
22866, 6
74440, 7
27239, 6
68000, 5
19470, 6
67360, 7
93000, 7
80500, 6
47724, 7
73220, 6
41000, 5
91000, 6
38500, 6
73500, 7
127000, 6
115440, 8
41000, 5
47360, 6
66000, 7
83500, 6
64500, 7
106500, 7
73000, 6
51220, 7
98500, 6
105000, 7
34620, 5
66220, 7
71500, 6
79500, 7
65500, 6
106440, 8
67000, 6
48000, 7
81940, 7
66000, 7
84000, 7
109360, 7
124500, 7
68500, 6
77000, 8
61500, 7
29120, 6
11014, 5
59500, 6
125500, 6
67180, 7
32224, 6
63000, 7
45740, 6
41000, 5
56720, 6
78000, 7
55224, 7
44720, 6
56720, 6
99000, 7
83500, 6
17228, 6
65500, 6
53500, 6
63500, 5
70220, 6
68500, 6
41511, 7
76000, 6
36720, 5
21124, 5
124000, 6
58000, 6
147500, 5
76000, 6
159000, 7
64500, 7
102000, 7
96220, 7
89500, 6
35000, 5
94500, 7
58000, 6
59500, 6
59000, 5
52220, 6
60440, 6
46360, 7
120500, 8
44720, 6
50500, 6
61720, 7
76000, 6
79500, 7
44224, 6
39500, 5
69500, 5
41000, 5
62720, 6
33724, 6
56500, 6
81220, 7
90220, 7
64000, 6
61000, 6
73240, 7
45726, 6
59500, 6
112500, 7
74500, 6
50500, 6
93000, 7
54440, 6
79000, 6
104440, 7
65000, 5
96500, 8
57500, 5
35000, 5
46000, 6
100500, 7
128000, 8
46220, 6
78000, 7
10726, 5
115500, 7
109500, 7
70000, 6
28446, 6
46720, 7
72000, 7
56000, 5
44196, 7
118240, 7
67000, 6
72000, 7
85720, 7
46000, 6
105220, 7
9242, 6
41956, 6
73500, 7
47000, 5
56000, 5
73000, 6
46000, 6
90220, 7
94720, 7
82500, 7
83500, 6
95000, 8
78500, 5
58240, 7
64000, 6
49940, 6
76000, 6
69000, 7
69220, 7
102000, 7
105000, 7
123000, 7
31866, 6
72000, 7
11864, 5
49220, 6
102000, 7
71440, 7
32220, 5
103000, 6
85000, 6
55000, 6
56500, 6
94500, 7
59500, 6
134500, 6
42440, 6
62000, 5
70500, 7
46000, 6
44000, 5
120000, 7
101500, 6
74500, 6
56500, 6
47500, 6
52000, 6
20650, 6
83740, 7
58000, 6
71500, 6
82500, 7
153000, 7
24726, 6
59860, 7
68500, 6
47728, 7
137440, 7
71440, 7
48720, 5
53500, 6
39860, 6
64000, 6
59728, 7
36500, 5
52000, 6
67720, 7
86220, 8
129000, 7
70500, 7
72000, 7
93454, 7
72000, 7
99000, 7
88500, 7
67000, 6
59860, 7
64000, 6
108000, 7
81000, 7
82940, 6
98500, 6
27239, 6
88500, 7
67000, 6
52360, 7
82000, 6
77720, 6
44000, 5
73500, 7
73000, 6
59396, 6
60440, 6
78220, 7
68500, 6
99454, 7
11860, 4
47500, 6
56500, 6
80000, 8
57440, 6
65500, 6
108720, 8
82720, 7
20654, 7
109440, 8
108000, 7
59000, 5
4306, 6
49498, 8
96000, 7
82500, 7
64720, 7
58240, 7
7796, 6
15728, 6
49954, 8
129224, 8
100500, 7
71860, 7
63000, 7
73000, 6
82500, 7
64000, 6
12950, 5
73000, 6
63000, 7
47000, 5
40000, 6
87000, 7
44000, 5
53500, 6
82000, 6
79060, 7
39500, 5
36360, 5
66500, 5
148500, 7
129720, 8
20290, 5
63220, 7
61720, 7
98500, 6
79960, 7
75000, 7
76500, 7
72500, 5
60500, 5
116220, 8
113000, 8
117220, 7
104224, 9
78000, 7
33000, 4
52720, 7
98220, 8
91000, 6
82720, 7
102500, 8
98940, 8
53000, 5
106000, 6
41360, 6
100720, 7
98000, 5
89360, 6
26220, 5
51940, 7
58000, 6
66500, 5
137940, 8
55000, 6
47500, 6
67720, 7
77500, 6
65500, 6
41720, 6
81500, 5
97500, 7
40568, 6
98220, 8
52720, 7
83740, 7
119000, 8
61720, 7
129000, 7
85000, 6
105000, 7
62720, 6
75000, 7
83440, 7
66940, 7
33366, 6
74500, 6
36500, 5
61500, 7
114000, 7
20220, 5
57746, 7
99000, 7
81220, 7
78000, 7
73500, 7
20228, 6
107736, 8
67500, 7
90000, 7
88720, 7
112500, 7
46000, 6
87000, 7
56500, 6
41720, 6
96224, 8
53860, 7
64000, 6
112500, 7
111500, 5
94500, 7
58000, 6
73500, 7
54220, 7
110740, 7
103500, 7
52000, 6
99000, 7
65740, 7
90000, 7
56500, 6
52000, 6
47500, 6
90000, 7
120000, 7
61500, 7
49000, 6
76720, 7
91500, 7
92500, 6
83724, 7
38120, 6
65000, 8
80720, 6
88000, 6
88500, 7
58952, 7
73500, 7
95000, 5
83500, 6
67720, 7
55000, 6
103000, 6
70000, 6
46000, 6
58000, 6
55000, 6
48500, 5
62226, 6
57500, 5
49000, 6
62360, 6
59500, 6
79500, 7
109500, 7
67720, 7
58860, 8
70000, 6
65500, 6
67000, 6
66220, 7
15488, 5
55720, 7
50124, 7
83500, 6
76000, 6
60860, 6
79500, 7
80500, 6
82000, 6
37247, 6
49000, 6
111000, 7
80500, 6
73000, 6
136500, 7
16680, 5
20290, 5
76720, 7
53500, 6
82500, 7
117000, 7
61000, 6
33000, 4
7720, 4
64000, 6
50724, 7
90224, 8
50734, 8
32206, 6
71500, 6
57220, 7
53000, 5
120946, 8
43000, 6
70500, 7
48500, 5
41500, 6
17228, 6
124500, 7
109720, 7
49000, 6
36022, 6
32000, 5
41000, 5
62500, 6
55000, 6
88500, 7
81000, 7
51860, 6
89500, 6
61000, 6
76500, 7
53500, 6
85500, 7
54500, 5
59246, 7
90000, 7
69220, 7
66446, 7
105000, 7
82000, 6
70000, 6
84000, 7
47500, 6
37224, 7
46224, 7
59500, 6
54860, 6
36860, 6
46500, 4
89500, 6
56680, 7
83720, 6
72220, 7
108500, 8
50240, 6
109500, 7
56500, 6
52000, 6
67000, 6
103500, 7
38000, 5
64000, 6
22122, 6
48500, 5
13490, 5
19456, 5
59500, 6
50552, 6
69000, 7
68360, 6
68500, 6
58720, 7
75000, 7
87624, 7
20236, 6
17241, 6
52000, 6
64500, 7
49000, 6
70500, 7
49220, 6
105220, 7
100500, 7
112500, 7
87940, 7
25744, 6
106500, 7
97500, 7
96000, 7
71720, 6
62000, 5
48860, 6
64000, 6
35952, 6
82000, 6
80360, 6
50360, 6
73500, 7
42866, 7
122500, 6
38238, 6
76500, 7
64500, 7
18000, 4
82000, 6
97000, 6
64720, 7
40226, 7
148500, 7
51860, 6
53500, 6
197500, 9
67000, 6
39500, 5
93000, 7
85000, 6
44500, 6
25648, 6
35940, 5
70500, 7
23746, 6
4326, 6
46866, 6
88000, 6
38000, 5
84220, 7
54440, 6
50000, 5
24360, 5
76500, 7
81440, 6
17250, 6
96000, 7
38364, 7
50500, 6
60500, 5
56000, 5
59240, 6
73000, 6
22739, 7
67000, 6
93860, 6
15720, 5
52940, 6
59500, 6
80500, 6
52940, 6
56500, 6
93500, 8
32326, 6
67500, 7
33000, 4
66500, 5
66868, 7
72000, 7
22678, 6
63000, 7
65000, 5
57860, 6
130500, 7
4306, 6
70220, 6
65000, 5
22440, 5
50500, 6
66220, 7
29956, 7
104220, 8
22057, 7
97240, 7
78000, 7
54000, 7
81220, 7
28440, 5
43360, 7
130000, 6
88940, 6
82224, 7
50500, 6
69500, 5
73000, 6
44720, 6
77500, 6
55000, 6
95500, 6
61220, 6
44500, 6
58000, 6
58000, 6
79000, 6
69000, 7
75364, 6
83860, 7
38238, 6
72940, 7
42620, 6
63500, 5
86500, 6
114000, 7
38396, 6
96000, 7
19432, 5
48220, 7
58000, 6
67000, 6
55500, 7
99000, 7
46000, 6
89940, 8
69500, 5
99000, 7
7764, 5
108000, 7
81500, 5
59000, 5
66500, 5
90000, 7
36860, 6
42615, 8
52000, 6
103240, 7
56000, 5
22566, 5
79720, 7
96000, 7
72000, 7
52000, 6
67000, 6
52000, 6
77500, 6
116440, 7
48440, 6
37220, 6
44500, 6
33077, 6
21720, 5
61720, 7
52000, 6
69500, 5
76500, 7
7752, 7
58000, 6
15384, 7
82500, 7
108000, 7
71500, 6
102000, 7
72000, 7
66000, 7
86500, 6
120220, 7
125724, 7
81000, 7
25345, 6
83500, 6
37247, 6
47500, 6
124500, 7
60000, 7
65724, 7
28907, 6
77500, 6
65500, 6
91500, 7
39832, 6
89500, 6
97000, 6
68444, 8
51228, 8
97740, 8
59000, 5
156940, 7
69860, 6
75000, 7
35000, 5
44720, 6
55000, 6
29226, 6
70954, 7
59500, 6
66864, 7
148500, 7
48500, 5
67500, 7
47500, 6
75000, 7
26230, 6
60000, 7
121000, 6
160500, 7
50500, 6
50720, 6
46360, 7
88000, 6
63940, 7
25746, 6
78000, 7
41000, 5
58000, 6
61000, 6
19466, 6
111000, 7
43000, 6
46000, 6
102220, 7
47500, 6
67000, 6
48440, 6
60000, 7
38000, 5
69000, 7
153500, 8
63440, 6
107448, 8
91500, 7
75500, 5
49720, 7
67500, 7
62860, 7
56500, 6
55000, 6
47500, 6
114940, 7
34500, 4
53000, 5
76724, 8
70500, 7
100000, 6
62500, 6
84000, 7
54860, 6
64720, 7
84000, 7
16120, 5
82976, 9
106500, 7
67500, 7
77500, 6
74500, 6
99360, 8
40000, 6
64500, 7
56500, 6
67000, 6
24707, 7
71500, 6
81000, 7
61500, 7
111000, 7
38954, 7
61000, 6
38000, 5
69000, 7
29456, 7
57000, 7
83440, 7
81224, 8
112720, 7
52720, 7
76000, 6
52000, 6
3440, 5
67000, 6
62500, 6
64500, 7
106720, 7
67360, 7
42860, 6
106944, 7
68360, 6
47500, 6
85500, 7
30500, 5
130500, 7
121720, 7
6456, 5
95500, 6
50724, 7
106000, 6
59000, 5
61000, 6
102000, 7
65000, 5
53240, 6
100500, 7
45860, 6
70000, 6
67500, 7
82500, 7
63220, 7
70220, 6
42440, 6
75000, 7
43000, 6
52500, 7
38364, 7
70000, 6
80728, 7
97500, 7
50500, 6
103500, 7
71500, 6
23220, 5
70000, 6
126000, 7
56000, 5
29720, 6
39740, 6
1321, 6
45500, 5
62500, 6
104500, 6
53500, 6
83860, 7
33740, 6
61500, 7
98500, 6
101740, 7
46000, 6
62000, 5
173940, 8
90000, 7
79360, 7
74500, 6
46000, 6
104000, 8
145500, 7
102360, 8
73000, 6
68000, 5
74440, 7
52220, 6
82000, 6
87000, 7
119500, 6
100500, 7
30724, 6
49944, 7
68360, 6
51740, 6
93000, 7
53000, 5
47728, 7
67000, 6
39500, 5
94500, 7
21184, 6
79000, 6
53180, 6
56364, 7
79000, 6
141000, 7
172360, 7
22235, 6
53860, 7
71440, 7
56500, 6
67500, 7
68360, 6
38724, 7
18752, 7
96220, 7
56740, 7
74440, 7
60620, 6
100500, 7
54220, 7
79000, 6
51220, 7
38224, 6
56360, 6
20567, 6
155500, 9
47500, 6
53500, 6
95360, 6
195000, 7
42860, 6
74860, 7
81000, 7
41500, 6
59500, 6
62500, 6
60000, 7
43000, 6
102000, 7
68726, 7
59724, 7
85954, 8
103500, 7
78000, 7
110860, 7
19456, 5
73360, 7
49000, 6
73240, 7
78000, 7
58500, 7
50500, 6
8690, 5
52500, 4
103500, 7
65500, 6
10762, 6
103720, 7
62500, 6
61360, 7
88000, 6
50500, 6
25000, 3
82500, 7
50500, 6
66000, 7
90000, 7
44000, 5
38220, 5
29720, 6
84220, 7
121860, 8
46226, 7
44500, 6
61500, 7
47366, 7
33500, 5
64000, 6
70500, 7
111000, 7
55000, 6
92440, 7
80500, 6
82500, 7
56860, 7
82860, 8
86500, 6
55940, 6
47500, 6
59940, 5
72440, 6
61000, 6
47740, 7
56500, 6
129500, 8
44500, 6
102500, 5
74500, 6
82952, 7
21844, 6
85500, 7
53093, 6
10740, 6
51500, 5
40220, 6
49000, 6
33500, 5
69860, 6
71500, 6
70220, 6
58000, 6
78000, 7
97500, 7
12254, 6
70226, 7
23226, 6
44500, 6
75000, 7
70000, 6
64000, 6
67000, 6
105940, 7
18738, 6
62500, 6
15244, 6
65500, 6
110360, 6
9246, 6
39500, 5
32000, 5
71500, 6
48740, 6
65500, 6
64000, 6
47500, 6
153000, 7
33860, 6
39440, 6
85500, 7
77720, 6
46940, 6
96000, 7
31500, 4
48500, 5
74500, 6
30500, 5
52000, 6
68500, 6
108000, 7
52000, 6
94500, 7
120000, 7
36860, 6
23232, 6
96000, 7
14248, 7
68500, 6
44500, 6
59500, 6
66000, 7
107500, 6
48500, 5
86740, 7
50360, 6
74500, 6
62500, 6
42740, 6
64500, 7
50500, 6
23207, 6
82360, 7
41720, 6
75000, 7
135500, 8
70860, 8
86860, 7
68500, 6
84000, 7
70000, 6
77000, 5
65000, 5
89500, 6
64500, 7
85360, 7
35000, 5
108360, 8
25500, 4
73000, 6
64954, 8
15374, 6
57360, 5
114224, 8
89500, 6
50440, 7
64220, 6
67000, 6
48220, 7
65500, 6
19860, 5
17234, 6
43000, 6
66000, 7
70000, 6
56728, 7
79500, 7
79220, 6
37448, 6
90000, 7
67000, 6
20410, 6
89440, 7
26405, 6
64866, 6
48860, 6
38180, 6
31220, 6
51000, 7
45500, 5
64000, 6
77726, 7
58000, 6
65000, 5
71500, 6
68860, 7
68500, 6
46000, 6
42500, 5
65500, 6
76000, 6
53500, 6
72500, 5
80500, 6
42500, 5
88500, 7
64500, 7
111000, 7
64500, 7
41220, 5
81224, 8
88500, 7
49000, 6
47000, 5
50060, 6
27000, 4
55000, 6
68860, 7
53500, 6
50500, 6
61232, 8
61000, 6
49500, 7
71500, 6
52940, 6
36500, 5
50500, 6
75000, 7
42500, 5
103000, 6
145500, 7
71500, 6
67720, 7
53500, 6
79500, 7
56500, 6
85000, 6
112500, 7
66220, 7
101500, 6
72440, 6
53500, 6
62240, 6
78940, 7
82000, 6
55226, 7
88360, 7
60000, 7
135000, 7
97000, 6
112720, 7
75000, 7
61500, 7
137500, 6
53860, 7
100500, 7
82000, 6
78000, 7
51724, 6
67000, 6
52500, 7
57000, 7
91000, 6
37866, 6
75000, 7
53364, 7
61000, 6
76724, 8
65724, 7
73230, 7
88500, 7
82000, 6
81000, 7
135000, 7
75220, 7
15009, 4
41244, 7
79000, 6
72500, 5
114000, 7
84000, 7
120000, 7
5114, 5
112500, 7
52000, 6
74500, 6
16496, 7
107500, 6
89500, 6
62500, 6
70000, 6
58000, 6
73500, 7
51500, 5
20410, 6
80732, 7
100500, 7
63440, 6
124440, 8
91500, 7
59500, 6
70500, 7
52940, 6
42720, 5
41500, 6
62940, 5
132000, 7
52000, 6
105500, 8
110220, 8
46940, 6
55224, 7
78000, 7
97500, 7
72940, 7
88360, 7
70220, 6
82500, 7
62720, 6
56860, 7
58000, 6
89500, 6
28860, 5
70360, 7
62860, 7
80000, 8
20956, 7
55500, 7
88240, 7
41720, 6
36500, 5
92940, 8
70000, 6
65440, 7
55000, 6
63860, 6
32180, 6
74364, 7
117000, 7
67500, 7
100500, 7
44720, 6
31500, 4
65500, 6
52120, 7
67000, 6
55000, 6
80500, 6
88720, 7
29000, 5
87000, 7
101500, 6
74500, 6
121444, 9
59500, 6
49240, 7
105000, 7
38000, 5
91000, 6
52500, 7
56500, 6
71440, 7
107500, 6
90000, 7
33000, 4
57220, 7
122000, 8
153000, 7
59500, 6
115000, 6
68720, 6
51500, 5
70000, 6
102000, 7
101440, 7
53500, 6
33860, 6
32180, 6
60000, 7
90000, 7
44950, 7
67000, 6
120940, 7
55360, 7
31860, 5
83500, 6
25571, 6
82000, 6
105220, 7
72000, 7
93500, 5
62500, 6
77000, 5
82500, 7
53500, 6
95500, 6
55000, 6
57440, 6
126000, 7
94720, 7
62364, 7
44500, 6
64500, 7
52000, 6
97500, 7
65500, 6
86440, 7
65500, 6
51949, 5
62500, 6
58000, 6
63500, 8
74680, 7
47500, 6
26972, 7
82240, 7
56440, 7
112240, 7
64000, 6
82500, 7
183000, 7
56500, 6
38000, 5
2872, 6
53000, 5
63220, 7
82000, 6
44240, 6
62500, 6
47500, 6
62860, 7
44000, 5
74500, 6
46940, 6
59500, 6
59500, 6
67360, 7
67000, 6
53364, 7
78500, 5
75220, 7
129000, 7
56720, 6
85224, 7
88500, 7
76000, 6
21244, 6
123360, 8
9254, 6
40000, 6
147720, 8
41000, 5
52000, 6
49450, 6
43228, 7
51000, 7
55500, 7
50500, 6
97500, 7
49720, 7
43868, 6
99500, 8
36500, 5
61000, 6
60000, 4
59500, 6
54000, 7
40944, 7
4087, 6
56500, 6
73360, 7
71500, 6
76720, 7
69000, 7
50974, 7
76500, 7
47500, 6
46000, 6
109500, 7
110000, 8
56000, 5
65000, 5
58000, 6
41000, 5
117000, 7
76000, 6
54500, 5
99500, 5
92500, 6
82000, 6
92500, 6
82724, 8
84000, 7
51500, 5
44500, 6
51440, 6
87000, 7
7778, 6
72000, 7
76224, 7
23626, 5
58720, 7
59860, 7
17242, 7
102000, 7
111000, 7
65360, 6
93000, 7
59500, 6
80740, 7
75000, 7
85000, 6
57500, 5
41500, 6
10384, 5
59500, 6
66500, 5
2842, 6
69860, 6
91500, 7
93000, 7
101500, 6
73000, 6
59500, 6
128220, 8
36500, 5
49000, 6
76000, 6
41254, 7
43940, 6
103500, 7
60450, 7
73000, 6
69940, 7
55000, 6
52220, 6
70000, 6
34220, 6
84000, 7
100500, 7
57864, 7
49456, 6
90440, 6
82220, 6
86500, 6
40000, 6
77500, 6
66000, 7
26966, 6
59500, 6
94500, 7
70500, 7
71500, 6
28500, 4
53500, 6
74500, 6
61000, 6
73000, 6
83500, 6
69500, 5
12230, 6
115720, 7
54440, 6
47500, 6
64000, 6
59720, 6
59500, 6
13524, 6
62500, 6
41180, 6
64521, 7
74500, 6
81000, 7
55360, 7
76724, 8
59500, 6
40444, 6
3466, 6
28446, 6
36000, 4
88000, 6
66000, 7
65620, 7
31220, 6
35720, 6
25190, 7
70000, 6
75000, 7
55000, 6
65500, 6
79000, 6
76720, 7
68500, 6
71500, 6
83500, 6
45500, 5
72444, 7
48500, 5
59500, 6
17675, 5
58720, 7
106720, 7
39724, 6
78000, 7
46224, 7
76500, 7
47000, 5
62500, 6
70000, 6
60220, 7
68500, 6
110500, 6
42860, 6
64000, 6
50360, 6
52360, 7
99000, 7
71500, 6
42860, 6
86500, 6
75000, 7
67000, 6
113000, 8
82500, 7
85720, 7
44500, 6
65364, 7
73000, 6
77860, 7
66000, 7
44500, 6
91500, 7
61000, 6
12948, 5
64488, 8
82360, 7
21251, 6
93940, 7
35000, 5
44720, 6
56364, 7
84000, 7
67500, 7
19456, 5
49000, 6
75220, 7
76000, 6
70000, 6
20567, 6
95500, 6
82500, 7
65500, 6
88720, 7
73000, 6
56680, 7
108000, 7
88240, 7
52720, 7
79500, 7
76000, 6
63000, 7
69940, 7
46000, 6
52720, 7
62500, 6
49720, 7
24460, 5
95000, 8
50860, 7
23069, 6
91500, 7
86500, 6
84000, 7
17009, 5
168720, 8
82000, 6
94500, 7
84000, 7
90120, 8
68860, 7
49220, 6
30864, 7
34224, 7
53500, 6
66864, 7
67500, 7
44000, 5
73500, 7
96000, 7
21969, 7
66940, 7
59860, 7
75360, 8
93000, 7
53944, 6
100220, 6
46000, 6
98860, 7
99000, 7
88000, 6
65960, 7
31860, 5
30713, 6
51860, 6
70500, 7
18764, 7
100500, 7
41000, 5
61500, 7
73500, 7
77440, 7
67000, 6
73000, 6
76360, 7
71500, 6
73000, 6
91500, 7
76500, 7
36500, 5
27730, 6
148500, 7
53000, 5
50000, 5
57860, 6
109000, 6
45500, 5
99500, 8
62500, 6
76500, 7
77720, 6
73500, 7
130860, 8
42860, 6
60500, 5
59360, 6
78224, 8
81444, 7
36864, 7
68446, 8
79000, 6
32940, 5
88000, 6
121500, 7
35000, 5
56500, 6
54000, 4
57738, 6
75500, 5
70000, 6
55000, 6
31500, 4
76000, 6
20235, 7
80720, 6
178500, 7
50500, 6
90220, 7
62240, 6
52000, 6
57720, 5
17037, 5
36500, 5
87000, 7
34220, 6
36360, 5
59500, 6
36413, 6
80720, 6
81000, 7
99220, 7
80740, 7
80500, 6
109500, 7
65500, 6
34741, 7
108000, 7
60000, 7
59500, 6
50500, 6
29000, 5
58950, 7
59500, 6
61000, 6
44724, 7
95860, 7
80500, 6
116500, 6
90500, 5
70360, 7
32228, 6
90500, 8
71500, 6
74444, 8
105448, 7
50500, 6
49500, 7
89500, 6
70500, 7
56500, 6
67000, 6
80500, 6
56500, 6
43952, 7
38720, 6
63500, 5
54724, 6
54500, 5
15376, 6
71000, 5
59500, 6
93000, 7
65500, 6
49000, 6
68500, 6
70500, 7
50360, 6
60000, 7
96220, 7
82720, 7
79000, 6
56240, 6
33500, 5
39500, 5
50500, 6
111500, 8
108220, 7
53720, 6
55000, 6
118000, 6
50720, 6
19733, 6
71740, 7
50500, 6
35000, 5
109500, 7
76000, 6
84000, 7
67000, 6
47724, 7
63000, 7
62500, 6
71440, 7
91000, 6
97720, 7
59224, 6
32298, 6
111220, 7
97500, 7
48500, 5
47220, 5
130500, 7
59500, 6
80500, 6
48440, 6
50500, 6
69500, 5
97500, 7
52000, 6
44740, 7
52940, 6
52500, 7
44720, 6
67000, 6
135720, 8
69440, 6
21011, 5
61000, 6
80500, 6
119220, 8
53500, 6
20246, 7
27294, 6
10725, 5
44364, 7
34351, 6
58360, 7
126228, 8
30658, 6
31464, 6
67000, 6
64000, 6
60220, 7
107220, 8
85500, 7
58000, 6
73000, 6
88000, 6
73500, 7
61000, 6
57500, 5
55000, 6
126000, 7
41360, 6
98720, 9
76720, 7
73360, 7
102000, 7
34944, 7
87940, 7
55952, 7
56500, 6
81000, 7
114000, 7
56500, 6
71500, 6
56946, 6
169000, 6
30858, 6
113220, 8
52000, 6
7792, 7
94500, 7
55000, 6
76000, 6
43919, 6
54000, 7
50440, 7
79220, 6
58000, 6
67000, 6
64220, 6
47724, 7
49000, 6
100500, 7
53500, 6
91000, 6
94500, 7
102940, 7
73000, 6
115360, 7
67220, 6
64000, 6
79000, 6
57000, 7
75000, 7
45620, 6
59500, 6
63940, 7
62500, 6
34745, 6
69000, 7
67000, 6
92740, 7
49940, 6
73500, 7
116500, 6
88000, 6
44720, 6
52000, 6
73240, 7
49120, 7
47500, 6
98000, 8
56500, 6
76360, 7
70000, 6
36860, 6
80500, 6
84000, 7
102220, 7
67500, 7
71740, 7
72000, 7
45000, 4
61000, 6
48500, 5
157500, 7
61500, 7
77440, 7
40000, 6
111720, 8
53740, 7
99500, 5
62220, 5
55220, 6
19866, 6
29724, 7
56500, 6
68860, 7
50000, 5
50500, 6
41720, 6
81000, 7
58000, 6
62500, 6
61000, 6
94500, 7
66440, 6
76000, 6
113000, 5
71500, 6
53000, 5
120500, 8
28620, 5
97500, 7
62500, 6
96940, 7
79120, 7
125500, 6
67364, 8
72500, 5
133500, 7
105000, 7
74740, 7
55360, 7
55500, 4
115500, 7
75000, 7
38000, 5
22628, 6
79720, 7
90000, 7
97720, 7
35960, 6
55220, 6
78724, 9
91500, 7
52000, 6
108220, 7
58000, 6
61940, 6
53500, 6
67360, 7
44000, 5
7420, 7
43220, 6
35000, 5
102000, 7
62500, 6
95500, 6
73000, 6
96720, 8
64500, 7
62000, 5
95000, 5
79500, 7
83500, 6
94000, 6
50500, 6
53740, 7
67500, 7
77444, 8
123000, 7
81220, 7
87940, 7
104500, 6
81220, 7
61000, 6
82000, 6
79000, 6
12236, 6
60500, 5
112000, 6
46000, 6
90000, 7
65000, 5
43224, 7
32224, 6
112224, 7
74500, 6
71500, 6
71500, 6
49000, 6
44000, 5
79940, 6
48500, 5
65360, 6
59726, 7
75220, 7
86500, 6
30101, 7
71500, 6
6898, 4
97000, 6
57000, 7
72000, 7
60500, 5
33500, 5
85500, 7
52720, 7
16900, 7
58720, 7
87000, 7
93000, 7
105000, 7
67720, 7
72000, 7
58500, 7
81940, 7
70360, 7
108220, 7
107440, 7
56000, 5
67944, 7
89728, 7
100500, 7
86500, 6
45720, 5
115500, 7
36413, 6
15192, 6
153000, 7
61000, 6
54472, 8
47500, 6
24720, 5
102940, 7
77000, 5
57440, 6
68620, 7
64620, 8
79000, 6
120000, 7
82940, 6
92500, 6
56500, 6
61000, 6
87000, 7
36500, 5
52000, 6
32188, 8
58000, 6
106500, 7
72000, 7
76500, 7
76224, 7
28907, 6
70000, 6
46000, 6
64500, 7
74864, 8
46220, 6
108720, 8
85000, 6
85500, 7
94000, 6
87940, 7
38720, 6
55833, 5
59500, 6
91224, 7
90000, 7
111454, 7
94000, 6
69000, 7
61720, 7
55000, 6
37302, 6
53500, 6
65500, 6
91500, 7
32720, 6
55000, 6
94720, 7
118220, 6
90944, 8
19816, 6
129000, 7
72000, 7
63860, 6
81000, 7
85000, 6
20970, 6
58244, 8
76500, 7
92500, 6
116000, 5
83500, 6
108000, 7
76720, 7
107500, 6
86456, 8
52000, 6
45500, 5
129000, 7
66220, 7
87220, 7
61000, 6
95000, 8
90000, 7
24700, 6
56500, 6
98220, 8
51736, 6
106860, 8
104000, 8
85500, 7
65500, 6
77720, 6
81000, 7
91724, 8
55000, 6
61500, 7
39860, 6
93940, 7
72220, 7
38360, 6
81000, 7
89444, 8
56724, 7
41720, 6
75220, 7
33000, 4
94500, 7
82720, 7
85720, 7
83440, 7
80000, 5
62720, 6
102000, 7
58000, 6
50000, 5
58500, 7
75000, 7
86000, 5
57500, 5
28073, 6
91000, 6
23220, 5
65500, 6
54500, 5
141000, 7
73000, 6
123000, 7
25628, 6
85000, 6
78500, 5
91720, 7
58000, 6
90500, 8
17238, 7
64224, 7
62440, 7
81000, 7
91000, 6
74720, 6
58000, 6
81860, 6
99944, 8
93220, 7
8860, 4
26031, 5
53860, 7
47724, 7
15854, 6
70000, 6
107944, 9
30720, 5
26128, 5
74500, 6
45500, 5
60000, 7
88500, 7
58000, 6
88000, 6
30500, 5
34500, 4
52000, 6
110000, 8
73240, 7
84720, 5
82224, 7
35240, 6
47726, 7
79500, 7
82500, 7
43940, 6
86440, 7
41720, 6
49500, 7
87000, 7
79360, 7
74500, 6
81000, 7
62560, 7
84000, 7
30500, 5
50000, 5
91500, 7
37230, 7
66860, 6
4378, 7
65500, 6
67000, 6
67500, 7
79500, 7
79720, 7
79948, 7
85000, 6
52000, 6
79500, 7
81000, 7
81860, 6
62500, 6
69864, 7
78220, 7
58000, 6
66940, 7
33564, 6
58000, 6
63500, 5
36500, 5
90000, 7
31860, 5
55720, 7
107500, 6
59500, 6
59000, 5
50500, 6
55000, 6
124000, 6
37940, 6
20150, 5
27571, 7
87000, 7
148500, 7
55224, 7
52000, 6
82500, 7
67000, 6
67500, 7
65500, 6
17088, 6
54220, 7
16868, 6
59000, 5
69000, 7
80500, 6
38360, 6
111000, 7
57000, 7
80000, 8
70500, 7
117000, 7
61240, 7
19816, 6
11014, 5
53500, 6
121500, 7
67720, 7
41500, 6
69220, 7
91500, 7
54220, 7
85360, 7
108000, 7
111948, 8
61000, 6
92500, 6
81000, 7
56500, 6
46000, 6
40000, 6
48440, 6
80724, 7
82500, 7
28472, 7
60500, 5
55000, 6
82000, 6
48364, 6
72000, 7
47000, 5
21958, 5
77720, 6
22013, 5
97000, 6
86500, 6
65500, 6
17234, 6
60224, 8
62500, 6
47860, 7
49000, 6
69000, 7
68500, 6
82500, 7
49000, 6
64000, 6
92500, 6
59726, 7
100500, 7
15286, 5
44500, 6
36500, 5
7720, 4
84000, 7
64000, 6
76073, 8
56500, 6
82000, 6
28440, 5
50220, 5
75220, 7
44364, 7
47244, 7
149000, 8
38224, 6
71120, 6
62240, 6
67500, 7
83500, 6
76000, 6
77500, 6
62500, 6
80860, 7
67000, 6
56720, 6
50500, 6
109500, 7
46948, 7
76958, 7
46000, 6
26460, 6
63220, 7
60000, 7
62720, 6
63220, 7
87000, 7
61220, 6
117000, 7
32000, 5
93000, 7
76500, 7
33740, 6
84220, 7
84000, 7
75000, 7
70000, 6
49860, 5
65224, 6
117720, 8
66940, 7
135000, 7
76000, 6
81000, 7
34940, 6
47726, 7
115000, 6
92500, 6
71446, 8
199500, 7
47000, 5
82720, 7
76500, 7
51500, 5
50000, 5
68500, 6
122500, 6
73240, 7
100720, 7
26962, 5
73720, 7
87000, 7
54224, 8
85720, 7
79500, 7
79000, 6
84000, 7
92500, 6
71500, 6
39500, 5
143440, 7
80500, 6
52220, 6
67944, 7
38000, 5
53000, 5
55940, 6
21010, 6
42500, 5
80500, 6
44500, 6
60724, 6
61500, 7
112220, 6
51440, 6
153000, 7
71740, 7
85500, 7
38000, 5
76220, 6
88000, 6
67000, 6
46000, 6
69500, 5
46226, 7
82360, 7
71500, 6
30500, 5
52220, 6
74500, 6
76000, 6
66500, 5
74500, 6
76728, 8
126000, 7
79720, 7
96000, 7
59440, 7
81720, 8
79500, 7
52360, 7
115500, 7
62000, 5
53500, 6
74860, 7
68500, 6
41724, 7
78000, 7
101500, 6
57220, 7
31744, 6
73220, 6
77500, 6
73000, 6
57000, 7
50960, 7
104728, 7
86500, 6
61000, 6
60720, 5
85500, 7
108500, 8
62500, 6
92500, 6
38720, 6
50500, 6
123000, 7
90000, 7
53240, 6
57224, 8
80500, 6
21360, 5
65726, 7
70000, 6
44224, 6
111000, 7
71500, 6
88500, 7
117000, 7
87000, 7
83220, 5
52500, 4
73500, 7
47500, 6
55000, 6
70500, 7
50500, 6
45180, 5
99220, 7
111000, 7
91500, 7
71500, 6
63000, 7
55720, 7
69000, 7
59360, 6
66500, 5
41500, 6
49000, 6
36726, 6
47500, 6
22872, 6
111000, 7
38000, 5
19734, 5
12033, 5
58720, 7
47500, 6
80500, 6
66720, 8
85000, 6
44500, 6
47360, 6
53360, 6
27730, 6
104500, 6
70000, 6
94500, 7
34220, 6
41966, 6
102220, 7
25868, 6
85500, 7
61500, 7
34944, 7
96720, 8
46000, 6
62500, 6
59500, 6
56500, 6
131000, 8
90000, 7
44000, 5
46000, 6
32940, 5
121500, 7
76500, 7
41000, 5
64000, 6
70000, 6
48500, 5
74500, 6
69500, 5
135720, 8
59000, 5
58720, 7
49220, 6
70720, 7
73500, 7
44184, 7
70000, 6
7800, 7
43000, 6
100000, 6
10754, 6
64500, 7
76240, 7
66940, 7
32720, 6
61000, 6
64000, 6
68740, 7
47500, 6
84000, 7
84224, 8
68720, 6
89500, 6
73500, 7
45730, 6
53500, 6
88000, 6
37347, 7
47000, 5
43226, 7
50500, 6
55000, 6
49000, 6
81000, 7
32364, 7
97500, 7
81500, 8
107000, 8
52000, 6
47000, 5
14899, 6
50000, 5
67000, 6
96000, 7
61228, 7
55000, 6
71720, 6
54456, 7
52724, 8
45500, 5
54860, 6
86860, 7
103000, 6
52000, 6
85720, 7
142724, 8
73000, 6
87000, 7
75000, 7
40220, 6
95500, 6
33911, 6
65720, 6
69500, 5
52000, 6
61500, 7
73000, 6
41000, 5
52948, 7
72500, 5
78000, 7
58500, 7
38240, 6
47500, 6
118500, 7
94500, 7
81220, 7
62500, 6
40500, 4
15369, 5
104500, 6
113000, 8
55462, 7
50860, 7
66500, 5
112720, 7
42500, 5
47500, 6
46220, 6
75000, 7
101500, 6
87000, 7
74500, 6
64720, 7
121500, 7
80500, 6
58000, 6
79500, 7
133500, 7
88000, 6
77500, 6
112500, 7
67720, 7
76000, 6
62968, 7
99220, 7
51500, 5
52000, 6
25626, 6
55226, 7
46224, 7
112500, 7
114000, 7
204000, 7
53000, 5
114500, 8
49000, 6
92500, 6
80500, 6
97000, 6
10360, 4
50000, 5
85000, 6
102220, 7
91720, 7
48860, 6
69860, 6
82000, 6
46000, 6
18203, 6
91500, 7
67000, 6
88000, 6
107444, 8
41500, 6
56500, 6
16440, 5
59500, 6
4390, 7
70500, 7
58500, 7
48500, 5
47728, 7
50500, 6
80220, 8
144000, 7
70720, 7
36860, 6
44500, 6
27000, 4
52500, 7
68360, 6
17788, 5
60940, 7
87000, 7
88500, 7
142500, 7
67500, 7
50500, 6
123000, 7
98000, 8
20500, 3
58500, 7
67500, 7
82000, 6
79500, 7
13742, 6
49220, 6
47000, 5
76000, 6
88500, 7
99000, 7
81220, 7
100000, 6
42864, 7
92500, 6
56732, 7
41000, 5
15259, 6
63000, 7
90000, 7
34440, 5
68500, 6
74500, 6
56240, 6
47360, 6
43000, 6
23152, 6
46000, 6
100500, 7
67720, 7
21736, 7
50740, 7
30720, 5
59500, 6
55000, 6
83500, 6
64000, 6
25498, 7
64724, 8
105240, 8
67000, 6
102000, 7
44720, 6
64850, 7
37226, 7
27364, 6
114940, 7
67724, 8
90940, 7
61000, 6
55000, 6
13322, 5
49500, 4
79000, 6
67220, 6
120000, 7
55000, 6
55240, 7
4294, 6
83500, 6
64000, 6
57440, 6
9291, 5
54220, 7
29236, 6
91500, 7
85240, 7
117000, 7
70240, 7
85500, 7
53720, 6
55000, 6
59000, 5
106500, 7
88000, 6
56500, 6
53500, 6
21724, 6
77500, 6
58720, 7
48864, 7
66000, 7
41000, 5
56500, 6
134500, 6
78944, 8
84000, 7
30740, 6
109500, 7
58000, 6
91000, 6
105500, 8
33500, 5
52446, 6
65500, 6
91360, 7
56364, 7
44720, 6
35220, 5
68500, 6
82720, 7
88948, 7
42728, 6
78000, 7
49000, 6
56000, 5
85000, 6
11740, 4
41000, 5
77740, 7
94720, 7
62000, 5
105000, 7
56744, 8
62000, 5
59500, 6
126000, 7
79500, 7
59500, 6
52860, 5
53500, 6
23248, 8
56500, 6
64000, 6
88240, 7
82500, 7
80860, 7
56000, 5
43333, 5
61500, 7
115500, 7
8462, 5
19860, 5
86500, 6
69000, 7
34271, 7
110500, 6
68500, 6
69500, 8
89220, 8
67000, 6
89500, 6
112440, 8
43446, 6
102500, 8
60000, 7
54500, 5
55946, 7
67000, 6
65500, 6
64500, 7
14435, 7
65500, 6
49458, 7
79720, 7
56500, 6
70500, 7
91000, 6
64000, 6
61000, 6
87220, 7
52220, 6
52000, 6
40486, 6
46720, 7
76500, 7
52000, 6
101500, 6
69000, 7
103000, 6
28456, 6
39500, 5
69220, 7
29824, 6
158944, 9
29940, 5
51360, 5
38000, 5
84452, 7
47720, 6
74860, 7
131500, 6
50500, 6
41230, 7
99000, 7
71500, 6
58944, 7
77500, 6
79220, 6
89500, 6
46220, 6
56500, 6
58000, 6
49220, 6
148740, 8
59500, 6
92720, 6
44500, 6
58360, 7
48500, 5
64500, 7
32720, 6
54440, 6
32720, 6
45220, 7
59500, 6
62364, 7
71500, 6
53000, 5
41360, 6
46230, 8
90000, 7
47360, 6
67720, 7
64060, 7
19460, 6
42438, 8
80500, 6
111000, 7
76860, 8
81000, 7
88000, 6
84948, 8
38000, 5
68500, 6
41120, 6
62500, 6
84000, 7
55000, 6
74500, 6
64500, 7
28124, 7
53500, 6
115000, 6
68500, 6
4083, 5
147724, 9
124500, 7
24700, 6
87740, 6
62500, 6
32000, 5
56500, 6
56500, 6
90220, 7
66224, 8
33077, 6
64000, 6
18364, 6
90500, 5
88724, 8
55500, 7
56720, 6
42620, 6
71500, 6
56500, 6
65500, 6
82500, 7
15734, 7
45864, 7
58220, 6
70500, 7
64720, 7
120940, 7
73500, 7
77860, 7
53724, 7
38940, 5
77740, 7
75000, 7
56500, 6
59560, 7
89360, 6
56500, 6
102220, 7
28500, 4
94000, 6
50500, 6
20596, 7
77500, 6
64000, 6
101440, 7
90000, 7
59860, 7
58000, 6
112720, 7
61000, 6
62360, 6
67000, 6
32000, 5
114000, 7
56720, 6
59860, 7
85000, 6
76500, 7
75224, 8
60000, 7
37226, 7
33500, 5
47500, 6
62500, 6
73000, 6
56720, 6
66500, 5
42560, 6
90000, 7
78220, 7
97720, 7
90000, 7
46000, 6
75000, 7
30360, 5
102724, 9
84940, 7
71500, 6
95500, 6
97500, 7
29000, 5
70220, 6
94000, 6
61500, 7
47360, 6
19470, 7
36724, 6
117000, 7
98860, 7
82000, 6
61000, 6
77940, 8
44000, 5
49000, 6
35944, 6
58440, 5
88500, 7
81000, 7
47240, 6
75000, 7
44360, 6
55440, 5
41500, 6
113500, 6
73360, 7
49000, 6
138000, 7
61220, 6
104444, 8
39500, 5
77500, 6
32360, 6
85000, 6
108948, 8
80500, 6
79500, 7
128860, 7
53500, 6
73500, 7
39740, 6
36500, 5
49000, 6
65440, 7
60000, 7
84940, 7
84940, 7
73500, 7
80500, 6
100500, 7
65500, 6
94720, 7
90000, 7
70500, 7
50500, 6
106500, 7
103720, 7
86500, 6
68500, 6
48500, 5
67500, 7
50500, 6
49000, 6
49000, 6
100500, 7
100360, 7
87000, 7
99220, 7
87500, 8
109000, 6
39860, 6
59720, 6
126220, 7
19860, 5
74234, 6
62500, 6
105720, 8
51500, 5
80000, 5
62440, 7
70000, 6
78000, 7
73500, 7
69000, 7
93000, 7
28907, 6
44234, 6
102500, 8
75000, 7
82500, 7
48440, 6
60000, 7
53500, 6
61500, 7
58120, 7
78000, 7
64220, 6
87720, 8
12242, 5
70000, 6
10360, 4
38720, 6
48220, 7
147500, 8
76000, 6
76360, 7
71500, 6
87240, 8
43220, 6
97500, 7
53500, 6
115500, 7
54220, 7
35000, 5
24240, 5
31860, 5
91500, 7
84220, 7
64720, 7
52220, 6
55240, 7
18569, 7
53500, 6
59500, 6
33500, 5
70000, 6
90440, 6
87000, 7
67000, 6
105000, 7
23944, 6
68500, 6
99000, 7
87000, 7
84220, 7
70000, 6
87000, 7
69220, 7
70000, 6
49220, 6
75000, 7
56500, 6
65500, 6
24083, 7
73000, 6
94500, 7
24252, 6
52000, 6
50720, 6
58000, 6
56000, 5
103500, 7
71500, 6
79500, 7
56500, 6
79360, 7
49000, 6
82720, 7
94500, 7
80500, 6
64000, 6
88360, 7
44724, 7
73500, 7
70060, 7
119398, 7
52220, 6
71860, 7
54448, 7
16954, 5
38000, 5
120000, 7
99000, 7
56000, 5
87860, 6
44360, 6
106000, 6
51448, 7
64226, 7
73500, 7
71500, 6
63833, 6
58000, 6
84220, 7
54220, 7
46000, 6
84000, 7
24720, 5
120000, 7
50500, 6
68860, 7
58720, 7
58364, 8
63220, 7
29720, 6
116444, 8
88500, 7
73724, 8
55220, 6
19872, 6
55000, 6
57500, 5
76500, 7
81440, 6
55000, 6
99000, 7
71000, 5
86740, 7
79720, 7
68500, 6
44500, 6
87000, 7
45860, 6
21372, 7
46000, 6
65726, 7
17238, 7
30720, 5
8860, 4
65500, 6
56240, 6
64720, 7
113500, 6
79220, 6
57740, 6
81000, 7
61500, 7
54220, 7
77500, 6
94000, 6
71500, 6
94724, 8
108220, 7
62500, 6
43860, 5
73000, 6
60000, 7
50500, 6
38364, 7
73000, 6
94500, 7
20465, 6
117000, 7
97500, 7
70000, 6
94000, 6
64000, 6
55000, 6
54000, 7
35579, 6
18720, 5
49000, 6
11478, 6
46220, 6
13456, 5
52000, 6
46230, 7
73220, 6
73000, 6
23592, 6
70000, 6
56720, 6
76000, 6
21761, 7
107448, 8
49956, 8
88500, 7
74726, 7
52224, 7
82000, 6
7386, 6
53720, 6
110500, 6
54860, 6
44724, 7
50500, 6
66500, 5
37224, 7
93720, 8
60500, 5
73500, 7
85500, 7
87000, 7
64000, 6
23866, 6
79000, 6
85500, 7
56940, 5
84000, 7
41417, 6
56500, 6
83500, 6
84720, 8
86500, 6
87864, 7
22842, 7
56500, 6
72726, 6
44500, 6
18857, 6
107000, 8
47234, 6
130440, 8
58000, 6
22235, 6
92500, 6
39440, 6
94500, 7
147500, 8
121500, 7
97500, 7
80000, 8
70500, 7
85000, 6
50720, 6
61000, 6
51500, 5
138000, 7
75000, 7
53000, 5
17228, 6
84000, 7
156000, 7
99000, 7
75220, 7
56000, 5
50500, 6
97000, 6
29720, 6
109220, 6
44954, 6
101860, 7
88500, 7
97500, 7
68500, 6
53500, 6
73500, 7
76500, 7
58000, 6
56500, 6
89000, 8
66446, 7
58500, 7
94360, 7
46000, 6
19180, 7
83500, 6
80500, 6
52000, 6
94000, 6
121500, 7
72000, 7
48860, 6
60000, 7
62440, 7
46360, 7
81220, 7
93000, 7
68440, 7
73500, 7
49000, 6
61000, 6
79500, 7
121500, 7
149000, 8
59730, 7
10734, 5
66220, 7
58720, 7
71500, 6
53500, 6
90220, 7
77000, 5
55860, 5
133860, 8
73720, 7
80500, 6
2434, 5
44500, 6
84000, 7
34860, 5
48500, 5
48500, 5
99220, 7
111000, 7
62860, 7
69000, 7
103000, 6
58000, 6
82440, 8
72000, 7
52220, 6
159500, 8
115500, 7
114000, 7
66000, 7
91000, 6
64000, 6
48440, 6
3997, 4
73000, 6
65720, 6
53500, 6
8584, 7
71360, 6
129000, 7
78000, 7
49000, 6
44000, 5
49228, 7
61720, 7
69000, 7
59500, 6
78240, 8
85500, 7
52000, 6
53740, 7
100000, 6
70360, 7
45860, 6
74000, 5
28719, 6
81000, 7
76000, 6
84000, 7
75000, 7
85500, 7
126000, 7
9484, 7
53120, 6
52000, 6
43220, 6
56500, 6
74500, 6
60000, 7
31452, 7
20950, 6
109956, 7
63000, 7
118000, 6
30366, 6
76500, 7
50500, 6
85500, 7
98220, 8
88720, 7
54446, 7
82500, 7
43000, 6
46500, 7
39749, 6
93444, 7
88500, 7
62500, 6
91720, 7
100000, 6
102000, 7
60220, 7
73360, 7
99000, 7
53000, 5
65500, 6
54860, 6
107500, 6
44500, 6
70000, 6
38364, 7
98740, 7
41500, 6
72448, 7
102500, 8
67720, 7
63220, 7
85240, 7
39726, 6
90000, 7
32360, 6
58000, 6
105470, 7
55000, 6
133500, 7
50500, 6
106500, 7
58000, 6
34860, 5
58000, 6
129000, 7
96000, 7
27124, 6
37220, 6
117000, 7
48860, 6
108720, 8
70000, 6
99000, 7
130440, 8
30500, 5
93000, 7
61000, 6
68500, 6
92500, 6
82720, 7
64500, 7
75220, 7
115360, 7
84000, 7
99000, 7
43000, 6
52000, 6
56000, 5
133860, 8
49220, 6
59000, 5
39720, 5
141220, 7
50500, 6
62500, 6
70000, 6
26962, 5
9238, 6
59500, 6
62500, 6
79000, 6
61500, 7
76500, 7
47500, 6
75000, 7
36028, 7
69860, 6
73693, 8
25500, 4
68500, 6
53440, 7
16215, 7
44360, 6
90000, 7
58440, 5
50360, 6
64500, 7
121500, 7
55000, 6
103500, 7
79000, 6
44726, 7
73000, 6
69940, 7
50500, 6
77500, 6
72000, 7
57500, 5
50500, 6
61000, 6
79500, 7
52000, 6
61450, 6
94500, 7
115500, 7
36000, 4
10725, 5
59500, 6
98500, 6
50500, 6
80720, 6
61000, 6
31132, 5
52720, 7
100000, 6
97500, 7
52000, 6
82000, 6
65720, 6
71500, 6
50000, 5
82000, 6
76000, 6
35228, 6
82500, 7
73720, 7
53000, 5
62360, 6
76000, 6
34152, 7
61000, 6
33500, 5
38500, 6
47000, 5
94500, 7
91720, 7
58000, 6
53000, 5
111000, 7
93000, 7
16145, 5
80860, 7
55726, 8
82500, 7
79500, 7
68500, 6
39749, 6
88720, 7
38364, 7
68500, 6
108220, 7
118500, 7
122440, 7
94500, 7
46000, 6
53000, 5
90000, 7
59000, 5
50500, 6
39860, 6
34230, 7
15370, 6
97500, 7
118500, 7
54220, 7
18360, 5
101000, 8
17990, 7
43500, 4
64500, 7
12460, 6
80500, 6
100000, 6
48860, 6
140220, 8
91000, 6
88500, 7
31769, 7
72000, 7
42864, 7
49000, 6
61000, 6
64226, 7
57720, 5
21000, 4
67500, 7
22198, 6
89500, 6
63450, 7
75720, 8
50360, 6
58224, 7
44360, 6
97500, 7
71500, 6
68720, 6
46220, 6
19037, 6
68500, 6
94220, 6
90000, 7
73500, 7
64000, 6
49000, 6
43000, 6
38948, 6
99000, 7
112500, 7
55500, 7
90440, 9
72940, 7
78000, 7
47860, 7
31220, 6
40860, 5
50000, 5
70720, 7
9264, 7
49000, 6
102000, 7
68500, 6
62720, 6
49224, 7
19816, 6
59500, 6
52462, 6
83446, 8
79220, 6
105500, 8
97179, 7
83000, 8
88364, 8
45446, 7
57000, 7
1329, 5
59500, 6
93000, 7
65860, 7
54500, 5
64500, 7
61000, 6
59000, 5
2842, 6
28740, 5
56724, 7
88000, 6
46220, 6
45440, 6
20102, 6
39860, 6
38000, 5
96460, 7
57500, 5
20764, 5
107000, 8
53500, 6
76500, 7
61000, 6
13728, 5
70940, 6
85000, 6
148500, 7
56500, 6
49000, 6
52000, 6
66220, 7
105000, 7
68500, 6
30500, 5
61940, 6
47000, 5
64500, 7
56500, 6
60758, 7
76500, 7
71500, 6
52000, 6
18734, 6
74500, 6
58220, 6
106500, 7
41000, 5
63000, 7
35000, 5
46720, 7
90000, 7
73624, 6
75000, 7
88720, 7
68720, 6
93000, 7
93220, 7
88000, 6
67228, 7
67000, 6
86500, 6
41500, 6
66000, 7
106500, 7
65360, 6
59860, 7
70720, 7
74500, 6
47000, 5
61000, 6
79000, 6
81220, 7
97246, 8
48740, 6
55000, 6
75000, 7
59500, 6
68440, 7
55000, 6
73000, 6
17852, 7
58000, 6
45220, 7
42740, 6
58000, 6
40940, 6
93000, 7
50728, 7
84000, 7
98220, 8
70000, 6
58500, 7
111000, 7
85000, 6
71860, 7
124500, 7
64000, 6
102000, 7
61000, 6
64360, 7
50500, 6
50228, 6
76000, 6
135000, 7
53500, 6
42444, 7
46220, 6
91500, 7
53500, 6
61000, 6
52720, 7
38720, 6
103000, 6
68000, 5
63000, 7
82000, 6
53720, 6
125940, 8
57000, 7
29220, 5
105000, 7
63860, 6
82360, 7
77500, 6
53500, 6
43946, 7
68500, 6
79000, 6
45000, 4
43000, 6
42500, 5
64500, 7
49000, 6
65500, 6
96000, 7
33860, 6
84500, 5
52472, 7
82000, 6
49120, 7
66000, 7
64000, 6
48446, 7
50500, 6
48860, 6
59500, 6
30720, 5
65000, 5
36720, 5
69000, 7
74500, 6
88500, 7
109500, 7
108000, 7
93000, 7
59500, 6
79500, 7
74000, 5
88500, 7
56500, 6
66220, 7
66220, 7
73500, 7
49000, 6
13144, 6
70000, 6
55220, 6
94720, 7
92720, 6
70220, 6
74720, 6
57440, 6
82000, 6
86440, 7
108000, 7
59500, 6
18234, 5
75000, 7
67500, 7
101500, 6
63500, 5
79500, 7
61000, 6
76240, 7
74500, 6
85000, 6
49000, 6
47500, 6
77500, 6
117000, 7
55724, 8
72000, 7
99220, 7
87000, 7
67720, 7
93000, 7
70500, 7
10720, 4
74500, 6
139500, 7
108000, 7
58000, 6
108000, 7
93500, 8
75000, 7
39860, 6
58220, 6
75000, 7
69864, 7
64000, 6
57866, 7
46000, 6
106720, 7
96220, 7
61000, 6
61000, 6
44000, 5
114000, 7
63220, 7
13370, 5
102000, 7
71500, 6
59368, 7
53500, 6
39500, 5
33962, 7
78000, 7
32000, 5
65860, 7
44000, 5
59500, 6
106500, 7
67500, 7
33620, 6
81000, 7
107220, 8
49000, 6
9994, 6
89736, 8
67000, 6
117500, 8
96000, 7
76360, 7
53500, 6
76000, 6
55720, 7
106500, 7
39500, 5
35720, 6
79000, 6
115500, 7
108000, 7
72500, 5
33132, 6
16366, 5
72000, 7
58940, 6
70000, 6
62500, 6
112720, 7
68440, 7
53500, 6
57220, 7
12922, 5
79000, 6
50500, 6
56500, 6
93720, 8
85500, 7
97500, 7
99000, 7
109360, 7
57720, 5
50500, 6
60000, 7
61944, 7
149000, 8
38720, 6
71000, 5
75220, 7
53500, 6
85500, 7
67720, 7
67500, 7
83730, 7
49000, 6
76500, 7
74500, 6
68500, 6
73000, 6
30000, 4
79500, 7
76000, 6
24737, 6
115000, 6
70500, 7
108000, 7
41720, 6
70000, 6
79360, 7
48220, 7
58224, 7
108000, 7
65500, 6
66940, 7
55720, 7
105720, 8
46000, 6
15748, 7
76500, 7
85500, 7
73240, 7
16208, 6
53740, 7
93220, 7
78000, 7
82500, 7
59360, 6
69000, 7
74500, 6
47500, 6
143940, 8
17248, 7
35000, 5
96000, 7
52000, 6
63220, 7
111500, 8
70500, 7
56726, 7
99000, 7
100500, 7
75000, 7
63000, 7
64000, 6
67000, 6
28446, 6
58000, 6
81220, 7
58000, 6
52000, 6
82946, 7
92220, 8
70000, 6
68500, 6
37119, 7
97500, 7
43458, 6
45864, 7
50240, 6
62360, 6
111720, 8
51440, 6
76500, 7
77000, 8
80500, 6
55000, 6
81000, 7
56500, 6
54000, 7
