Evaluations, Played
54750, 7
18490, 6
41750, 6
39750, 7
47250, 7
40698, 7
66864, 8
54250, 8
4584, 4
10616, 5
6524, 6
23470, 6
18720, 5
41750, 6
32750, 6
30984, 7
23970, 5
17352, 6
60250, 8
19110, 5
22250, 6
41000, 6
44750, 6
42500, 6
32480, 7
25360, 6
38474, 7
27500, 6
18230, 7
23866, 7
18870, 5
44500, 8
51000, 7
29000, 6
23000, 6
17500, 5
31490, 7
30190, 6
39000, 7
43500, 7
22250, 6
45470, 7
42860, 7
22750, 5
39750, 7
40500, 7
33440, 7
26470, 6
16500, 4
20220, 5
24970, 6
63000, 7
29750, 6
408, 3
39444, 8
41500, 5
23110, 6
10110, 5
21250, 5
46250, 6
62694, 8
32250, 7
33110, 7
33000, 4
27624, 8
27500, 6
26000, 6
64500, 7
39500, 6
43500, 7
31500, 7
52974, 8
60740, 7
39360, 8
74500, 8
43444, 9
40500, 7
27500, 6
20500, 5
28250, 6
57250, 8
59250, 7
36500, 6
17190, 5
50250, 7
41970, 8
34250, 6
19000, 5
22750, 5
35250, 7
77000, 9
35500, 5
38720, 7
8970, 5
27220, 6
38250, 7
44250, 7
16110, 5
39500, 6
26360, 7
33750, 7
35250, 7
41000, 6
28974, 8
45470, 7
24694, 6
41000, 6
25610, 7
25000, 5
51000, 7
32940, 8
38244, 8
27614, 7
13470, 5
59250, 7
44220, 8
26000, 6
20250, 4
36000, 7
29750, 6
65250, 7
33000, 7
15250, 5
32000, 6
33500, 6
56250, 7
38250, 7
30500, 6
5032, 6
29750, 6
29240, 7
41250, 7
33000, 7
16000, 5
29000, 6
25360, 6
18257, 6
37500, 7
22360, 6
33500, 6
49860, 8
42440, 7
29500, 5
33500, 6
33000, 7
23860, 6
25000, 5
72750, 7
42500, 6
39500, 6
46190, 7
32970, 8
22750, 5
40940, 7
39500, 6
23220, 5
43500, 7
17228, 6
45750, 7
41720, 7
46610, 7
25250, 6
63750, 7
27250, 5
27974, 7
28696, 7
38750, 6
53250, 7
9258, 6
71500, 8
43500, 7
10725, 5
40500, 7
29000, 6
25728, 7
27250, 5
40250, 6
21220, 6
27500, 6
23500, 5
32750, 6
132750, 6
38000, 6
17478, 7
53500, 8
37500, 7
34250, 6
70750, 8
21970, 6
41250, 7
22250, 6
28720, 6
25666, 6
57750, 7
47500, 8
23864, 7
4248, 6
29720, 7
32500, 5
76500, 7
35750, 6
29720, 7
43220, 7
37500, 7
19750, 5
28220, 7
13200, 6
44750, 6
33470, 7
32750, 6
24610, 6
22734, 7
42740, 7
31250, 6
5983, 5
45444, 8
57000, 7
21976, 7
41250, 7
31250, 6
11560, 6
28364, 7
70500, 7
41250, 7
32250, 7
22720, 6
37250, 6
30500, 6
17970, 5
29470, 6
42000, 7
30000, 7
34970, 7
20220, 5
30500, 6
35000, 6
40250, 6
45750, 7
36750, 7
62720, 7
45000, 7
32360, 7
69000, 7
32470, 6
53610, 8
8052, 6
53250, 7
50250, 7
13560, 7
25250, 6
40250, 6
35000, 6
42476, 8
41250, 7
26500, 5
20000, 6
20500, 5
1792, 4
45750, 7
38250, 7
27750, 7
35250, 7
32750, 6
35750, 6
58190, 7
34494, 8
38120, 7
48000, 7
37250, 6
13500, 4
6504, 7
20860, 6
30500, 6
54720, 8
21940, 6
35750, 6
29470, 6
23474, 7
48360, 8
39440, 7
30500, 6
40500, 7
22750, 5
34500, 7
27500, 6
31610, 7
48000, 7
43940, 7
33454, 9
23500, 5
11232, 6
43500, 7
25750, 5
38000, 6
10124, 6
35750, 6
41250, 7
45500, 6
27440, 7
25488, 6
22470, 5
42000, 7
33224, 7
42000, 7
27470, 7
30500, 6
26448, 7
48720, 8
25244, 7
32250, 7
35240, 7
31250, 6
27500, 6
29720, 7
65500, 8
30470, 7
26500, 5
61500, 7
21980, 7
54750, 7
50720, 7
45500, 6
18240, 8
22360, 6
32000, 6
26000, 6
28190, 7
33500, 6
41060, 7
57750, 7
45740, 7
41750, 6
10488, 7
24250, 5
27946, 7
23220, 5
48750, 7
45750, 7
36220, 6
41250, 7
26000, 6
39000, 7
44750, 6
24500, 6
518, 4
28250, 6
23000, 6
40250, 6
40250, 6
9754, 8
46470, 8
27500, 6
30750, 7
7240, 6
55500, 7
32750, 6
26750, 6
40720, 6
43500, 7
34250, 6
40250, 6
44250, 7
62250, 7
33500, 6
39000, 7
28940, 7
32000, 6
21250, 5
54750, 7
17970, 5
22750, 5
25698, 7
15905, 6
43500, 7
23864, 7
31500, 7
31250, 6
33750, 7
47720, 7
24250, 5
34370, 7
36000, 7
24843, 7
26750, 6
38000, 6
50250, 7
42740, 7
19750, 5
33000, 7
26750, 6
27974, 7
21250, 5
21983, 7
25970, 7
49190, 7
15220, 6
48750, 7
30940, 6
36500, 6
36750, 7
48500, 6
28500, 7
18250, 5
39500, 6
39500, 6
35724, 8
54250, 8
54250, 5
16500, 4
37250, 6
32956, 6
29500, 5
44000, 6
52500, 7
29000, 6
53720, 7
52500, 7
31220, 7
44250, 7
66440, 7
53250, 7
60250, 8
24982, 7
33234, 8
37970, 7
28500, 7
16360, 6
35250, 7
17470, 6
35720, 7
24220, 6
36500, 6
54000, 7
37500, 7
43250, 6
41720, 7
43500, 7
34440, 6
40500, 7
25000, 5
19360, 6
22220, 7
66000, 7
56478, 7
22696, 7
37250, 6
34250, 6
30220, 6
60500, 6
28250, 6
46250, 6
56250, 7
26000, 6
23000, 6
37610, 7
41250, 7
55750, 8
30500, 6
22250, 6
38250, 7
45500, 6
7970, 4
42360, 8
31240, 6
50864, 7
52500, 7
27500, 6
11970, 5
41720, 7
28750, 5
47250, 7
34500, 7
11230, 7
34970, 7
40000, 5
42500, 6
34490, 7
9726, 5
31940, 7
38750, 6
45470, 7
42000, 7
40220, 7
46750, 8
30000, 7
33000, 7
35750, 6
36750, 7
28000, 5
56250, 7
36750, 7
44190, 8
33500, 6
25250, 6
60750, 7
27980, 7
38250, 7
34250, 6
504, 5
3109, 5
47250, 7
70250, 6
42750, 7
27610, 6
36500, 6
26250, 7
40250, 6
25724, 7
60750, 7
15702, 6
41360, 7
10498, 8
31832, 6
34610, 7
68250, 7
38250, 7
21970, 6
42470, 7
12645, 5
37970, 7
57470, 7
36940, 6
39500, 6
37860, 8
56250, 7
19720, 6
43500, 7
25724, 7
42500, 6
51000, 7
34750, 8
26720, 7
34220, 7
21970, 6
49440, 8
17720, 4
25368, 7
36440, 7
32750, 6
22726, 7
38750, 6
39110, 7
37250, 6
44250, 7
45000, 7
66470, 7
51750, 7
39250, 8
44250, 7
21432, 6
25000, 5
39470, 7
47000, 6
34750, 5
28250, 6
67500, 7
41120, 7
33500, 6
60440, 7
29000, 6
34250, 6
9702, 6
27750, 7
27750, 7
37220, 7
32000, 6
50750, 6
8634, 7
30500, 6
43500, 7
29000, 6
33946, 7
26720, 7
500, 5
59000, 6
25250, 6
39750, 7
39500, 6
60750, 7
16440, 5
18970, 6
23346, 7
39000, 7
22360, 6
33750, 7
7256, 6
17220, 5
40500, 7
40250, 6
24500, 6
33250, 5
35720, 7
44720, 7
6522, 6
37250, 6
25750, 5
8616, 6
33750, 7
42750, 7
33500, 6
31720, 6
47750, 6
11949, 6
60750, 7
33200, 7
23974, 6
16750, 5
27970, 6
61500, 7
31194, 8
37220, 7
49190, 7
76190, 7
13750, 5
35750, 6
32250, 7
34500, 7
34500, 7
39500, 6
36740, 7
23476, 7
34220, 7
34250, 6
10474, 6
36750, 7
43220, 7
38000, 6
10890, 7
32500, 5
28000, 5
53250, 7
31250, 6
28120, 6
31250, 6
40970, 7
16000, 5
42500, 6
10880, 6
32000, 6
33000, 7
46000, 8
25750, 5
39000, 7
27230, 7
11628, 6
29500, 5
30610, 6
22250, 6
68250, 7
40500, 7
30500, 6
52500, 7
64190, 7
30470, 7
52440, 8
16870, 6
29750, 6
11786, 7
35250, 7
8610, 5
25720, 6
34250, 6
19728, 7
47720, 7
35250, 7
25250, 6
42750, 7
35000, 6
36750, 7
50250, 7
30750, 7
21616, 7
41724, 8
47220, 8
43500, 7
27500, 6
33970, 6
66250, 8
33500, 6
36750, 7
22470, 5
25724, 7
15970, 6
42750, 7
44000, 6
32750, 6
29750, 6
40974, 8
18250, 5
36750, 7
25250, 6
39224, 7
52940, 7
27860, 7
29000, 6
16728, 7
39500, 6
35000, 6
36500, 6
39110, 7
43470, 8
26750, 6
8692, 7
54990, 8
28250, 6
33500, 6
43000, 8
31250, 6
27500, 6
29454, 7
48750, 7
16860, 5
37970, 7
30500, 6
37974, 8
27228, 7
29250, 7
33000, 7
15250, 5
8835, 6
21970, 6
34470, 8
51250, 8
36500, 6
20860, 6
5387, 7
29470, 6
57750, 7
26000, 6
35000, 6
19220, 4
7250, 3
35000, 6
26000, 6
54500, 6
34870, 6
29720, 7
17940, 5
35690, 7
42000, 7
55000, 8
31500, 7
34698, 7
43190, 7
27000, 4
31250, 6
39860, 7
42500, 6
25730, 8
22870, 6
33000, 7
33500, 6
36720, 8
48000, 7
31250, 6
39860, 7
52500, 7
46500, 7
26470, 6
30110, 7
54000, 7
24250, 5
38750, 6
22280, 7
35000, 6
52500, 7
50470, 6
45470, 7
53690, 7
28000, 5
56470, 9
39750, 7
30500, 6
23000, 6
33946, 7
42500, 6
45690, 8
45750, 7
44000, 6
9020, 7
44000, 6
26750, 6
45750, 7
23500, 5
54250, 8
16360, 6
33000, 7
24250, 5
30250, 5
22470, 5
16536, 6
30500, 6
29000, 6
28750, 5
29470, 6
35750, 6
51750, 7
31970, 7
29720, 7
58940, 7
23860, 6
10826, 6
50250, 7
23970, 5
59440, 6
39620, 7
51000, 7
40500, 7
21250, 5
27500, 6
11978, 6
61500, 7
26000, 6
34970, 7
39500, 6
35250, 7
12364, 6
38000, 6
10503, 6
79000, 8
18694, 6
36751, 7
46250, 6
46500, 7
23750, 6
27250, 5
44250, 7
48750, 7
29000, 6
52000, 8
30220, 6
22720, 6
11811, 5
26864, 7
18250, 5
84000, 7
34250, 6
33220, 6
22720, 6
63720, 8
30500, 6
46447, 7
355750, 7
45000, 7
33500, 6
26124, 8
32360, 7
31610, 7
35120, 7
24500, 6
38000, 6
33500, 6
35750, 6
44250, 7
33500, 6
64000, 8
45470, 7
29500, 5
34970, 7
7250, 3
34250, 6
23750, 6
27470, 7
37250, 6
13000, 5
51860, 7
33190, 6
39500, 6
32000, 6
44250, 7
35720, 7
28750, 5
26750, 6
27470, 7
21610, 6
35470, 6
8984, 6
9746, 7
48000, 7
30226, 7
37500, 7
29000, 6
18190, 6
26000, 6
42750, 7
29250, 7
32500, 5
47000, 6
31250, 6
31250, 6
29750, 6
48610, 6
49440, 8
72000, 7
43974, 8
33970, 6
19470, 5
28750, 5
38750, 6
20610, 5
73750, 8
36500, 6
61978, 8
36500, 6
24500, 6
31500, 7
76750, 8
26750, 6
39110, 7
62250, 7
45860, 7
15360, 5
39470, 7
28250, 6
29000, 6
30110, 7
44940, 8
33000, 7
23000, 6
7490, 6
37250, 6
26470, 6
32250, 7
44360, 7
38250, 7
30720, 5
41220, 8
32250, 7
44220, 8
42950, 7
48000, 7
36448, 8
48750, 7
40500, 7
29500, 5
43500, 7
9368, 6
23560, 6
43500, 7
23000, 6
29750, 6
43250, 6
21220, 6
39000, 7
60500, 6
36500, 6
35690, 7
24250, 5
41750, 6
48750, 7
44690, 7
24500, 6
20470, 6
13860, 5
16895, 7
55500, 7
23750, 6
29750, 6
65250, 7
40250, 6
26440, 6
30970, 6
24250, 5
40000, 8
23474, 7
30720, 8
47250, 7
26750, 6
34250, 6
35750, 6
35690, 7
12228, 5
51000, 7
28694, 7
26000, 6
42000, 7
13116, 6
7246, 6
48750, 7
32000, 6
27500, 6
12364, 6
57500, 6
44250, 7
58750, 8
45500, 6
32750, 6
50250, 7
28470, 5
43500, 7
37750, 5
43470, 8
56250, 7
28000, 5
50250, 7
33500, 6
8982, 6
48500, 6
31500, 7
28750, 5
32450, 7
33500, 6
4220, 4
21940, 6
26720, 7
49500, 7
32000, 6
71970, 8
21970, 6
28250, 6
48250, 8
33750, 7
22000, 5
25250, 6
30500, 6
26500, 5
20500, 5
34220, 7
41000, 6
41750, 6
44000, 6
18750, 4
58220, 7
60720, 8
26500, 5
26752, 7
34500, 7
31500, 7
24366, 6
33944, 7
33000, 7
27474, 8
46500, 7
36000, 7
22250, 6
24974, 7
15147, 5
26970, 5
39750, 7
38970, 8
42000, 7
41250, 7
34970, 7
43940, 7
23478, 7
33000, 7
37228, 8
34250, 6
57000, 7
29000, 6
36250, 8
26750, 6
31190, 7
29000, 6
47250, 7
42220, 6
43250, 6
40970, 7
14944, 6
29250, 7
28720, 6
2550, 5
35474, 7
36500, 6
30500, 6
19720, 6
6620, 4
26720, 7
39750, 7
30470, 7
35000, 6
20740, 6
19720, 6
29750, 6
28726, 7
21224, 7
42740, 7
21250, 5
13500, 4
52110, 8
43948, 8
45750, 7
42250, 5
20500, 5
36750, 7
27500, 6
50220, 8
54500, 6
55500, 7
41000, 6
54000, 7
25250, 6
24616, 7
29110, 6
33750, 7
34250, 6
44250, 7
51000, 7
9429, 6
44250, 7
42000, 7
50500, 8
61500, 7
29750, 6
7500, 4
11916, 5
13462, 6
31500, 7
48250, 5
13220, 4
64500, 7
27114, 8
28720, 6
37250, 6
3286, 6
26750, 6
18220, 6
44690, 7
39750, 7
39500, 6
41690, 7
53250, 7
26750, 6
32720, 7
62250, 7
30000, 7
35250, 7
42616, 7
36000, 7
41250, 7
46220, 7
44110, 6
54690, 8
35750, 6
48750, 7
26750, 6
29750, 6
41750, 6
48750, 7
34250, 6
8996, 7
40690, 6
38750, 6
25694, 7
28750, 5
44250, 7
33500, 6
18250, 5
73000, 8
56250, 7
39750, 7
20740, 6
18759, 7
36750, 7
35870, 7
28000, 5
26750, 6
29750, 6
35750, 6
52614, 8
33500, 6
41720, 7
9748, 7
33000, 7
42750, 7
18118, 7
60000, 7
37250, 6
28476, 6
39750, 7
25250, 6
42000, 7
36720, 8
66250, 8
36000, 7
33750, 7
41750, 6
41000, 6
59220, 8
44250, 7
26000, 6
27500, 6
32750, 6
46500, 7
26000, 6
33500, 6
42000, 7
17370, 6
6752, 6
28220, 7
33000, 7
36000, 7
30500, 6
41000, 6
31226, 8
50500, 8
28517, 6
30940, 6
33974, 7
31250, 6
93250, 8
34250, 6
47750, 6
34490, 7
48860, 7
37946, 8
27110, 7
100500, 7
59250, 7
15981, 5
61500, 7
48470, 7
34750, 5
38000, 6
18190, 6
23860, 6
32750, 6
43500, 7
41990, 7
24976, 7
53250, 7
35000, 6
32000, 6
26990, 7
36114, 8
7915, 6
41250, 7
30000, 7
36000, 7
35750, 6
31250, 6
38000, 6
43250, 6
43000, 8
55500, 7
38500, 5
39500, 6
50250, 7
36500, 6
17658, 7
39500, 6
41250, 7
47250, 7
47250, 7
16119, 6
38720, 7
34220, 7
29720, 7
24190, 6
29750, 6
33750, 7
8970, 5
36750, 7
65250, 7
40750, 8
37970, 7
36000, 7
43250, 6
38500, 8
26482, 7
34250, 6
47250, 7
36500, 6
35720, 7
26750, 6
16750, 5
21610, 6
34250, 6
38720, 7
18000, 4
26500, 5
20750, 6
62690, 7
31490, 7
9720, 5
38940, 5
57000, 7
46500, 7
48250, 8
42250, 8
24190, 6
63000, 7
30860, 7
43500, 7
9068, 7
45000, 7
45250, 8
26750, 6
25724, 7
23720, 7
11222, 6
43000, 8
38250, 7
19750, 5
60000, 7
57690, 8
45750, 7
55000, 8
25250, 6
15250, 5
10110, 5
55970, 7
29250, 7
48750, 7
29750, 6
55970, 7
19360, 6
27950, 7
30720, 8
40224, 8
35750, 6
31250, 6
57750, 7
32750, 6
39000, 7
29000, 6
26750, 6
29000, 6
34970, 7
23750, 6
54750, 7
26000, 6
25724, 7
41000, 6
23000, 6
3556, 6
31724, 7
33500, 6
35750, 6
42110, 7
30500, 6
30500, 6
56250, 7
36500, 6
49500, 7
70000, 8
23110, 6
27490, 6
46500, 7
32000, 6
41250, 7
55250, 6
37750, 5
39500, 6
51750, 7
4284, 7
28000, 5
17500, 5
32750, 6
27250, 5
33000, 7
35720, 7
42750, 7
53000, 6
47750, 6
56250, 7
37250, 6
26750, 6
26750, 6
71250, 7
49500, 7
45750, 7
50750, 6
21970, 6
51750, 7
39750, 7
31250, 6
29250, 7
19476, 6
65250, 7
33500, 6
25224, 8
63750, 7
49250, 6
26750, 6
20226, 6
28250, 6
24696, 6
34250, 6
32750, 6
49250, 6
41694, 8
52470, 8
1925, 5
37250, 6
42000, 7
28704, 8
48000, 7
47720, 7
30750, 7
9447, 6
44250, 7
21220, 6
37940, 7
65250, 7
21724, 6
9000, 8
17500, 5
35750, 6
25720, 6
59470, 9
32000, 6
11394, 5
41720, 7
52500, 7
21974, 7
34250, 6
44500, 8
34750, 8
22750, 5
30000, 7
34500, 7
39750, 7
35250, 7
40940, 7
15285, 6
28970, 7
35250, 7
28250, 6
44250, 7
61000, 8
38750, 6
27500, 6
43500, 7
42000, 7
49500, 7
39110, 7
42228, 7
17500, 5
21974, 7
40500, 7
28000, 5
41454, 8
51250, 8
29250, 7
46500, 7
42750, 7
21250, 5
31500, 7
45000, 7
55750, 8
29750, 6
29000, 6
17250, 4
48980, 8
25250, 6
43250, 6
36750, 7
29000, 6
35000, 6
45750, 7
36000, 7
35000, 6
16000, 5
45000, 7
35620, 6
35750, 6
27500, 6
38720, 7
52370, 7
10503, 6
23990, 7
10557, 5
33250, 5
47750, 6
39000, 7
21250, 5
30000, 7
27370, 6
22720, 6
47250, 7
36000, 7
29750, 6
41500, 8
40970, 7
39500, 6
35000, 6
55500, 7
31970, 7
45500, 6
43490, 7
70000, 8
41000, 6
45000, 7
52250, 6
13500, 4
45360, 8
44250, 7
22690, 6
27500, 6
34000, 8
53750, 6
37120, 6
30000, 7
18194, 7
33750, 7
38250, 7
38250, 7
21224, 7
19000, 5
29440, 6
33500, 6
65220, 8
32000, 6
31250, 6
68970, 8
15614, 7
45000, 7
24194, 7
22250, 6
22490, 7
39114, 8
27500, 6
46500, 7
58500, 7
9429, 6
29500, 5
20114, 7
45000, 7
33500, 6
42470, 7
27940, 6
38000, 6
36500, 6
19750, 5
33946, 7
66000, 7
81750, 7
50250, 7
14244, 7
33190, 6
44750, 6
45000, 7
54500, 9
54000, 7
32000, 6
54750, 7
26476, 7
25000, 5
19000, 5
31250, 6
47250, 7
36500, 6
26500, 5
2721, 4
51750, 7
28750, 5
47000, 6
21610, 6
26864, 7
16713, 7
21500, 6
40860, 8
32000, 6
32750, 6
28220, 7
75500, 6
29000, 6
35690, 7
42000, 7
51750, 7
55190, 7
46250, 6
11758, 7
20740, 6
32000, 6
37250, 6
18228, 7
39690, 8
39000, 7
38000, 6
39940, 6
5038, 6
24500, 6
51000, 7
43970, 7
53750, 6
42000, 7
49500, 7
33750, 7
23500, 5
41240, 7
50220, 8
34220, 7
62250, 7
22744, 6
24500, 6
25364, 7
38000, 6
43190, 7
33000, 7
26000, 6
18370, 6
40750, 5
23280, 5
55500, 7
32250, 7
24500, 6
36110, 7
43250, 6
55610, 7
29000, 6
39000, 7
49500, 7
32000, 6
32250, 7
20470, 6
33740, 7
16110, 5
39000, 7
29000, 6
17500, 5
45000, 7
18759, 7
36500, 6
27500, 6
26470, 6
41750, 6
29000, 6
41000, 6
23750, 6
28220, 7
17500, 5
28000, 5
49500, 7
49698, 7
42750, 7
55500, 7
44220, 8
15228, 7
9740, 6
35750, 6
35000, 6
14744, 6
34250, 6
45720, 8
26860, 6
42500, 6
42000, 7
45000, 7
19000, 5
3888, 6
30500, 6
40500, 7
39500, 6
50220, 8
10492, 7
54750, 7
68250, 7
31250, 6
13005, 6
29750, 6
21250, 5
26990, 7
22000, 5
7747, 6
20490, 5
21250, 5
30970, 6
18147, 7
41360, 7
34250, 6
61500, 7
27970, 6
36490, 6
10114, 6
18940, 6
29860, 6
64750, 8
38000, 6
24500, 6
61220, 7
26000, 6
38000, 6
33500, 6
32860, 6
40500, 7
38250, 7
57000, 7
33740, 7
32750, 6
37720, 6
42000, 7
56940, 8
49750, 8
40250, 6
62500, 8
18610, 6
29750, 6
5032, 7
27500, 6
22490, 7
29000, 6
28610, 7
27500, 6
29462, 8
35000, 6
30500, 6
29250, 7
41250, 7
21970, 6
27250, 5
48000, 7
42500, 6
44000, 6
38250, 7
32750, 6
48194, 7
18190, 6
39750, 7
28750, 5
38220, 8
23626, 7
57360, 8
30116, 8
22484, 6
25250, 6
43190, 7
18120, 5
47250, 7
31970, 7
43500, 7
27500, 6
52500, 7
31250, 6
53250, 7
30750, 7
32750, 6
13896, 5
5124, 6
42250, 5
56250, 7
35000, 6
41250, 7
54500, 6
49970, 7
35720, 7
26000, 6
13860, 5
23720, 7
35500, 5
56750, 6
20000, 6
20750, 6
30190, 6
5022, 6
19742, 7
32000, 6
32750, 6
27500, 6
14250, 4
34224, 8
29000, 6
30474, 8
23000, 6
42750, 7
4167, 4
28360, 6
22750, 5
22240, 6
32476, 7
37750, 5
35000, 6
23750, 6
11610, 5
29000, 6
40940, 7
31220, 7
57250, 8
45720, 8
25250, 6
26720, 7
26750, 6
24224, 7
36500, 6
22114, 6
30500, 6
22860, 5
21500, 6
6781, 6
16500, 4
3278, 5
24970, 6
34250, 6
59250, 7
15720, 5
50696, 8
60226, 7
29990, 7
35120, 7
22000, 5
29470, 6
34728, 7
17940, 5
34500, 7
28250, 6
37224, 8
45000, 7
66240, 8
31720, 6
37750, 5
48750, 7
32250, 7
16815, 5
24610, 6
33500, 6
1780, 5
35750, 6
61000, 8
42750, 7
39750, 7
23470, 6
30750, 7
38990, 7
20694, 5
57440, 7
37000, 8
38110, 6
36750, 7
59970, 8
58500, 7
47250, 7
26000, 6
45860, 7
23500, 5
33440, 7
83500, 8
32750, 6
44250, 7
26720, 7
33750, 7
12726, 6
45940, 6
42110, 7
29750, 6
35250, 7
32000, 6
30750, 7
32000, 6
22740, 5
29000, 6
13896, 5
42474, 8
19750, 5
49500, 7
34750, 5
53190, 8
20110, 6
13182, 6
23500, 5
49440, 8
28250, 6
55000, 8
16860, 5
34500, 7
46220, 7
21984, 7
40500, 7
32750, 6
26620, 6
27964, 8
32000, 6
45500, 6
45000, 7
64220, 7
31250, 6
8892, 5
40720, 6
37250, 6
44000, 6
60500, 6
42000, 7
52500, 7
32860, 6
32750, 6
40500, 7
38000, 6
27500, 6
29000, 6
48750, 7
33500, 6
36000, 7
33000, 7
44190, 8
25110, 5
9364, 6
24610, 6
5778, 5
25750, 5
42000, 7
36750, 7
29000, 6
46220, 7
66720, 8
29750, 6
21000, 4
29000, 6
50000, 6
25750, 5
18750, 4
38000, 6
36500, 6
38000, 6
51110, 7
46194, 8
27226, 7
51000, 7
29250, 7
27500, 6
19750, 5
32750, 6
27500, 6
12730, 6
15250, 5
34250, 6
43500, 7
27250, 5
41750, 6
23750, 6
32000, 6
37220, 7
35750, 6
57000, 7
24702, 6
48470, 7
55000, 8
9754, 5
35000, 6
33500, 6
31190, 7
22128, 7
34250, 6
3358, 7
21248, 8
66000, 7
26750, 6
28500, 7
26000, 6
36250, 5
25250, 6
22690, 6
14199, 6
39000, 7
11157, 6
8978, 6
27470, 7
32970, 8
22000, 5
59720, 7
32000, 6
47690, 7
18734, 7
50750, 6
61000, 8
16974, 5
53360, 7
35750, 6
40500, 7
43500, 7
20750, 6
38000, 6
37470, 8
22240, 6
10512, 7
53000, 6
32750, 6
31250, 6
15628, 6
41110, 6
45750, 7
33250, 5
39470, 7
127750, 7
41000, 6
42740, 7
25250, 6
48000, 7
28220, 7
37250, 6
37940, 7
23360, 7
18974, 7
54446, 8
21976, 7
34250, 6
18250, 5
66690, 8
36310, 6
24610, 6
37250, 6
29750, 6
42750, 7
37250, 6
25250, 6
52860, 8
16482, 6
42720, 8
17478, 7
9716, 5
45500, 6
7956, 5
42000, 7
57250, 8
20950, 7
34250, 6
57000, 7
45750, 7
43500, 7
2220, 5
22750, 5
37370, 7
18614, 7
47500, 8
55224, 8
23000, 6
40250, 6
10116, 6
44250, 7
43750, 8
42000, 7
45470, 7
29250, 7
28250, 6
29750, 6
39750, 7
27500, 6
26000, 6
10990, 5
21690, 5
32750, 6
25702, 7
38250, 7
41250, 7
26470, 6
42970, 6
34940, 7
42470, 7
29750, 6
39750, 7
14740, 6
44860, 6
40500, 7
40970, 7
35720, 7
51750, 7
38250, 7
26360, 7
36474, 8
47690, 7
47244, 8
24250, 5
11394, 5
11966, 6
18759, 7
40500, 7
44750, 6
9896, 6
34220, 7
28750, 5
29000, 6
18610, 6
31250, 6
33940, 6
62500, 8
35250, 7
36110, 7
26000, 6
21622, 8
17114, 7
23720, 7
40730, 8
51000, 7
34500, 7
40970, 7
27220, 6
41750, 6
46500, 7
14430, 5
52500, 7
36000, 7
30470, 7
50220, 8
31250, 6
52500, 7
56250, 7
38250, 7
28250, 6
8622, 6
25000, 5
60750, 7
41000, 6
37250, 6
32470, 6
41720, 7
44690, 7
46220, 7
25732, 8
14220, 5
21220, 6
48000, 7
34250, 6
78750, 7
75250, 8
25250, 6
41750, 6
44250, 7
26000, 6
32720, 7
30470, 7
14250, 4
76440, 8
21500, 6
45250, 8
24206, 7
29720, 7
30750, 7
56250, 7
81750, 7
21226, 7
29750, 6
39750, 7
27500, 6
52860, 8
33750, 7
27250, 5
42750, 7
25750, 5
40582, 7
35250, 7
43500, 7
14042, 7
23000, 6
40000, 8
30000, 7
22750, 5
48750, 7
18250, 5
60470, 7
60500, 6
29750, 6
30220, 6
58500, 7
35720, 7
63250, 8
36000, 7
14543, 6
47750, 6
36500, 6
38500, 8
41750, 6
38000, 6
25250, 6
4958, 6
26000, 6
21726, 6
26000, 6
54000, 7
8240, 6
16063, 6
32000, 6
37250, 6
33500, 6
27948, 7
33500, 6
15285, 6
11976, 6
36500, 6
32448, 7
31940, 7
47364, 8
51500, 6
30500, 6
21940, 6
37250, 6
22750, 5
31500, 7
22690, 6
61470, 8
58500, 7
41250, 7
58944, 8
30500, 6
63750, 7
28250, 6
22690, 6
17500, 5
26750, 6
23750, 6
25220, 7
38000, 6
36750, 7
3892, 6
52500, 7
22114, 6
32110, 6
28250, 6
31190, 7
24610, 6
30500, 6
23000, 6
38000, 6
30440, 7
39500, 6
28690, 6
57860, 7
39610, 6
47250, 7
67860, 8
38240, 7
59500, 8
4332, 7
39000, 7
23740, 6
40500, 7
23500, 5
40250, 6
32240, 7
49500, 7
29470, 6
29750, 6
16994, 7
12360, 5
43250, 6
59440, 9
43940, 7
27500, 6
51000, 7
26750, 6
27250, 5
31250, 6
22750, 5
53940, 8
38724, 8
32000, 6
42000, 7
26720, 7
56250, 7
21224, 7
52500, 7
25220, 7
53250, 7
12698, 6
24940, 6
43500, 7
33940, 6
29250, 7
10860, 5
19180, 6
30470, 7
29000, 6
37700, 7
23250, 4
18190, 6
23750, 6
41750, 6
39750, 7
11949, 6
44498, 7
38000, 6
53750, 6
35250, 7
37250, 6
22000, 5
48000, 7
43500, 7
29750, 6
50720, 7
35000, 6
22726, 7
46970, 7
32360, 7
34250, 6
25250, 6
22000, 5
44244, 8
32720, 7
43190, 7
38750, 6
35250, 7
89000, 6
38000, 6
43500, 7
42500, 6
16000, 5
48200, 7
34500, 7
63000, 7
38500, 8
32610, 8
37220, 7
10482, 6
32250, 7
40500, 7
30500, 6
36940, 6
16724, 7
23500, 5
48000, 7
36500, 6
13000, 5
26750, 6
29750, 6
23000, 6
34190, 7
40250, 6
47250, 7
19000, 5
27360, 5
20860, 6
29000, 6
66000, 7
43500, 7
31000, 5
44970, 8
23474, 7
47500, 8
8475, 5
41110, 6
4976, 5
64000, 8
51000, 7
22000, 5
37500, 7
8946, 6
35000, 6
31970, 7
4310, 7
60750, 7
63750, 7
42500, 6
52500, 7
41250, 7
54750, 7
40500, 7
10610, 4
36000, 7
41250, 7
61000, 8
30620, 7
36000, 7
43500, 7
43500, 7
32470, 6
41250, 7
29940, 5
29750, 6
31250, 6
48360, 8
44250, 7
15470, 4
54750, 7
52944, 8
44250, 7
41750, 6
39000, 7
41750, 6
34500, 7
31250, 6
33860, 7
17230, 6
42500, 6
11250, 4
35000, 6
42500, 6
70750, 8
37500, 7
19870, 6
33474, 8
39000, 7
28720, 6
8475, 5
47250, 7
32000, 6
30500, 6
30980, 8
35240, 7
23750, 6
28240, 6
5989, 7
29000, 6
24610, 6
29750, 6
28500, 7
41250, 7
26364, 8
40840, 8
52250, 6
45470, 7
45000, 7
51750, 7
31610, 7
26000, 6
34750, 5
44000, 6
38220, 8
18250, 5
35000, 6
26000, 6
47250, 7
40944, 8
48750, 7
30190, 6
37970, 7
36190, 6
41220, 8
5032, 6
32750, 6
38000, 6
34250, 6
32250, 7
41360, 7
61944, 8
50500, 8
37250, 6
18750, 4
33740, 7
38720, 7
45000, 7
35690, 7
41250, 7
14250, 4
48750, 7
25250, 6
25250, 6
38000, 6
38190, 8
46220, 7
47970, 8
29000, 6
40500, 7
23000, 6
35750, 6
13440, 5
26620, 6
63000, 7
53250, 7
46500, 7
26750, 6
40500, 7
41000, 6
37490, 7
56250, 7
30860, 7
40500, 7
32720, 7
25360, 6
49940, 7
14673, 6
20750, 6
47470, 6
67944, 8
26000, 6
17031, 6
25970, 7
35250, 7
2744, 6
32000, 6
20500, 5
34500, 7
22000, 5
21470, 7
29720, 7
44750, 6
37250, 6
35000, 6
39000, 7
47000, 6
29000, 6
34500, 7
23750, 6
63720, 8
43470, 8
28500, 4
2874, 4
9750, 4
58750, 8
26118, 7
34250, 6
46000, 8
5750, 6
38750, 6
27220, 6
33500, 6
44000, 6
29500, 5
32750, 6
58500, 7
14226, 6
45750, 7
26750, 6
26000, 6
26250, 7
46940, 7
56500, 8
32470, 6
23000, 6
40860, 8
47220, 8
31250, 6
33750, 7
29750, 6
42500, 6
36500, 6
32444, 7
52500, 7
32750, 6
15338, 6
25750, 5
48750, 7
46500, 7
30110, 7
41110, 6
42000, 7
5538, 5
47250, 7
22750, 5
28250, 6
35750, 6
7224, 5
10490, 6
52740, 8
31500, 7
25250, 6
5826, 7
24250, 5
40610, 7
41240, 7
27470, 7
54000, 7
44750, 6
31250, 6
34250, 6
15250, 5
36976, 7
47750, 6
42720, 8
12588, 6
43250, 6
29360, 7
16656, 7
27740, 7
49500, 7
39250, 5
57000, 7
28250, 6
19000, 5
50250, 7
33250, 5
41000, 6
30000, 7
56000, 6
27500, 6
36500, 6
24500, 6
26360, 7
20000, 6
5750, 3
7876, 6
16000, 5
33250, 5
46940, 7
30000, 7
40250, 6
41944, 9
41690, 7
30970, 6
26000, 6
20750, 6
27250, 5
40500, 7
38440, 6
11610, 5
46500, 7
32250, 7
32860, 6
26970, 5
21500, 6
50970, 8
40500, 7
28250, 6
51000, 7
35250, 7
29720, 7
20114, 7
26000, 6
39610, 6
49500, 7
47750, 6
27250, 5
46250, 6
16860, 5
36500, 6
54000, 7
26000, 6
40970, 7
51000, 7
13574, 6
43250, 6
28372, 8
25250, 6
23470, 6
35750, 6
21610, 6
48000, 7
52500, 7
42220, 6
53694, 8
32750, 6
22696, 7
43500, 7
26440, 6
49110, 8
47220, 8
26360, 7
40610, 7
46500, 7
32720, 7
43446, 9
20220, 5
24250, 5
23680, 6
55220, 7
35750, 6
35000, 6
23940, 5
40500, 7
29720, 7
26250, 7
37220, 7
60750, 7
11949, 6
9752, 8
57000, 7
33500, 6
11616, 6
41000, 6
6622, 6
21974, 7
40690, 6
31250, 6
23000, 6
37500, 7
39500, 6
15360, 5
23500, 5
36000, 7
36470, 7
29750, 6
40000, 8
40250, 6
40190, 7
5788, 7
29750, 6
50970, 8
44250, 7
50250, 7
16000, 5
51500, 6
32250, 7
33500, 6
61970, 7
49000, 8
48000, 7
24940, 6
32474, 7
30000, 7
24560, 7
31490, 7
62250, 7
45000, 7
57000, 7
49500, 7
54462, 9
39750, 7
32470, 6
22750, 5
51110, 7
29360, 7
44250, 7
22000, 5
8228, 6
25750, 5
29250, 7
41000, 6
51750, 7
27500, 6
52470, 8
20470, 6
24000, 7
8988, 6
37250, 6
28500, 7
53250, 7
37250, 6
29000, 6
32000, 6
21220, 6
54750, 7
35750, 6
11976, 6
5778, 5
22240, 6
35250, 7
12655, 5
9050, 5
23470, 6
30500, 6
32750, 6
31500, 7
50750, 6
37500, 7
55250, 6
33750, 4
43500, 7
48750, 7
32360, 7
42470, 7
59470, 9
38000, 6
37500, 7
31220, 7
46470, 8
23740, 6
22690, 6
76000, 8
45000, 7
41360, 7
35000, 6
32240, 7
54750, 7
27500, 6
47220, 8
20860, 6
29726, 8
22000, 5
18892, 7
50220, 8
32360, 7
35470, 6
35750, 6
37720, 6
46500, 7
11532, 6
37000, 8
17666, 5
33860, 7
56500, 8
10281, 6
35750, 6
43750, 8
32000, 6
45750, 7
48750, 7
51000, 7
33750, 7
25250, 6
18250, 5
22720, 6
39500, 6
38750, 6
34250, 6
64000, 8
19866, 6
30750, 7
40220, 7
42864, 8
27500, 6
58440, 8
40940, 7
44690, 7
23000, 6
18986, 8
18220, 6
39750, 7
34120, 6
22000, 5
34224, 8
36750, 7
48750, 7
36250, 8
46250, 6
47250, 7
31500, 7
80490, 8
14907, 6
45500, 6
21940, 6
28220, 7
36500, 6
34220, 7
33220, 6
48500, 6
36500, 6
44250, 7
21970, 6
34500, 7
34500, 7
63690, 8
59970, 8
27750, 7
31250, 6
47000, 6
22720, 6
33750, 7
36110, 7
33750, 7
34500, 7
30940, 6
57250, 8
16536, 6
19864, 6
45500, 6
45000, 7
62250, 7
28970, 7
49500, 7
22720, 6
41250, 7
30750, 7
22990, 6
35620, 6
38250, 7
32750, 6
42750, 7
32360, 7
40500, 7
21610, 6
28750, 5
47720, 7
26750, 6
51750, 7
40500, 7
42000, 7
38750, 6
49500, 7
33750, 7
41750, 6
3922, 5
5760, 6
20956, 7
27500, 6
21500, 6
28470, 5
23974, 6
36500, 6
20750, 6
48474, 8
16030, 6
22000, 5
46970, 7
33970, 6
34250, 6
13000, 5
10868, 6
37250, 6
25750, 5
33280, 7
42444, 8
3912, 5
53000, 6
51000, 7
29720, 7
23000, 6
32000, 6
32364, 8
24250, 5
37940, 7
45750, 7
24724, 6
25000, 5
34220, 7
37220, 7
30500, 6
44250, 7
34250, 6
31250, 6
34720, 6
50250, 7
23482, 7
23626, 7
31250, 6
27500, 6
43470, 8
33500, 6
48000, 7
37228, 8
28610, 7
26000, 6
39000, 7
38250, 7
54750, 7
22750, 5
39500, 6
38000, 6
30110, 7
24470, 7
34250, 6
45000, 7
49500, 7
34470, 8
45000, 7
42720, 8
25250, 6
25970, 7
33444, 8
5346, 6
30000, 7
13474, 7
38000, 6
40250, 6
37250, 6
34500, 7
25228, 8
32750, 6
43190, 7
27250, 5
39470, 7
33500, 6
21360, 5
29474, 7
29750, 6
30500, 6
23000, 6
29750, 6
47250, 7
63000, 7
26480, 7
22724, 7
35000, 6
34500, 7
14500, 5
35750, 6
28930, 6
18970, 6
29448, 7
36500, 6
32118, 7
29500, 5
27500, 6
25250, 6
15090, 6
16728, 7
62250, 7
52724, 7
32000, 6
25250, 6
44750, 6
32750, 6
33610, 6
44720, 7
38750, 6
24250, 5
29956, 6
38750, 6
33500, 6
40250, 9
27500, 6
7528, 8
30940, 6
38250, 7
35750, 6
72000, 7
29750, 6
34940, 7
27970, 6
54000, 7
26750, 6
46500, 7
54750, 7
5259, 7
33500, 6
17860, 6
47250, 7
39452, 8
32750, 6
34970, 7
42750, 7
33470, 7
30500, 6
16750, 5
29620, 6
26750, 6
27970, 6
72000, 7
21250, 5
28500, 7
62250, 7
46250, 6
32750, 6
53250, 7
24220, 6
59250, 7
32000, 6
44250, 7
21984, 7
36250, 5
10560, 5
26750, 6
56000, 6
34500, 7
15035, 5
29470, 6
43220, 7
53500, 8
25250, 6
56240, 7
35000, 6
37974, 8
36166, 6
44250, 7
25750, 5
12364, 6
34190, 7
41220, 8
51474, 8
45470, 7
28250, 6
17500, 5
31250, 6
22750, 5
39000, 7
58220, 7
30500, 6
62250, 7
35000, 6
20500, 5
14673, 6
55500, 7
35250, 7
60000, 7
35720, 7
37250, 6
52250, 6
38240, 7
36000, 7
43250, 6
14500, 5
35500, 5
43500, 7
36974, 7
60750, 7
48000, 7
53750, 6
28220, 7
32990, 7
37750, 5
9720, 5
44000, 6
44250, 7
47750, 6
9966, 6
20500, 5
35720, 7
44720, 7
30110, 7
35750, 6
30110, 7
23000, 6
30970, 6
54750, 7
20470, 6
31250, 6
38750, 6
10870, 6
47190, 8
26750, 6
32000, 6
35000, 6
34690, 6
50474, 7
42750, 7
41750, 6
37000, 5
44970, 8
63250, 8
35000, 6
51000, 7
63000, 7
65250, 7
42750, 7
24500, 6
20860, 6
43500, 7
32750, 6
17750, 6
34082, 7
8298, 6
50500, 5
40500, 7
19440, 5
29860, 6
65190, 8
29728, 8
42750, 7
45750, 7
58250, 6
41750, 6
39000, 7
34500, 7
47750, 6
29500, 5
27976, 7
42000, 7
28610, 7
25970, 7
35750, 6
37500, 7
15366, 6
33750, 7
39500, 6
31500, 7
8655, 6
31860, 5
37970, 7
34250, 6
32750, 6
61000, 8
26000, 6
14034, 6
8988, 6
43250, 6
48000, 7
17940, 5
35720, 7
41750, 6
51720, 8
24940, 6
39000, 7
30970, 6
37490, 7
33970, 6
29470, 6
25250, 6
48500, 6
49500, 7
30500, 6
46190, 7
40940, 7
42720, 8
36610, 6
51250, 8
34750, 8
41000, 6
19000, 5
17500, 5
29250, 7
154750, 7
35750, 6
45500, 6
45750, 7
51750, 7
45500, 6
34250, 6
51720, 8
53250, 7
28220, 7
29750, 6
28708, 7
42750, 7
21726, 6
55970, 7
13734, 7
24250, 5
27000, 7
33000, 7
13474, 6
41750, 6
25250, 6
52500, 7
40500, 7
28190, 7
45470, 7
42110, 7
10114, 6
8252, 6
22240, 6
34250, 6
33226, 7
38750, 6
38470, 6
49220, 7
43940, 7
35000, 6
37500, 7
27500, 6
32250, 7
1758, 5
35500, 5
26110, 6
31610, 7
21865, 7
27610, 6
28250, 6
15728, 6
38000, 6
38750, 6
25994, 7
38000, 6
37110, 8
26500, 5
23750, 6
29250, 7
24940, 6
32750, 6
24500, 6
9118, 6
11767, 6
28000, 5
28220, 7
36470, 7
43500, 7
26474, 7
30440, 7
15199, 7
11560, 6
48750, 7
38190, 8
66250, 8
31500, 7
21200, 7
57000, 7
35750, 6
32750, 6
37190, 7
45750, 7
17860, 6
37500, 7
28000, 5
36110, 7
50250, 7
11021, 7
41250, 7
25490, 7
11337, 6
41720, 7
27250, 5
49970, 7
24610, 6
22000, 5
40500, 7
24978, 7
28360, 6
40610, 7
49000, 8
51500, 6
27974, 7
29750, 6
16804, 7
39500, 6
22750, 5
29750, 6
20500, 5
10977, 5
31250, 6
59360, 7
42750, 7
31724, 7
30750, 7
48750, 7
19000, 5
21250, 5
8698, 5
1924, 6
34250, 6
32750, 6
28250, 6
27500, 6
45500, 6
40250, 6
17500, 5
52500, 7
50250, 7
44750, 6
38750, 6
36114, 8
75360, 8
26000, 6
4244, 7
45750, 7
42110, 7
27500, 6
8994, 7
38750, 6
44750, 6
11970, 5
37500, 7
50250, 7
46500, 7
40224, 8
49250, 6
35000, 6
37500, 7
52500, 7
14248, 7
28970, 7
52500, 7
28250, 6
40970, 7
24500, 6
18366, 6
37250, 6
31720, 6
14974, 6
31720, 6
81500, 6
36970, 6
25250, 6
31970, 7
29750, 6
23114, 7
45440, 7
33500, 6
21616, 7
42500, 6
29500, 5
41000, 6
21500, 6
37250, 6
59500, 8
27250, 5
42474, 8
13292, 6
26000, 6
36000, 7
41250, 7
38250, 7
3908, 6
42000, 7
39970, 6
50250, 7
20750, 6
38000, 6
52940, 7
11614, 6
47250, 7
3220, 5
53250, 7
13470, 5
29750, 6
12948, 6
28250, 6
33974, 7
38250, 7
39470, 7
35120, 7
46970, 7
13450, 6
53500, 8
30500, 6
32470, 6
19000, 5
42970, 6
32000, 6
28726, 7
26000, 6
26870, 7
66720, 8
55500, 7
42750, 7
25250, 6
35250, 7
34250, 6
17470, 6
25250, 6
26000, 6
22720, 6
31066, 7
38720, 7
29750, 6
23440, 6
47224, 9
62250, 7
35250, 7
45000, 7
18490, 6
36500, 6
51250, 8
21974, 7
52500, 7
32750, 6
26000, 6
59250, 7
40996, 7
46220, 7
32500, 5
24250, 5
38750, 6
45940, 6
43220, 7
36860, 7
35250, 7
25730, 7
21180, 5
30500, 6
19750, 5
49250, 6
66000, 7
42000, 7
20224, 6
24970, 6
9998, 6
43500, 7
36000, 7
36110, 7
50720, 7
20860, 6
44720, 7
42000, 7
22250, 6
36500, 6
23474, 7
36500, 6
41750, 6
31750, 5
30470, 7
37500, 7
57220, 9
30470, 7
33500, 6
31500, 7
30220, 6
36000, 7
28250, 6
46500, 7
4610, 4
63750, 7
31500, 7
61750, 8
37750, 5
44750, 6
45750, 7
59500, 8
35450, 7
41500, 5
40500, 7
30500, 6
4040, 6
14868, 6
25000, 5
46500, 7
12720, 5
19730, 7
43250, 6
27976, 7
49750, 8
24860, 7
30500, 6
57750, 7
29724, 8
45750, 7
35720, 7
33444, 8
35250, 7
23110, 6
32750, 6
9736, 7
27750, 7
73220, 7
16843, 5
34250, 6
16750, 5
25500, 7
39750, 7
28250, 6
40500, 7
49250, 6
40196, 8
38250, 7
22750, 5
39750, 7
32364, 8
28250, 6
20750, 6
26500, 5
33500, 6
32000, 6
46220, 7
37250, 6
32478, 7
35224, 6
41250, 7
28250, 6
52250, 6
39470, 7
42000, 7
32720, 7
44000, 6
43500, 7
30740, 7
5814, 7
66750, 7
33000, 7
38360, 7
38000, 6
30110, 7
47000, 6
57000, 7
26750, 6
22250, 6
26000, 6
51750, 7
56000, 6
24970, 6
23500, 5
32120, 7
36500, 6
33500, 6
53240, 7
30000, 7
37220, 7
40610, 7
18970, 6
31974, 8
25750, 5
27250, 5
26440, 6
6573, 6
33500, 6
22250, 6
37970, 7
27220, 6
46250, 6
44720, 7
5066, 7
33750, 7
64500, 7
37250, 6
40250, 6
44750, 6
55750, 8
47500, 8
53750, 6
22720, 6
27500, 6
31250, 6
34220, 7
29250, 7
17610, 7
29474, 7
38750, 6
39750, 7
42470, 7
25728, 7
37250, 6
35440, 6
70500, 7
66470, 7
14226, 6
23000, 6
23110, 6
59694, 8
19750, 5
41750, 6
21224, 7
19360, 6
1905, 6
34250, 6
43610, 7
29694, 8
10130, 7
38720, 7
23000, 6
43500, 7
33990, 8
53500, 8
22364, 7
36750, 7
44250, 7
22360, 6
25720, 6
24940, 6
35000, 6
37250, 6
40220, 7
29720, 7
35220, 8
45750, 7
32750, 6
22724, 7
42500, 6
4972, 6
56250, 7
65250, 7
14984, 6
23686, 7
29470, 6
27230, 7
31360, 6
24500, 6
26000, 6
42690, 8
26750, 6
55500, 7
35750, 6
10000, 6
37970, 7
19360, 6
18364, 6
18000, 4
30470, 7
26750, 6
35000, 6
16500, 4
18220, 6
55500, 7
39000, 7
34360, 6
21620, 7
41000, 6
34694, 7
29470, 6
36500, 6
42500, 6
26000, 6
6546, 6
50470, 6
31500, 7
52750, 8
37250, 6
31220, 7
50250, 7
36000, 7
26000, 6
70500, 7
39860, 7
19750, 5
43860, 8
44360, 7
17673, 7
43944, 8
60750, 7
28360, 6
22720, 6
32000, 6
23500, 5
33110, 7
45860, 7
30000, 7
43974, 8
22970, 7
45000, 7
51500, 6
34720, 6
54470, 7
25000, 5
28220, 7
38440, 6
31490, 7
34970, 7
11208, 6
20750, 6
40500, 7
52470, 8
34250, 6
1791, 6
16750, 5
31250, 6
30500, 6
53000, 6
35750, 6
28250, 6
30250, 5
38720, 7
43500, 7
35990, 7
26750, 6
52500, 7
30750, 7
5266, 6
27224, 7
45500, 6
32000, 6
43500, 7
25440, 5
37190, 7
4392, 7
35250, 7
23474, 7
29000, 6
45500, 6
33500, 6
43220, 7
32750, 6
38000, 6
42470, 7
49940, 7
54860, 7
37000, 5
35250, 7
5026, 7
30970, 6
50250, 7
26470, 6
36250, 5
38250, 7
29470, 6
33470, 7
19240, 6
38440, 6
8874, 5
43500, 7
11250, 4
28000, 5
48240, 8
51000, 7
6568, 6
32750, 6
29720, 7
46970, 7
42000, 7
37250, 6
33364, 6
48000, 7
46500, 7
9004, 7
27250, 5
59970, 8
35500, 5
7771, 6
41110, 6
28490, 7
23500, 5
11212, 6
48470, 7
29000, 6
45000, 7
45750, 7
36000, 7
35250, 7
35250, 7
25250, 6
41250, 7
27750, 7
38360, 7
41000, 6
24500, 6
16360, 6
63000, 7
50940, 8
6508, 6
14230, 6
53250, 7
8984, 7
51440, 7
42000, 7
27750, 7
26750, 6
23750, 6
38690, 7
32000, 6
49740, 8
35250, 7
42000, 7
41250, 7
25000, 5
34500, 7
24610, 6
32750, 6
39500, 6
45000, 7
18364, 6
30500, 6
36750, 7
10116, 6
40500, 7
39250, 5
28250, 6
40474, 9
45440, 7
35000, 6
33000, 7
36860, 7
9673, 7
34250, 6
35860, 6
16007, 6
35720, 7
26720, 7
24500, 6
26980, 7
44750, 6
30500, 6
45750, 7
29000, 6
56250, 7
27500, 6
31750, 5
27750, 7
13062, 5
29000, 6
37940, 7
30470, 7
52220, 7
23190, 5
44250, 7
42250, 8
14705, 7
15720, 5
23970, 8
43364, 7
10878, 7
43220, 7
42000, 7
41250, 7
47110, 6
30500, 6
40500, 7
45440, 7
43250, 6
46470, 8
11754, 6
34500, 7
30440, 7
32000, 6
45000, 7
47690, 7
34500, 7
42860, 7
45000, 7
4330, 6
54500, 6
33750, 7
7970, 4
33500, 6
50220, 8
48750, 7
13480, 6
33470, 7
25750, 5
19374, 8
17984, 6
49500, 7
56250, 7
59720, 7
31250, 6
29110, 6
36220, 6
21970, 6
30500, 6
26444, 7
31220, 7
36500, 6
42750, 7
9754, 5
6208, 5
34190, 7
17860, 6
19720, 6
8248, 7
37250, 6
26750, 6
52750, 8
33202, 7
17114, 7
20500, 5
52500, 7
31610, 7
38750, 6
28240, 6
41000, 6
44720, 7
30750, 7
68250, 7
36500, 6
38250, 7
50750, 6
37250, 6
29490, 8
30500, 6
33000, 7
44000, 6
45000, 7
41750, 6
32000, 6
16720, 6
17787, 6
60000, 7
22360, 6
41250, 7
24500, 6
39500, 6
45750, 7
62500, 8
14433, 6
27970, 6
47610, 8
26500, 5
43474, 9
28250, 6
16470, 5
11576, 6
41690, 7
81000, 7
42000, 7
34250, 6
52974, 8
42860, 7
38750, 6
28000, 5
20500, 5
21940, 6
29000, 6
33860, 7
34970, 7
56000, 6
29750, 6
22750, 5
59250, 7
46750, 8
52500, 7
44000, 6
40000, 8
27250, 5
47726, 8
25360, 6
35250, 7
55970, 7
44750, 9
44000, 6
28250, 6
31500, 7
47250, 7
37224, 8
25720, 6
28250, 6
56250, 7
21226, 7
64750, 8
33500, 6
33500, 6
28970, 7
34728, 7
39500, 6
21250, 5
25720, 6
37720, 6
39500, 6
40500, 7
31994, 7
56000, 6
28690, 6
33750, 7
21500, 6
33500, 6
49250, 6
39000, 7
39750, 7
35750, 6
39500, 6
24470, 7
9744, 7
25750, 5
29000, 6
29720, 7
33500, 6
67000, 8
24250, 5
42000, 7
58114, 9
27940, 6
29000, 6
25810, 6
35110, 6
22750, 5
32750, 6
40190, 7
29000, 6
13829, 7
56250, 7
60456, 9
35728, 8
30166, 6
35250, 7
17620, 6
46500, 7
23500, 5
40190, 7
48470, 7
19750, 5
26750, 6
33220, 6
37250, 6
3312, 6
42000, 7
39000, 7
44250, 7
36500, 6
24950, 7
29360, 7
22250, 6
49500, 7
27250, 5
62250, 7
47250, 7
33500, 6
29750, 6
40190, 7
45500, 6
35250, 7
26196, 6
31250, 6
37250, 6
24250, 5
25000, 5
28500, 7
27750, 7
29000, 6
29750, 6
46500, 7
46500, 7
46000, 8
36000, 7
25250, 6
32470, 6
30500, 6
50750, 6
45750, 7
29000, 6
24738, 7
38250, 7
23000, 6
43250, 6
20056, 6
41360, 7
49500, 7
35720, 7
43610, 7
28250, 6
21250, 5
35720, 7
54750, 7
30976, 7
58500, 7
35000, 6
47720, 7
26110, 6
24610, 6
42000, 7
8058, 5
43500, 7
25946, 8
26000, 6
38190, 8
28000, 5
30500, 6
25250, 6
29500, 5
34500, 7
65750, 6
50750, 6
39470, 7
22720, 6
44720, 7
30610, 6
46500, 7
75750, 7
114000, 7
37750, 5
3902, 6
22000, 5
29244, 8
48720, 8
35750, 6
47750, 6
50250, 7
45000, 7
27250, 5
38994, 8
58250, 6
70000, 8
41250, 7
78250, 8
51250, 8
44990, 7
56970, 8
26500, 5
22750, 5
23114, 7
39740, 7
21946, 7
27500, 6
23750, 6
121500, 6
26750, 6
26000, 6
38990, 7
53930, 7
62000, 6
71250, 7
29750, 6
16750, 5
13259, 7
42000, 7
7438, 6
36000, 7
19720, 6
2698, 6
20750, 6
66750, 7
37750, 5
32750, 6
39250, 8
34500, 7
32000, 6
8986, 6
44250, 7
30750, 7
50750, 6
33500, 6
33000, 7
37500, 7
26250, 7
32750, 6
54500, 6
48750, 7
32750, 6
31500, 7
29810, 7
36860, 7
49250, 6
39500, 6
27940, 6
12783, 6
30968, 7
51000, 7
45940, 6
32470, 6
32750, 6
37360, 6
40224, 8
48750, 7
32970, 8
43750, 8
27500, 6
20860, 6
16750, 5
45750, 7
23470, 6
38750, 6
51500, 6
41720, 7
27224, 7
22360, 6
10124, 6
21728, 6
64750, 8
29470, 6
37250, 6
43250, 6
50250, 7
48000, 7
23000, 6
20750, 6
4616, 5
30860, 7
53250, 7
27944, 7
22610, 7
21220, 6
30000, 7
32240, 7
43500, 7
55000, 8
28724, 7
32990, 7
16000, 5
48750, 7
19870, 6
24250, 5
40500, 7
33500, 6
42750, 7
25690, 6
16500, 4
47750, 6
38000, 6
30500, 6
25240, 6
48250, 8
22490, 7
30000, 7
41000, 6
24704, 6
52860, 8
25720, 6
32000, 6
49500, 7
52000, 8
39750, 7
28976, 8
62500, 8
28250, 6
31250, 6
35000, 6
16340, 6
29750, 6
27000, 7
28000, 5
53700, 8
31500, 7
41000, 6
33500, 6
15285, 6
34970, 7
31190, 7
43500, 7
38250, 7
15250, 5
43500, 7
26720, 7
43500, 7
37970, 7
40500, 7
11618, 6
18970, 6
57000, 7
20289, 6
32000, 6
47690, 7
41250, 7
42000, 7
25250, 6
38250, 7
74500, 8
29750, 6
44750, 6
37750, 5
36224, 7
60750, 7
59250, 7
46500, 7
9020, 7
25470, 5
17970, 5
35750, 6
44240, 7
39750, 7
10800, 6
18220, 6
55750, 8
21194, 7
53250, 7
8457, 5
38250, 7
49500, 7
1828, 6
35750, 6
19360, 6
32250, 7
45500, 6
32220, 5
19364, 7
36000, 7
5020, 5
24220, 6
21202, 7
50750, 6
10143, 5
10440, 5
51000, 7
22364, 7
39500, 6
35720, 7
29360, 7
78000, 7
25250, 6
34610, 7
28000, 5
45500, 6
32000, 6
24220, 6
29750, 6
46500, 7
40250, 6
33000, 7
47000, 6
29000, 6
69000, 7
40250, 6
41671, 8
55500, 7
8986, 6
37250, 6
30446, 8
47250, 7
52500, 7
8250, 4
24232, 7
11618, 6
22250, 6
50000, 6
17470, 6
25240, 6
39750, 7
52940, 7
45500, 6
45000, 7
36500, 6
20860, 6
43250, 6
18860, 7
23750, 6
33250, 5
42110, 7
20740, 6
8628, 7
33000, 7
37750, 5
29750, 6
24976, 7
26000, 6
36690, 8
25250, 6
36750, 7
52974, 8
25250, 6
37250, 6
36750, 7
4296, 5
32250, 7
27220, 6
38250, 7
15159, 7
52470, 8
42000, 7
30610, 6
31750, 5
32000, 6
21730, 7
33750, 7
26750, 6
29750, 6
23000, 6
43500, 7
29750, 6
23750, 6
56970, 8
74250, 7
9750, 4
35250, 7
22124, 7
33970, 6
40190, 7
33500, 6
24970, 6
17500, 5
48750, 7
29250, 7
35500, 5
15730, 6
31500, 7
43440, 8
8337, 4
43250, 6
49500, 7
47250, 7
22500, 4
33000, 7
29750, 6
34250, 6
43250, 6
14740, 6
47250, 7
38000, 6
40250, 6
31250, 6
24500, 6
43190, 7
34500, 7
38000, 6
33500, 6
30500, 6
35000, 6
43500, 7
14549, 6
26500, 5
31250, 6
25726, 7
30000, 7
37360, 6
23470, 6
30000, 7
20620, 6
58000, 8
44750, 6
32250, 7
39750, 7
51000, 7
40250, 6
13466, 6
75750, 7
35750, 6
52000, 8
36000, 7
37250, 6
26000, 6
35970, 5
41220, 8
51226, 7
33500, 6
33470, 7
63000, 7
33500, 6
17370, 6
10500, 4
27500, 6
45000, 7
55500, 7
36750, 7
49110, 8
34250, 6
29500, 5
32750, 6
31370, 7
8984, 6
19126, 7
37500, 7
39500, 6
45000, 7
44250, 7
41996, 8
54750, 7
10466, 7
38720, 7
33974, 7
19720, 6
23000, 6
34970, 7
9738, 6
44250, 7
24940, 6
31454, 6
25750, 5
26000, 6
33500, 6
39470, 7
38000, 6
47250, 7
51000, 7
22750, 5
30750, 7
19120, 6
32000, 6
43000, 5
32750, 6
40220, 7
32000, 6
26000, 6
26750, 6
46500, 7
31250, 6
37190, 7
28250, 6
47000, 6
28250, 6
32724, 8
48750, 7
46860, 8
21250, 5
24720, 5
8226, 6
49500, 7
40250, 6
27500, 6
22000, 5
37500, 7
38500, 5
29476, 7
25610, 7
30500, 6
55000, 8
11115, 6
33470, 7
37500, 7
36500, 6
54000, 7
36000, 7
29440, 6
23000, 6
38476, 7
15285, 6
23500, 5
20500, 5
47720, 7
34500, 7
23440, 6
13005, 6
22360, 6
31360, 6
22440, 5
26750, 6
46500, 7
44750, 6
21610, 6
25250, 6
30476, 8
34500, 7
24500, 6
21196, 7
30986, 8
42000, 7
15701, 5
39750, 7
57750, 7
9740, 6
30610, 6
29250, 7
47690, 7
67000, 8
44720, 7
47750, 6
13617, 6
57470, 7
43250, 6
29240, 7
33250, 5
45750, 7
13599, 6
38750, 6
26720, 7
53470, 6
48750, 7
36776, 8
19470, 5
22094, 6
40250, 6
33500, 6
35250, 7
32720, 7
73500, 7
32720, 7
27970, 6
37500, 7
11224, 6
23000, 6
36114, 8
36000, 7
21060, 5
32250, 7
30750, 7
31250, 6
29750, 6
18970, 6
15724, 6
30750, 7
15582, 5
45110, 7
33500, 6
56610, 8
22250, 6
32000, 6
5371, 6
41720, 7
48000, 7
24944, 7
9728, 6
27500, 6
60958, 7
23500, 5
38250, 7
24970, 6
39500, 6
15372, 6
16750, 5
37250, 6
67500, 7
11614, 6
41000, 6
38750, 6
35000, 6
30500, 6
43970, 7
23214, 7
34724, 7
44720, 7
18220, 6
25750, 5
30220, 6
30860, 7
35726, 8
52250, 6
23000, 6
1911, 6
43750, 8
18610, 6
25750, 5
43500, 7
19000, 5
43970, 7
50250, 7
44250, 7
14136, 6
9720, 5
52944, 8
27220, 6
26000, 6
35720, 7
26750, 6
30500, 6
28250, 6
58500, 7
47750, 6
41360, 7
60860, 7
22750, 5
50250, 7
28250, 6
33500, 6
17500, 5
19360, 6
29440, 6
57750, 7
39750, 7
34940, 7
77250, 7
30190, 6
40250, 6
46610, 7
43000, 8
36750, 7
54000, 7
45750, 7
5034, 5
26000, 6
29240, 7
6110, 4
39000, 7
21220, 6
9954, 6
35000, 6
19690, 6
44750, 6
2566, 6
32750, 6
27250, 5
29360, 7
29000, 6
35690, 7
40000, 8
26127, 6
54000, 7
35750, 6
45860, 7
32250, 7
21370, 6
52500, 7
48750, 7
36000, 7
33000, 7
20470, 6
15868, 7
40250, 6
20000, 6
39750, 7
59000, 6
37190, 7
54440, 7
37470, 5
37110, 8
39500, 6
20470, 6
39000, 7
19000, 5
43220, 7
27190, 6
9769, 6
23440, 6
20970, 5
24220, 6
47360, 7
58500, 7
27234, 7
45750, 7
7872, 7
30190, 6
44240, 7
44500, 8
49970, 7
50250, 7
54000, 7
50750, 6
52500, 7
46500, 7
22372, 8
42000, 7
41500, 8
54000, 7
48000, 7
27474, 8
42500, 6
32874, 8
24000, 4
65190, 8
30500, 6
50720, 7
23000, 6
57750, 7
46000, 8
29230, 6
44250, 7
36750, 7
30750, 7
32750, 6
35250, 7
39860, 7
32360, 7
36750, 7
24970, 6
33974, 7
66470, 7
28500, 7
10470, 5
54000, 7
66750, 7
21360, 5
60750, 7
6500, 3
22190, 7
35750, 6
40500, 7
11811, 5
42470, 7
21720, 5
30000, 7
39250, 5
39200, 7
86000, 6
32000, 6
24250, 5
39500, 6
27750, 7
31250, 6
33750, 7
52500, 7
19860, 5
30500, 6
43500, 7
68250, 7
41250, 7
37250, 6
32500, 5
59220, 8
31720, 6
31250, 6
44750, 6
43750, 8
25250, 6
32000, 6
33500, 6
3878, 5
33470, 7
61750, 8
35750, 6
50750, 6
26750, 6
47720, 7
17224, 6
43940, 7
25250, 6
41500, 5
37220, 7
20860, 6
34500, 7
48110, 7
18726, 6
6440, 4
24110, 7
26720, 7
64250, 9
23500, 5
42750, 7
39500, 6
35240, 7
36000, 7
17482, 7
47250, 7
39500, 6
21948, 7
37250, 6
23750, 6
35250, 7
40500, 7
5018, 5
33470, 7
40500, 7
44250, 7
17500, 5
31250, 6
35720, 7
42500, 6
35750, 6
46250, 6
32720, 7
22250, 6
24220, 6
14860, 6
29750, 6
38000, 6
42440, 7
16750, 5
30470, 7
20750, 6
34720, 6
6524, 6
13300, 6
32250, 7
35000, 6
28250, 6
30000, 7
48000, 7
45500, 6
2440, 3
76500, 7
50000, 6
41000, 6
45750, 7
45000, 7
30750, 7
28974, 8
36000, 7
63250, 8
11998, 6
16750, 5
26000, 6
45750, 7
19470, 5
14250, 4
46500, 7
34970, 7
58500, 7
35750, 6
40224, 8
24980, 7
53000, 6
12589, 5
55000, 8
24250, 5
5018, 6
52970, 7
40500, 7
32750, 6
29000, 6
42750, 7
51750, 7
35110, 6
22360, 6
22750, 5
30000, 7
37250, 6
91500, 7
27500, 6
31250, 6
61000, 8
33000, 7
41750, 6
39220, 6
31110, 5
20750, 6
23750, 6
23618, 6
36750, 7
53000, 9
30610, 6
25750, 5
22750, 5
13643, 7
44250, 7
31250, 6
31610, 7
38250, 7
26724, 8
47750, 6
62500, 8
12171, 7
33500, 6
49250, 6
29750, 6
17472, 8
28500, 7
23110, 6
41750, 6
37860, 8
55860, 8
35000, 6
26220, 5
54250, 8
35720, 7
36500, 6
17220, 5
22110, 5
58250, 6
65000, 6
21250, 5
39000, 7
40500, 7
33228, 7
26500, 5
42500, 6
73500, 7
29000, 6
30954, 7
53250, 7
41220, 8
27500, 6
38690, 7
38000, 6
40500, 7
41000, 6
33000, 7
29870, 7
23860, 6
24614, 7
45220, 6
26750, 6
31490, 7
27940, 6
66720, 8
31000, 5
45226, 7
45750, 7
27250, 5
48000, 7
47220, 8
20000, 6
32720, 7
29750, 6
45750, 7
44250, 7
28750, 5
26000, 6
46500, 7
14884, 7
27740, 7
14868, 6
32470, 6
30500, 6
60000, 7
11978, 6
1434, 5
61500, 7
42500, 6
61470, 8
44000, 6
41750, 6
49946, 8
55974, 8
28750, 5
35240, 7
56000, 6
42000, 7
51000, 7
34250, 6
31500, 7
7750, 6
63750, 7
29000, 6
64750, 5
20500, 5
33500, 6
44000, 6
26000, 6
28250, 6
14470, 6
21500, 6
37220, 7
32360, 7
17500, 5
25990, 6
67940, 7
21000, 4
32720, 7
43500, 7
24500, 6
49000, 8
41180, 7
46250, 6
7212, 6
43250, 6
38220, 8
30958, 8
37610, 7
40000, 8
47220, 8
37244, 7
2540, 5
42620, 7
43250, 6
27452, 8
26000, 6
22240, 6
24860, 7
34250, 6
74500, 8
19000, 5
34000, 5
32970, 8
46500, 7
16000, 5
30470, 7
20750, 6
