Evaluations, Played
19650, 6
16500, 6
13800, 6
16950, 6
23250, 6
4590, 4
19200, 6
14700, 6
13800, 6
23250, 6
23700, 6
12600, 4
14100, 5
12450, 6
4946, 6
16800, 5
15000, 5
22800, 6
15150, 6
24600, 6
16470, 6
1632, 5
19200, 6
17700, 5
16710, 5
6878, 6
17850, 6
21450, 6
10500, 5
22800, 6
10590, 5
19200, 6
24750, 7
18300, 6
8700, 5
4484, 5
9852, 6
2678, 5
12300, 5
21600, 7
17550, 7
12750, 5
26400, 6
12750, 5
17850, 3
14400, 4
3792, 5
24640, 7
19200, 6
22800, 6
20550, 6
16950, 6
18750, 6
20850, 5
9420, 4
18150, 5
15060, 6
30000, 6
21600, 7
13650, 5
12300, 5
18750, 6
23250, 6
3822, 4
15150, 6
10050, 5
9000, 4
15600, 6
8944, 7
12750, 5
13950, 4
15000, 5
18300, 6
25050, 6
11040, 5
10500, 5
15940, 6
16020, 6
3056, 5
16050, 6
17760, 6
11850, 5
18300, 6
16950, 6
15420, 5
13200, 5
17850, 6
14700, 6
9570, 5
3822, 4
15150, 6
12900, 6
16950, 6
19650, 6
23850, 7
17850, 6
12750, 5
18600, 5
24390, 7
13200, 5
21000, 6
15150, 6
17700, 5
16774, 6
19650, 6
24600, 6
16500, 6
23250, 6
11970, 6
14250, 6
3132, 5
17400, 6
19200, 6
4798, 4
18300, 6
16500, 6
15000, 5
16500, 6
21240, 7
19200, 6
22440, 6
21870, 6
16350, 5
23250, 6
15150, 6
24150, 6
8340, 5
16800, 5
1313, 4
7650, 4
21150, 7
13800, 6
31140, 7
3446, 5
26850, 6
13200, 5
18750, 6
16050, 6
7200, 4
11400, 5
17850, 6
15600, 6
6870, 5
18450, 7
12300, 5
13320, 6
11850, 5
11976, 7
19500, 5
16050, 6
17820, 6
22050, 7
13650, 5
746, 5
19950, 5
5236, 6
16350, 5
9240, 5
27750, 6
18750, 6
12300, 5
8190, 4
10500, 5
9150, 5
19200, 6
19650, 6
23250, 6
14100, 5
9000, 4
14250, 6
15120, 6
13200, 5
18300, 6
4476, 5
19500, 5
15960, 6
16650, 7
18300, 6
6090, 5
15990, 5
10050, 5
8250, 5
15240, 6
17400, 6
14250, 6
22800, 6
8700, 5
25020, 6
17190, 7
17190, 7
12390, 5
7771, 6
7890, 5
15900, 5
17250, 5
11400, 5
11850, 5
3690, 4
20700, 7
18150, 5
16950, 6
18540, 7
5298, 6
18750, 6
12420, 6
11890, 6
12450, 6
13770, 6
18450, 7
14250, 6
5080, 5
21090, 6
16924, 7
4272, 4
18150, 5
11400, 5
22800, 6
15900, 5
19950, 5
8790, 5
4541, 6
5246, 5
17400, 6
16920, 6
21000, 6
20550, 6
3120, 4
15450, 5
14250, 6
19200, 6
4480, 5
15150, 6
12300, 5
15150, 6
3787, 6
10050, 5
15450, 5
4796, 5
21000, 6
4058, 5
9270, 6
16894, 6
15450, 5
20550, 6
18450, 7
11850, 5
20550, 6
10800, 4
12000, 6
7690, 5
15450, 5
15490, 6
11494, 6
18600, 5
11400, 5
12300, 5
15450, 5
19240, 7
25950, 6
14670, 6
20550, 6
19500, 5
23250, 6
10590, 5
27300, 6
9570, 5
6428, 6
15600, 6
4762, 5
29250, 7
20100, 6
18750, 6
13800, 6
17490, 6
26850, 6
18000, 7
16350, 5
14550, 5
19200, 6
8550, 4
19500, 5
18150, 5
10470, 5
16620, 7
13650, 5
13440, 6
10800, 4
22800, 6
15600, 6
12300, 5
11398, 6
18270, 6
23250, 6
6420, 5
14820, 7
15150, 6
19560, 6
2670, 4
8700, 5
10950, 5
9120, 5
22499, 6
15150, 6
4160, 6
5947, 6
17370, 6
12750, 5
10050, 5
10500, 5
12300, 5
19650, 6
17850, 6
13650, 5
13200, 5
5021, 5
16020, 6
3130, 5
7440, 5
11400, 5
15150, 6
5736, 6
31050, 7
18750, 6
7650, 4
18720, 6
10110, 6
12300, 5
23790, 6
7774, 6
17850, 6
16950, 6
14220, 6
19560, 6
6876, 6
15150, 6
4688, 4
16050, 6
21900, 6
9000, 4
16470, 6
32250, 6
3658, 6
20010, 6
18300, 6
22350, 6
20100, 6
12870, 6
21900, 6
9600, 5
12750, 5
4183, 5
15000, 5
26400, 6
13174, 6
7176, 5
14100, 5
16050, 6
12840, 5
10050, 5
26850, 6
6971, 6
9246, 6
10474, 6
15570, 6
14100, 5
21450, 6
23250, 6
8790, 5
15600, 6
9546, 5
6043, 6
16950, 6
18420, 7
10470, 5
11040, 5
14670, 6
20520, 6
2228, 5
20250, 7
14700, 6
17700, 5
6424, 6
15150, 6
1188, 5
21450, 6
15150, 6
11494, 6
24394, 8
8226, 6
16500, 6
13260, 6
14220, 6
16820, 6
18270, 6
29700, 7
16890, 5
17850, 6
13650, 5
9240, 5
8670, 5
23400, 7
13350, 6
16350, 5
17400, 6
23250, 6
16500, 6
10350, 4
16950, 6
19200, 6
21000, 6
27000, 7
17940, 6
19500, 5
4087, 5
16350, 5
12450, 6
4115, 7
16800, 5
16350, 5
18300, 6
19200, 6
12750, 5
16950, 6
16950, 6
10139, 6
18150, 5
22800, 6
20040, 5
21450, 6
16350, 5
9090, 4
22440, 6
14850, 7
19200, 6
19200, 6
11310, 5
24150, 6
17250, 5
11400, 5
15000, 5
12300, 5
11400, 5
17220, 5
13650, 5
17849, 5
11970, 6
3690, 4
15000, 5
18150, 5
9600, 5
17400, 6
9574, 6
18090, 7
12300, 5
1312, 4
21450, 6
10430, 7
20100, 6
16950, 6
16500, 6
18300, 6
15660, 7
14550, 5
25500, 6
17820, 6
14250, 6
17400, 6
11850, 5
10474, 6
20100, 6
11250, 4
11194, 7
16800, 5
10000, 5
19650, 6
3657, 5
20190, 6
24600, 6
10410, 5
19350, 7
15244, 7
16950, 6
21450, 6
1397, 5
11850, 5
16950, 6
31800, 6
21450, 6
11700, 4
10500, 5
18750, 6
18840, 6
22050, 7
8100, 4
2228, 5
10500, 5
19200, 6
11400, 5
19200, 6
13650, 5
22500, 7
15544, 6
12840, 5
6600, 3
19650, 6
17290, 6
16020, 6
15600, 6
22350, 6
20070, 6
17370, 6
24240, 6
7648, 5
10470, 5
4318, 4
15600, 6
16620, 7
14250, 6
19140, 5
12420, 6
9900, 4
20250, 7
2924, 3
1170, 3
9600, 5
17040, 6
15900, 5
2814, 6
4346, 5
21300, 5
5956, 5
4497, 4
21450, 6
10450, 5
13448, 7
13200, 5
15390, 7
22350, 6
16500, 6
21000, 6
16350, 5
13350, 6
14250, 6
15120, 6
10144, 6
18300, 6
8700, 5
10596, 6
8550, 4
3942, 5
15000, 5
16500, 6
16500, 6
12300, 5
5591, 6
9450, 4
10140, 5
14700, 6
12750, 5
21000, 6
13350, 6
20970, 6
7440, 5
10950, 5
25500, 6
10930, 6
3576, 5
15300, 4
12300, 5
8348, 6
12150, 4
13174, 6
14974, 6
18750, 6
16800, 5
9450, 4
20400, 5
17640, 7
21000, 6
15600, 6
16800, 5
17400, 6
11850, 5
19500, 5
18300, 6
19650, 6
19950, 5
18150, 5
19800, 7
16800, 5
12720, 5
16950, 6
16350, 5
9696, 6
5743, 6
6222, 5
19200, 6
7318, 6
17400, 6
24150, 6
24150, 6
12150, 4
12300, 5
23850, 7
11850, 5
14250, 6
21900, 6
13650, 5
9750, 3
19290, 6
10920, 5
6726, 5
14550, 5
20520, 6
27450, 7
10474, 6
2208, 5
10920, 5
9190, 6
23550, 5
15960, 6
5471, 5
20400, 5
16590, 6
23100, 5
18750, 6
20550, 6
15210, 7
4140, 4
22950, 7
13350, 6
21450, 6
26400, 6
16500, 6
2226, 5
4510, 5
21960, 7
11400, 5
25650, 7
18300, 6
4018, 5
24600, 6
18000, 4
21450, 6
20850, 5
17850, 6
14250, 6
4272, 4
13650, 5
14700, 6
19200, 6
16950, 6
10500, 5
16050, 6
15150, 6
18750, 6
16500, 6
9120, 5
2998, 4
15150, 6
21900, 6
18750, 6
4597, 6
18210, 6
17400, 6
18720, 6
24390, 7
14344, 7
12300, 5
19650, 6
17700, 5
15000, 5
11250, 4
8790, 5
12720, 5
11490, 5
7200, 4
15060, 6
16410, 6
12300, 5
19050, 5
20850, 5
10050, 5
17850, 6
19890, 7
19170, 6
19950, 5
6874, 6
23670, 6
11070, 6
18270, 6
13800, 6
16500, 6
21150, 7
10950, 5
18300, 6
1788, 5
16500, 6
10500, 5
15150, 6
14700, 6
15464, 7
16950, 6
22800, 6
19650, 6
14400, 4
7650, 4
13800, 6
6794, 6
4800, 3
14610, 6
13650, 5
9600, 5
21420, 6
19500, 5
16350, 5
10950, 5
18750, 6
14250, 6
24720, 7
10930, 7
10050, 5
7748, 5
15450, 5
13350, 6
14250, 6
15150, 6
22470, 7
25500, 6
22350, 6
15450, 5
22950, 7
20640, 6
10050, 5
20190, 6
12383, 6
19200, 6
19650, 6
15600, 6
17400, 6
10860, 5
12450, 6
16950, 6
18300, 6
20970, 6
15900, 5
8610, 5
12420, 6
21000, 6
18000, 7
21000, 6
7200, 4
10500, 5
14670, 6
14550, 5
16500, 6
15450, 5
1636, 4
11346, 5
11400, 5
18300, 6
13200, 5
16890, 5
17070, 7
13620, 5
23700, 6
12270, 5
21150, 7
16500, 6
21300, 5
13650, 5
15120, 6
16350, 5
7260, 5
1212, 5
15240, 6
19200, 6
22350, 6
8100, 4
16350, 5
28200, 6
20100, 6
10950, 5
11850, 5
21900, 6
15090, 5
12840, 5
8590, 5
18900, 7
10800, 4
19650, 6
17400, 6
8674, 6
20550, 6
15600, 6
16920, 6
19260, 7
12750, 5
21450, 6
3574, 5
13800, 6
13560, 5
15450, 5
18300, 6
20400, 5
13320, 6
1865, 5
18870, 7
20100, 6
4160, 6
23340, 6
3250, 5
13650, 5
15150, 6
13200, 5
4167, 5
7646, 6
5848, 5
21000, 6
11640, 6
10350, 4
11060, 7
23250, 6
10620, 6
10123, 5
12390, 5
15514, 7
9870, 4
1766, 5
13710, 6
16950, 6
17700, 5
15150, 6
12300, 5
1620, 3
29100, 6
11250, 4
21450, 6
10140, 5
19770, 7
15900, 5
22140, 7
17850, 6
12848, 6
2370, 6
5921, 5
27300, 6
20250, 7
18373, 6
15450, 5
21900, 6
12300, 5
8920, 6
18300, 6
15450, 5
20550, 6
6750, 4
7200, 4
22800, 6
2233, 4
23250, 6
14550, 5
15000, 5
11370, 5
6300, 4
1324, 5
7320, 5
13890, 6
11550, 3
17850, 6
18300, 6
10950, 5
17700, 5
12450, 6
13050, 4
22200, 5
17850, 6
6874, 5
19650, 6
23250, 6
21000, 6
12420, 6
10800, 4
7946, 5
12210, 5
18300, 6
14670, 6
11850, 5
22350, 6
19620, 6
14100, 5
16050, 6
16950, 6
14670, 6
18300, 6
11490, 5
21000, 6
25800, 5
6090, 5
4542, 6
14160, 6
13800, 6
5370, 4
19650, 6
15750, 4
16650, 4
15450, 5
12450, 6
19650, 6
20100, 6
22050, 7
24270, 7
5021, 5
16500, 6
8970, 4
16500, 6
3714, 6
14100, 5
15000, 5
15450, 5
18750, 6
8100, 4
19200, 6
15900, 5
9900, 4
12300, 5
15150, 6
8340, 5
23490, 7
6990, 5
10500, 5
10590, 5
14100, 5
21450, 6
15120, 6
9570, 5
6424, 5
18750, 6
27600, 8
13650, 5
11400, 5
180, 4
9600, 5
8100, 4
18150, 5
14550, 5
31650, 8
24750, 7
26850, 6
9240, 5
14100, 5
13500, 4
21450, 6
3896, 6
15600, 6
12750, 5
10350, 4
1766, 5
11700, 4
15450, 5
15720, 7
12300, 5
13650, 5
18270, 6
17400, 6
10140, 5
13690, 6
7046, 5
13770, 6
6567, 6
9900, 4
18300, 6
10500, 5
5971, 6
12450, 6
22800, 6
3654, 5
16350, 5
18390, 6
27450, 7
14670, 6
2670, 4
16350, 5
26100, 7
3694, 5
23700, 6
7531, 6
9574, 6
15450, 5
11040, 5
20340, 7
13350, 6
18300, 6
3576, 5
16950, 6
16050, 6
15096, 6
16050, 6
17250, 5
18150, 5
1314, 6
2802, 5
15600, 6
18600, 5
26400, 6
22200, 5
10050, 5
24150, 6
4087, 5
8670, 5
6600, 3
5232, 5
15450, 5
15450, 5
20550, 6
10500, 5
22860, 7
4647, 5
4669, 5
15900, 5
4947, 4
15120, 6
14250, 6
9240, 5
11970, 6
19650, 6
18246, 6
11400, 5
1806, 7
15570, 6
23940, 7
11850, 5
28650, 6
6426, 6
21300, 5
5995, 6
7778, 6
11850, 5
18300, 6
13650, 5
21450, 6
22800, 6
15450, 5
14344, 7
24300, 7
13106, 6
2798, 5
15450, 5
3799, 6
4608, 4
18600, 5
15996, 6
13650, 5
18300, 6
16050, 6
11400, 5
12990, 6
15090, 5
21900, 6
17850, 6
9696, 6
19590, 5
12750, 5
16390, 6
18300, 6
20100, 6
28290, 6
14344, 7
15900, 5
12870, 6
10350, 4
6600, 3
17850, 6
10500, 5
11400, 5
16050, 6
14700, 6
8100, 4
20550, 6
23850, 7
15600, 6
21750, 5
15600, 6
18300, 6
14550, 5
21900, 6
4920, 4
23700, 6
16050, 6
15600, 6
17100, 7
21750, 5
18300, 6
20100, 6
12990, 6
17850, 6
15426, 6
13800, 6
11460, 6
14140, 6
10050, 5
14700, 6
25950, 6
15690, 6
15000, 5
16800, 5
14100, 5
17040, 6
18190, 6
7650, 4
9514, 6
13200, 5
16500, 6
4332, 5
24150, 6
14670, 6
11400, 5
7050, 3
10020, 5
18750, 6
15150, 6
19650, 6
18150, 5
18300, 6
14550, 5
18300, 6
20100, 6
17676, 6
6821, 5
14820, 7
18600, 5
27750, 6
10590, 5
13770, 6
24150, 6
21450, 6
18900, 7
11910, 6
28294, 7
17400, 6
2678, 5
15900, 5
10860, 5
24600, 6
15150, 6
15450, 5
19020, 5
18150, 5
10950, 5
5009, 6
21900, 6
23250, 6
14550, 5
13200, 5
16350, 5
14046, 5
19990, 6
10020, 5
15450, 5
6821, 5
9900, 4
12420, 6
24150, 6
15690, 6
12750, 5
13200, 5
13770, 6
10470, 5
19200, 6
24150, 6
18420, 7
16500, 6
12900, 6
15150, 6
9690, 5
16350, 5
24000, 5
2982, 5
5384, 5
29100, 6
12000, 6
18600, 5
18750, 6
23400, 7
20550, 6
15600, 6
10020, 5
14550, 5
15450, 5
20100, 6
18150, 5
14250, 6
14790, 6
18300, 6
11400, 5
16350, 5
9820, 6
11048, 6
2560, 4
6750, 4
4121, 5
12150, 4
5997, 5
12870, 6
16200, 7
16320, 5
23700, 6
16050, 6
19200, 6
19500, 5
9900, 4
21420, 6
9600, 5
15000, 5
14100, 5
19050, 5
24150, 6
3418, 4
18600, 5
21450, 6
18750, 6
15750, 7
19170, 6
21450, 6
13650, 5
11824, 6
19650, 6
15600, 6
21000, 6
13200, 5
14100, 5
14550, 5
8674, 6
13650, 5
5921, 5
31800, 6
738, 4
23790, 6
29100, 6
11948, 6
12990, 6
14550, 5
10950, 5
14220, 6
12750, 5
15000, 5
19950, 5
19200, 6
9600, 5
6300, 4
12750, 5
18600, 5
11520, 6
9900, 4
29100, 6
7650, 4
3207, 5
10500, 5
17400, 6
3881, 6
10020, 5
18150, 5
11970, 6
19650, 6
25950, 6
21150, 7
1344, 5
14550, 5
22500, 7
14100, 5
8700, 5
21750, 5
26400, 6
4920, 4
25050, 6
16950, 6
14700, 6
3599, 3
14670, 6
17850, 6
21900, 6
17700, 5
24150, 6
24150, 6
14700, 6
13650, 5
10950, 5
14550, 5
28800, 7
15150, 6
15900, 5
6371, 5
11890, 6
15000, 5
13200, 5
14340, 6
11850, 5
4012, 6
23700, 6
6998, 6
12750, 5
22800, 6
8100, 4
14550, 5
10470, 5
13650, 5
24150, 6
18690, 5
19620, 6
10620, 6
13650, 5
16020, 6
7296, 5
15900, 5
10744, 7
10950, 5
38890, 6
10020, 5
18300, 6
14700, 6
7770, 5
9600, 5
17850, 6
20044, 6
16650, 4
17850, 6
13650, 5
20550, 6
23700, 6
27300, 6
20100, 6
5970, 5
20970, 6
19200, 6
25950, 6
16050, 6
15000, 5
9900, 4
19650, 6
7200, 4
15000, 5
14100, 5
14700, 6
13350, 6
13800, 6
15300, 4
16050, 6
15000, 5
24750, 7
16050, 6
20550, 6
24000, 5
11850, 5
19350, 7
21450, 6
15150, 6
4030, 6
14550, 5
15000, 5
14640, 5
15150, 6
35400, 6
12990, 6
27844, 7
10350, 4
4798, 4
2360, 5
11400, 5
14550, 5
12900, 6
3726, 6
34200, 7
20550, 6
16950, 6
20100, 6
9450, 4
10669, 6
14524, 6
12300, 5
23250, 6
10500, 5
23700, 6
21750, 5
3671, 5
19620, 6
14550, 5
20100, 6
21900, 6
5921, 5
19650, 6
5981, 6
18750, 6
9046, 6
14550, 5
2170, 5
8220, 5
5547, 5
11400, 5
22350, 6
12300, 5
24000, 5
14850, 4
8550, 4
17250, 5
15690, 6
13650, 5
26550, 7
17400, 6
10500, 5
14250, 6
6193, 6
13200, 5
19200, 6
12750, 5
6583, 6
22350, 6
16500, 6
17850, 6
18750, 6
14100, 5
9120, 5
13200, 5
13500, 4
16800, 5
14550, 5
11400, 5
14700, 6
13050, 4
5095, 6
9600, 5
26100, 7
13800, 6
21900, 6
14160, 6
13500, 4
17250, 5
19200, 6
11827, 6
20070, 6
31050, 7
14700, 6
17700, 5
9244, 6
18300, 6
18750, 6
7795, 6
11250, 4
15600, 6
24600, 6
10920, 5
1322, 4
11700, 4
22350, 6
13200, 5
5396, 6
2340, 4
10950, 5
12660, 5
20100, 6
19620, 6
21600, 7
12870, 6
15150, 6
12750, 5
11428, 6
13650, 5
23700, 6
15900, 5
21690, 7
19500, 5
7902, 7
23700, 6
14700, 6
14100, 5
17850, 6
17250, 5
13140, 7
3637, 5
14670, 6
13800, 6
17850, 6
14400, 4
15450, 5
26400, 6
14076, 6
17850, 6
16350, 5
3570, 4
30600, 7
19410, 5
19650, 6
2078, 4
10950, 5
13350, 6
16470, 6
15600, 6
9300, 3
21900, 6
4947, 4
20550, 6
15150, 6
14340, 6
3624, 5
15420, 5
12900, 6
14970, 5
11400, 5
25500, 6
11940, 5
4422, 5
13650, 5
19800, 7
4140, 4
3906, 5
9000, 4
15900, 5
4740, 5
17250, 5
16950, 6
18840, 6
17400, 6
16800, 5
20550, 6
9000, 4
19050, 5
18420, 7
7272, 6
11946, 6
7440, 5
10950, 5
9150, 5
22350, 6
19650, 6
10950, 5
9600, 5
7320, 5
16800, 5
12750, 5
11250, 4
29100, 6
11400, 5
16350, 5
6411, 6
10950, 5
16050, 6
14100, 5
4414, 5
9150, 5
15000, 5
18300, 6
12150, 4
6426, 6
10020, 5
18300, 6
20100, 6
16350, 5
7890, 5
25500, 6
18750, 6
11310, 5
18750, 6
21000, 6
15900, 5
20100, 6
17400, 6
9300, 3
11850, 5
15570, 6
21990, 6
12424, 7
4602, 5
18750, 6
12750, 5
14550, 5
15874, 6
10110, 6
22500, 7
5021, 5
19650, 6
17550, 7
7513, 5
11520, 6
14700, 6
14220, 6
2982, 5
20550, 6
23250, 6
6870, 5
9450, 4
22350, 6
16500, 6
12728, 6
10920, 5
4197, 5
24124, 7
9600, 5
23644, 6
8550, 4
15900, 5
21450, 6
22350, 6
11850, 5
24900, 5
22800, 6
23700, 6
15600, 6
25950, 6
10050, 5
10050, 5
11820, 5
18750, 6
16470, 6
31350, 6
2998, 4
8670, 5
21450, 6
20550, 6
12900, 6
15020, 6
13200, 5
16500, 6
15450, 5
17250, 5
5078, 6
15690, 6
16500, 6
10050, 5
11040, 5
4350, 3
15450, 5
14550, 5
18270, 6
14250, 6
15900, 5
7120, 6
15600, 6
5820, 4
20100, 6
16500, 6
13350, 6
37050, 5
16500, 6
22350, 6
21000, 6
24270, 7
23700, 6
14010, 5
10610, 5
2676, 5
19350, 7
16500, 6
11400, 5
11400, 5
16470, 6
6750, 4
22800, 6
20550, 6
10920, 5
21000, 6
14700, 6
15600, 6
4152, 5
17400, 6
24450, 5
15102, 6
15150, 6
27300, 6
18750, 6
15000, 5
16050, 6
10050, 5
21900, 6
12523, 6
10500, 5
7650, 4
14670, 6
31350, 6
11520, 6
15150, 6
19050, 5
16950, 6
20070, 6
8220, 5
12750, 5
21900, 6
22800, 6
16950, 6
15240, 6
18750, 6
9700, 7
24840, 7
10950, 5
23098, 6
22350, 6
12900, 6
15150, 6
18600, 5
17850, 6
14700, 6
20550, 6
13800, 6
15000, 5
20850, 5
21848, 6
24750, 7
16800, 5
18750, 6
18450, 7
6424, 6
19200, 6
3136, 5
20850, 5
12750, 5
13170, 5
8220, 5
15000, 5
23250, 6
9450, 4
20100, 6
11640, 6
17850, 6
22950, 7
15000, 5
10146, 6
10148, 6
10020, 5
20970, 6
23250, 6
16950, 6
12790, 6
9900, 4
16800, 5
23700, 6
10500, 5
13590, 4
742, 5
12750, 5
6420, 5
14700, 6
14640, 5
22410, 7
10050, 5
18750, 6
14250, 6
14100, 5
11700, 4
15060, 6
22050, 7
21900, 6
16800, 5
27150, 5
13650, 5
6146, 5
22500, 7
18398, 7
8621, 5
14700, 6
19290, 6
24450, 5
21000, 6
15900, 5
24150, 6
7650, 4
4767, 6
15450, 5
20700, 7
10144, 6
18270, 6
9000, 4
13740, 5
4346, 5
22770, 6
24000, 5
20100, 6
23700, 6
23250, 6
3267, 5
4121, 5
15450, 5
20970, 6
20850, 5
24750, 7
12750, 5
14100, 5
24240, 6
6971, 6
21900, 6
7200, 4
19350, 7
5246, 5
14100, 5
10042, 5
18750, 6
13650, 5
15900, 5
16500, 6
19200, 6
16950, 6
15600, 6
15900, 5
20100, 6
27000, 7
16050, 6
25200, 7
23250, 6
9150, 5
23700, 6
10500, 5
18600, 5
7330, 6
13650, 5
12870, 6
14100, 5
24150, 6
18750, 6
6750, 4
16050, 6
8100, 4
13350, 6
25950, 6
16950, 6
13350, 6
16350, 5
28650, 6
13800, 6
16950, 6
5772, 5
18750, 6
17700, 5
5437, 5
14700, 6
13320, 6
7650, 4
6288, 6
10476, 6
19650, 6
9000, 4
10020, 5
16800, 5
27900, 7
16950, 6
17850, 6
8802, 6
23250, 6
3124, 5
14100, 5
23220, 6
17250, 5
16350, 5
3372, 4
17850, 6
18750, 6
11820, 5
24390, 7
19050, 5
17850, 6
21900, 6
9900, 4
23250, 6
29850, 8
19650, 6
15570, 6
8790, 5
17824, 7
7896, 6
17400, 6
15600, 6
10950, 5
9450, 4
22050, 7
19650, 6
7890, 5
3874, 5
9600, 5
18150, 5
20100, 6
24600, 6
10500, 5
12750, 5
20400, 5
19650, 6
5376, 5
6300, 4
22200, 5
17250, 5
11850, 5
9060, 5
15300, 4
12300, 5
16390, 6
10518, 6
868, 4
7690, 5
14100, 5
3714, 5
4350, 3
14700, 6
16050, 6
14250, 6
14550, 5
17940, 6
20070, 6
24600, 6
9450, 4
16350, 5
13200, 5
18300, 6
18300, 6
15570, 6
16950, 6
2808, 6
21150, 7
32850, 7
27000, 7
17250, 5
31800, 6
14550, 5
17850, 6
15270, 7
19740, 6
13650, 5
22350, 6
20100, 6
23250, 6
28650, 6
21900, 6
21000, 6
11640, 6
25950, 6
4121, 5
12300, 5
3126, 5
1190, 5
21000, 6
15150, 6
17400, 6
10950, 5
12840, 5
11850, 5
18150, 5
3256, 6
20700, 7
13770, 6
11850, 5
15690, 6
10950, 5
20850, 5
19650, 6
6951, 5
10740, 6
17850, 6
13800, 6
6420, 5
17850, 6
21750, 5
14674, 6
8224, 6
21900, 6
13324, 7
17700, 5
15108, 7
8590, 5
16800, 5
13302, 6
14100, 5
8340, 5
12094, 7
7320, 5
10140, 5
20400, 5
11400, 5
22050, 7
1128, 5
7770, 5
22950, 4
18750, 6
16950, 6
22950, 7
13650, 5
20340, 7
15120, 6
17370, 6
7650, 4
19200, 6
25500, 6
16320, 5
19050, 5
12300, 5
18270, 6
3690, 4
18600, 5
9574, 6
8590, 5
23700, 6
23700, 6
19200, 6
21000, 6
11970, 6
11850, 5
12720, 5
14610, 6
23250, 6
17190, 7
19950, 5
22500, 7
16470, 6
10950, 5
19200, 6
15120, 6
29250, 7
17850, 6
16050, 6
15450, 5
14700, 6
18600, 5
16500, 6
21000, 6
16500, 6
25800, 5
13320, 6
16500, 6
22800, 6
21000, 6
22800, 6
17348, 6
1777, 6
21450, 6
10020, 5
14340, 6
10500, 5
15150, 6
9450, 4
16050, 6
18600, 5
10500, 5
15000, 5
11496, 6
13350, 6
16170, 7
19710, 7
22350, 6
19650, 6
11490, 5
13650, 5
20850, 5
17850, 6
16050, 6
23700, 6
17250, 5
15450, 5
18750, 6
16950, 6
11370, 5
5967, 5
5547, 5
13650, 5
21540, 6
4968, 5
14700, 6
17550, 7
10170, 6
12300, 5
16500, 6
18300, 6
16950, 6
19200, 6
23344, 7
15570, 6
13200, 5
14160, 6
11400, 5
15600, 6
14700, 6
5471, 5
15150, 6
8160, 5
21900, 6
4197, 5
12300, 5
20100, 6
16050, 6
9126, 6
19200, 6
10140, 5
16950, 6
22470, 7
8346, 6
19350, 7
9702, 7
11400, 5
15060, 6
15600, 6
24750, 7
9537, 5
20550, 6
11490, 5
31500, 7
11400, 5
16800, 5
3298, 3
18990, 7
16950, 6
23700, 6
20100, 6
18300, 6
19800, 7
15600, 6
12300, 5
22350, 6
19170, 6
10590, 5
9292, 6
24150, 6
13800, 6
27300, 6
9450, 4
19500, 5
19200, 6
27750, 6
5071, 6
17850, 6
17850, 6
13350, 6
5848, 5
10470, 5
22350, 6
3254, 5
10476, 6
17490, 6
4121, 5
22200, 5
15150, 6
14250, 6
19650, 6
21900, 6
12750, 5
21900, 6
24600, 6
14590, 6
9570, 5
9600, 5
23700, 6
20400, 5
9120, 5
14100, 5
12270, 5
2550, 3
25350, 5
17850, 6
13200, 5
21540, 6
24750, 7
21450, 6
19444, 8
18300, 6
23700, 6
8846, 5
11850, 5
7257, 5
17400, 6
26100, 7
14550, 5
10350, 4
14100, 5
20100, 6
11400, 5
18300, 6
4121, 5
4150, 5
18300, 6
23700, 6
13200, 5
20100, 6
19650, 6
16650, 7
13894, 7
13240, 6
26550, 7
26400, 6
2728, 4
25950, 6
4647, 5
14850, 4
13650, 5
11490, 5
21900, 6
19200, 6
12300, 5
17370, 6
2800, 5
2794, 5
23700, 6
15750, 7
15750, 7
3134, 6
17400, 6
15120, 6
8250, 5
17652, 5
7200, 4
5172, 4
17400, 6
20100, 6
14550, 5
23250, 6
17820, 6
16920, 6
23250, 6
11850, 5
19200, 6
16860, 6
18750, 6
15570, 6
15150, 6
18300, 6
12073, 6
11250, 4
12750, 5
880, 5
15150, 6
16350, 5
16500, 6
13050, 4
12994, 7
16800, 5
12270, 5
26400, 6
26400, 6
20670, 7
6300, 4
22950, 7
8700, 5
15300, 7
12450, 6
19500, 5
12900, 6
27150, 5
7496, 5
19800, 4
19890, 7
18300, 6
16500, 6
26850, 6
17760, 6
16140, 6
13200, 5
10152, 7
20550, 6
13800, 6
13350, 6
14700, 6
17850, 6
22350, 6
9000, 4
17190, 7
15600, 6
24600, 6
15600, 6
26400, 6
17850, 6
14550, 5
15600, 6
15000, 5
24150, 6
23250, 6
6991, 6
23220, 6
14100, 5
738, 5
18600, 5
6387, 5
15150, 6
10090, 6
3726, 6
17250, 5
7497, 6
4800, 3
14200, 6
17850, 6
9150, 5
23250, 6
14100, 5
19200, 6
10050, 5
10050, 5
15150, 6
24750, 7
9600, 5
13320, 6
17220, 5
7440, 5
21000, 6
19200, 6
10050, 5
14100, 5
13650, 5
17520, 7
11850, 5
16800, 5
15240, 6
8070, 4
17850, 6
14250, 6
13620, 5
12000, 6
21000, 6
16890, 5
12870, 6
26850, 6
27750, 6
3287, 6
12300, 5
25290, 7
11850, 5
15900, 5
13350, 6
12300, 5
16950, 6
11970, 6
10950, 5
20850, 5
12300, 5
14220, 6
12750, 5
8100, 4
15040, 6
18750, 6
36450, 7
11070, 6
20100, 6
20100, 6
5623, 5
120, 2
25500, 6
17850, 6
11850, 5
16020, 6
16590, 6
15600, 6
15900, 5
16350, 5
22350, 6
16950, 6
15600, 6
19800, 7
14670, 6
16350, 5
12600, 4
20400, 5
17400, 6
17700, 5
23250, 6
21900, 6
12270, 5
12810, 6
17400, 6
6846, 5
10950, 5
11250, 4
16950, 6
15120, 6
31050, 7
3146, 6
14224, 7
24450, 8
15120, 6
24150, 6
13650, 5
3738, 5
22800, 6
25650, 7
16500, 6
12300, 5
18750, 6
23700, 6
10144, 6
9147, 5
18300, 6
28650, 6
12900, 6
12900, 6
16950, 6
12750, 5
9600, 5
15000, 5
10350, 4
17850, 6
19290, 6
17640, 7
13148, 5
23700, 6
11490, 5
16320, 5
16200, 4
16448, 6
11834, 7
15450, 5
11400, 5
15900, 5
17043, 7
21270, 5
14194, 6
20550, 6
10950, 5
13200, 5
22800, 6
14550, 5
8220, 5
24000, 5
9940, 5
13800, 6
7320, 5
15900, 5
19200, 6
21450, 6
13800, 6
22950, 7
9040, 5
15900, 5
15900, 5
12790, 6
20550, 6
20100, 6
17850, 6
14100, 5
19200, 6
10840, 5
12900, 6
9690, 5
18150, 5
23100, 5
13008, 6
19650, 6
11820, 5
13024, 5
3822, 4
18300, 6
11048, 6
15000, 5
22350, 6
12900, 6
9900, 4
24000, 5
17400, 6
11520, 6
28650, 6
14923, 7
17850, 6
28350, 7
24750, 7
21000, 6
15600, 6
7260, 5
10950, 5
17850, 6
23700, 6
11850, 5
25560, 7
18750, 6
17820, 6
21000, 6
20250, 7
10500, 5
20550, 6
13650, 5
16470, 6
13650, 5
13444, 7
18674, 6
9128, 6
27450, 7
11850, 5
17400, 6
13650, 5
19200, 6
1190, 5
24600, 6
15900, 5
12450, 6
16500, 6
14250, 6
8970, 4
14100, 5
5471, 5
16800, 5
10020, 5
14100, 5
13800, 6
20100, 6
22440, 6
2808, 5
18750, 6
4476, 5
19500, 5
9000, 4
13746, 6
22590, 7
19170, 6
17370, 6
16050, 6
12450, 6
16650, 4
22800, 6
11940, 5
16500, 6
20850, 5
19200, 6
15600, 6
25290, 7
18420, 7
16050, 6
21300, 5
18450, 7
26400, 6
8550, 4
18300, 6
20519, 8
13200, 5
17700, 5
19050, 5
18750, 6
13200, 5
23700, 6
12720, 5
11460, 6
22350, 6
18300, 6
19650, 6
13650, 5
14250, 6
9900, 4
13200, 5
19200, 6
14100, 5
14550, 5
19500, 5
24300, 7
11850, 5
21000, 6
16500, 6
15150, 6
18750, 6
11070, 6
10050, 5
20250, 7
17220, 5
2376, 5
22444, 7
31050, 7
22350, 6
20550, 6
9690, 5
1198, 5
17700, 5
22350, 6
13770, 6
18300, 6
18150, 5
15750, 4
18300, 6
17400, 6
16800, 5
168, 3
20100, 6
24120, 6
4604, 5
19200, 6
9150, 5
16650, 4
18300, 6
16050, 6
20640, 6
5212, 5
14790, 6
18600, 5
17850, 6
19200, 6
13800, 6
15900, 5
25560, 7
20970, 6
14340, 6
17370, 6
19200, 6
6480, 6
23400, 7
20550, 6
19500, 5
10050, 5
15450, 5
19320, 7
15000, 5
4047, 4
15600, 6
7770, 5
17820, 6
13290, 5
11850, 5
22890, 6
11520, 6
12300, 5
14250, 6
25500, 6
16650, 7
16418, 7
16350, 5
17400, 6
3050, 5
21900, 6
12990, 6
11700, 4
9120, 5
14550, 5
20100, 6
18270, 6
12270, 5
16800, 5
15600, 6
18750, 6
14100, 5
15600, 6
21450, 6
16800, 5
24600, 6
15000, 5
14250, 6
6270, 4
11700, 4
16840, 6
18300, 6
21450, 6
5692, 5
10500, 5
14550, 5
8348, 6
20640, 6
1050, 2
15570, 6
23250, 6
16350, 5
5520, 5
18300, 6
10950, 5
23400, 7
14550, 5
15600, 6
7770, 5
4796, 5
11490, 5
10950, 5
4348, 4
8700, 5
16050, 6
13650, 5
12750, 5
22198, 6
26850, 6
1316, 6
24150, 6
14850, 4
9071, 5
14400, 4
20400, 5
13200, 5
13800, 6
9840, 6
16500, 6
10140, 5
17250, 5
16050, 6
11850, 5
12090, 6
13800, 6
4024, 6
11070, 6
12300, 5
5021, 5
359, 3
12420, 6
17850, 6
16800, 5
12300, 5
3268, 6
11040, 5
13170, 5
28350, 7
10144, 6
15600, 6
15450, 5
17400, 6
21300, 5
13350, 6
12750, 5
15000, 5
17070, 7
17400, 6
8226, 6
20850, 5
26100, 7
10050, 5
14550, 5
27750, 6
19350, 7
18150, 5
17946, 7
12600, 4
24600, 6
11010, 6
14100, 5
19950, 5
19650, 6
16950, 6
16920, 6
18750, 6
22050, 7
16770, 5
19050, 5
14700, 6
13350, 6
7466, 6
13320, 6
12420, 6
17250, 5
16950, 6
9120, 5
16950, 6
13950, 4
18300, 6
17490, 6
23700, 6
16500, 6
14700, 6
16950, 6
17850, 6
11700, 4
6358, 6
19650, 6
13800, 6
19200, 6
16950, 6
3250, 5
13200, 5
16620, 7
21540, 6
14100, 5
16350, 5
9300, 3
16920, 6
15960, 6
18600, 5
20140, 7
15150, 6
17290, 6
24600, 6
9600, 5
3673, 4
13200, 5
3446, 5
16950, 6
15900, 5
15900, 5
21450, 6
14250, 6
12270, 5
4476, 5
15000, 5
13620, 5
19200, 6
24450, 5
16050, 6
8220, 5
20640, 6
17400, 6
14610, 6
15094, 6
15000, 5
26100, 7
11250, 4
13200, 5
13200, 5
13620, 5
7650, 4
12300, 5
30150, 7
3372, 4
11100, 6
8670, 5
18600, 5
19200, 6
13500, 4
21300, 5
15750, 4
17040, 6
16800, 5
8670, 5
21990, 6
13200, 5
13440, 6
13200, 5
10500, 5
12300, 5
11250, 4
1764, 4
3418, 4
12750, 5
16800, 5
11400, 5
16887, 6
18750, 6
10032, 7
4796, 5
13200, 5
19724, 7
371, 5
2620, 5
11310, 5
13800, 6
20400, 5
19350, 7
16950, 6
13200, 5
24120, 6
904, 6
12840, 5
21600, 7
17228, 6
16950, 6
13200, 5
15450, 5
21450, 6
21900, 6
4920, 4
20850, 5
5520, 5
768, 5
184, 5
21000, 6
9000, 4
12300, 5
12750, 5
21150, 7
13320, 6
12300, 5
8160, 5
11224, 5
13320, 6
3880, 5
18640, 6
11820, 5
20550, 6
19950, 5
18750, 6
27900, 7
21750, 5
17850, 6
18750, 6
19200, 6
13200, 5
30420, 6
21900, 6
20440, 6
16950, 6
17400, 6
22350, 6
15900, 5
15424, 6
15690, 6
18150, 5
3120, 4
11550, 6
6300, 4
17400, 6
14550, 5
17400, 6
14590, 6
16050, 6
16410, 6
15750, 4
15000, 5
10500, 5
19950, 5
19620, 6
15150, 6
11400, 5
21090, 6
16050, 6
12720, 5
14100, 5
20850, 5
16500, 6
10924, 6
25200, 7
8550, 4
375, 4
9450, 4
1500, 2
11850, 5
22650, 5
18300, 6
17700, 5
11850, 5
17250, 5
10500, 5
24150, 6
20550, 6
20100, 6
7050, 3
15490, 6
17700, 5
12300, 5
20550, 6
22800, 6
14670, 6
10920, 5
10500, 5
14970, 5
18600, 5
6298, 5
13650, 5
19200, 6
30426, 7
14100, 5
36450, 7
11400, 5
14700, 6
8172, 6
18150, 5
12750, 5
4197, 5
11550, 6
13350, 6
16950, 6
5246, 5
22800, 6
11400, 5
3258, 5
22350, 6
17550, 7
22350, 6
23250, 6
20550, 6
12000, 6
20550, 6
17850, 6
14100, 5
2670, 4
17550, 4
17700, 5
17850, 6
16050, 6
5246, 5
18300, 6
18000, 7
12900, 6
21300, 5
10020, 5
22950, 7
18750, 6
3972, 5
14250, 6
20400, 5
20520, 6
28350, 7
14250, 6
21450, 6
16200, 4
6969, 6
18300, 6
16950, 6
17250, 5
18810, 7
7271, 5
14400, 4
13350, 6
12870, 6
13549, 7
2550, 3
19500, 5
16499, 5
14640, 5
10024, 6
14550, 5
19620, 6
11400, 5
10350, 4
21900, 6
27150, 8
11970, 6
9120, 5
12300, 5
7320, 5
13650, 5
24000, 5
14250, 6
14590, 6
15450, 5
6071, 6
16500, 6
16950, 6
14700, 6
17400, 6
15600, 6
17190, 7
10500, 5
16920, 6
18300, 6
10650, 3
11850, 5
19800, 7
13140, 4
16774, 6
14250, 6
19200, 6
11970, 6
12274, 6
19050, 5
15450, 5
18000, 7
23700, 6
23190, 5
13770, 6
18750, 6
15450, 5
27150, 5
16324, 6
2670, 4
11520, 6
22200, 5
13050, 4
17940, 6
13170, 5
8622, 6
12750, 5
20100, 6
16050, 6
15150, 6
14550, 5
4020, 4
21000, 6
21000, 6
19650, 6
29700, 7
19200, 6
19050, 5
21450, 6
10050, 5
12450, 6
21900, 6
18300, 6
13350, 6
15450, 5
12900, 6
19200, 6
5770, 6
15150, 6
21900, 6
24900, 5
18750, 6
22500, 7
10050, 5
9150, 5
14220, 6
17940, 6
26100, 7
14220, 6
16770, 5
18750, 6
21150, 7
17400, 6
21000, 6
8140, 5
18750, 6
26850, 6
18300, 6
9450, 4
12210, 5
15600, 6
6596, 5
21000, 6
15000, 5
20520, 6
14700, 6
14700, 6
1316, 6
12900, 6
17850, 6
26850, 6
12870, 6
16050, 6
13800, 6
16650, 7
20700, 7
10500, 5
23400, 7
3120, 4
13650, 5
16800, 5
10950, 5
11850, 5
2893, 5
27750, 6
16410, 6
12990, 6
17700, 5
14550, 5
1174, 4
3518, 5
15450, 5
16774, 6
7710, 5
18300, 6
17700, 5
16800, 5
13350, 6
1626, 4
9600, 5
17400, 6
18600, 5
6132, 5
16470, 6
7774, 6
7324, 6
21900, 6
16950, 6
16350, 5
13240, 6
12390, 5
29100, 6
19170, 6
9124, 6
13350, 6
19650, 6
13650, 5
6146, 5
19050, 5
12750, 5
19350, 7
14640, 5
17400, 6
25950, 6
4152, 6
21300, 5
21420, 6
21994, 7
16350, 5
16050, 6
14100, 5
23250, 6
20400, 5
10800, 4
16050, 6
14700, 6
15900, 5
17250, 5
17820, 6
7290, 4
22800, 6
23610, 6
4350, 3
16170, 7
23400, 7
25950, 6
16050, 6
22200, 5
17490, 6
11890, 6
7650, 4
19740, 6
18870, 7
16050, 6
17700, 5
13200, 5
12870, 6
5246, 5
8078, 5
21870, 6
22350, 6
10200, 6
10050, 5
15450, 5
10950, 5
23700, 6
19500, 5
7440, 5
14100, 5
22350, 6
19200, 6
22890, 6
15120, 6
9750, 6
18600, 5
24150, 6
17400, 6
17850, 6
22920, 7
18600, 5
3424, 5
8172, 6
6360, 5
17400, 6
18600, 5
10245, 6
9064, 6
10500, 5
10906, 6
17400, 6
11400, 5
16950, 6
21000, 6
20100, 6
19050, 5
25950, 6
12750, 5
16950, 6
11100, 6
17550, 7
22020, 7
20550, 6
10140, 5
22920, 7
23700, 6
23550, 5
14100, 5
19650, 6
16800, 5
15600, 6
2360, 5
18150, 5
19474, 6
21900, 6
2080, 4
12750, 5
27750, 6
5021, 5
14434, 6
10470, 5
8670, 5
22500, 7
13260, 6
20520, 6
17250, 5
14670, 6
22800, 6
12900, 6
12750, 5
17400, 6
20550, 6
18150, 5
16950, 6
10436, 6
12300, 5
13650, 5
13240, 6
15900, 5
5623, 5
16950, 6
15640, 7
18600, 5
14550, 5
31050, 7
3990, 3
12870, 6
18990, 7
7950, 3
17700, 5
1290, 3
4571, 5
16020, 6
7620, 4
22800, 6
17940, 6
17850, 6
25050, 6
24150, 6
11400, 5
16410, 6
16350, 5
26850, 6
17850, 6
21000, 6
21900, 6
32100, 8
22350, 6
16350, 5
15450, 5
16050, 6
15750, 7
7448, 6
15570, 6
18900, 7
11520, 6
25950, 6
12244, 5
7770, 5
10950, 5
13200, 5
14100, 5
15240, 6
11400, 5
19650, 6
17400, 6
11048, 6
6856, 5
13200, 5
11400, 5
14670, 6
6747, 4
11850, 5
14340, 6
9000, 4
14100, 5
15120, 6
8670, 5
14340, 6
14250, 6
25650, 7
20520, 6
25500, 6
14100, 5
10064, 6
14250, 6
15600, 6
16950, 6
18424, 8
15600, 6
20100, 6
4272, 4
12600, 4
17820, 6
11040, 5
19200, 6
19500, 5
16920, 6
16500, 6
24600, 6
6758, 6
16950, 6
13800, 6
8700, 5
19350, 7
11850, 5
15600, 6
14100, 5
25310, 7
18750, 6
13650, 5
22050, 7
9510, 5
23700, 6
22800, 6
11970, 6
14250, 6
15270, 7
21300, 5
13650, 5
12750, 5
13200, 5
29250, 7
9000, 4
18300, 6
23220, 6
27450, 7
19650, 6
16500, 6
15600, 6
13800, 6
20550, 6
20100, 6
7890, 5
15300, 7
12600, 4
8226, 6
9600, 5
28950, 5
3258, 5
23850, 7
16050, 6
19200, 6
10950, 5
15998, 6
20550, 6
18750, 6
8940, 6
15450, 5
16500, 6
20070, 6
20700, 7
17700, 5
16500, 6
20040, 5
17700, 5
16800, 5
9600, 5
23250, 6
19200, 6
17850, 6
9040, 5
18300, 6
11190, 6
15000, 5
24750, 7
19650, 6
18300, 6
10500, 5
11374, 6
19290, 6
9900, 4
15750, 7
25950, 6
22350, 6
15120, 6
17700, 5
19200, 6
18150, 5
18150, 5
18270, 6
9960, 5
13650, 5
24750, 7
21900, 6
16050, 6
9570, 5
12300, 5
21900, 6
16500, 6
18750, 6
3372, 4
9510, 5
18600, 5
21450, 6
9946, 6
20644, 7
9840, 6
4123, 4
30900, 6
24750, 7
21420, 6
4722, 4
4154, 5
14700, 6
14250, 6
11700, 4
12150, 4
9600, 5
15673, 6
17400, 6
9900, 4
6371, 5
31020, 7
13177, 6
22350, 6
17850, 6
19650, 6
15570, 6
29550, 6
23400, 7
24120, 6
14100, 5
14790, 6
14502, 5
15870, 5
10920, 5
18150, 5
18900, 7
20100, 6
31350, 6
21420, 6
17700, 5
17370, 6
20250, 7
12169, 6
34650, 7
7776, 6
18900, 7
8700, 5
16050, 6
12870, 6
24600, 6
20550, 6
16050, 6
13200, 5
21000, 6
12720, 5
15600, 6
8670, 5
15600, 6
11400, 5
15150, 6
15600, 6
5997, 5
17850, 6
21540, 6
4593, 5
17850, 6
14250, 6
10500, 5
12300, 5
11850, 5
15000, 5
16050, 6
20070, 6
24600, 6
16800, 5
13200, 5
19320, 7
22350, 6
21000, 6
22500, 7
12720, 5
9359, 6
23220, 6
24450, 5
7758, 6
17850, 6
25200, 7
3718, 7
15150, 6
8160, 5
17700, 5
14700, 6
23250, 6
8670, 5
19500, 5
21000, 6
24600, 6
17850, 6
13296, 6
13200, 5
10148, 6
20100, 6
14700, 6
16800, 5
3671, 5
375, 4
14550, 5
17850, 6
19200, 6
19350, 7
9546, 5
13620, 5
9996, 5
16500, 6
1194, 4
18600, 5
22350, 6
17700, 5
19500, 5
14839, 6
9900, 4
17400, 6
9900, 4
23250, 6
11850, 5
19050, 5
15120, 6
17250, 5
20100, 6
14100, 5
10350, 4
27300, 6
16500, 6
24600, 6
1311, 6
16050, 6
22350, 6
13200, 5
18750, 6
12750, 5
13650, 5
16950, 6
16050, 6
18390, 6
19200, 6
12660, 5
8400, 3
16050, 6
13320, 6
17850, 6
15994, 6
22350, 6
13200, 5
22350, 6
12300, 5
15600, 6
15150, 6
11550, 6
13800, 6
15600, 6
21150, 7
21090, 6
6420, 5
12750, 5
17250, 5
20100, 6
15900, 5
12750, 5
18214, 7
11640, 6
21900, 6
11850, 5
14220, 6
15600, 6
9990, 4
19650, 6
26850, 6
18750, 6
16140, 6
7800, 5
10020, 5
16500, 6
16500, 6
14640, 5
13650, 5
17400, 6
6094, 6
15150, 6
22500, 7
19050, 5
3252, 5
8172, 6
1206, 5
16470, 6
7650, 4
11910, 6
15000, 5
13500, 4
24300, 7
22350, 6
19200, 6
19200, 6
22350, 6
10800, 4
12750, 5
11100, 3
19650, 6
3712, 6
25470, 6
7440, 5
3262, 6
18000, 7
17250, 5
22350, 6
11850, 5
11400, 5
23700, 6
20100, 6
19440, 7
7650, 4
25020, 6
13650, 5
9450, 4
21900, 6
12724, 6
11173, 6
20400, 5
11400, 5
6521, 6
22320, 6
7260, 5
11400, 5
19620, 6
6420, 5
15900, 5
14250, 6
4132, 5
6821, 5
16350, 5
20100, 6
19650, 6
27720, 6
15150, 6
13500, 4
16500, 6
23250, 6
20850, 5
18600, 5
3130, 5
19200, 6
9840, 6
5846, 6
14140, 6
25950, 6
17850, 6
19499, 7
16800, 5
19650, 6
36300, 6
11370, 5
15000, 5
10920, 5
18240, 5
12750, 5
11850, 5
9150, 5
15150, 6
30750, 8
13260, 6
32850, 7
13800, 6
14648, 6
18750, 6
16050, 6
18300, 6
18600, 5
14700, 6
15600, 6
10950, 5
17550, 7
15150, 6
7770, 5
156, 4
19350, 7
16950, 6
24600, 6
22050, 7
18420, 7
23700, 6
22350, 6
19650, 6
16350, 5
16950, 6
11850, 5
20550, 6
10050, 5
16500, 6
20100, 6
21300, 5
12750, 5
12450, 6
13950, 4
15450, 5
4920, 4
11040, 5
6998, 6
3000, 3
12000, 6
16470, 6
21300, 5
18900, 4
14700, 6
13444, 7
17700, 5
7650, 4
15960, 6
23250, 6
17850, 6
15450, 5
5743, 6
14160, 6
17850, 6
9124, 6
13500, 4
16920, 6
18450, 7
12750, 5
16950, 6
14100, 5
16950, 6
31050, 7
8610, 5
17400, 6
24600, 6
17400, 6
12120, 7
8700, 5
15150, 6
20520, 6
14700, 6
11890, 6
19200, 6
15150, 6
13800, 6
8610, 5
16024, 7
15150, 6
11700, 4
14400, 4
7650, 4
27300, 6
15720, 7
8610, 5
17850, 6
10020, 5
16950, 6
2682, 5
19050, 5
3120, 4
13500, 4
16050, 6
10500, 5
15510, 6
11550, 6
14250, 6
1758, 5
14700, 6
16800, 5
12750, 5
16350, 5
12900, 6
17850, 6
17400, 6
4026, 5
16950, 6
14100, 5
12900, 6
15600, 6
24150, 6
25050, 6
20400, 5
12600, 4
10170, 6
1628, 4
16350, 5
13200, 5
7714, 6
8700, 5
15150, 6
1349, 3
5960, 4
24150, 6
15600, 6
11494, 6
25200, 7
15720, 7
15450, 5
9900, 4
15450, 5
19650, 6
12750, 5
19690, 7
4497, 4
21450, 6
10500, 5
19500, 5
23250, 6
16500, 6
17250, 5
16500, 6
10350, 4
14250, 6
25950, 6
11010, 6
11640, 6
2550, 3
7890, 5
3232, 4
4439, 4
26850, 6
8400, 3
21000, 6
14160, 6
15600, 6
23670, 6
10950, 5
5892, 6
11520, 6
9900, 4
16774, 6
3256, 6
12450, 6
13350, 6
7123, 6
14340, 6
18750, 6
4796, 5
8550, 4
20520, 6
30900, 6
5907, 5
10048, 6
10500, 5
14640, 5
16050, 6
15000, 5
11700, 4
15600, 6
9570, 5
16950, 6
14850, 4
15600, 6
20550, 6
15150, 6
11700, 4
11400, 5
15000, 5
14550, 5
15000, 5
6132, 5
14250, 6
30000, 6
21390, 5
15600, 6
8160, 5
15690, 6
4590, 4
10476, 6
13200, 5
24150, 6
16200, 7
3496, 6
16500, 6
12000, 6
13800, 6
2213, 4
17850, 6
9240, 5
8550, 4
7570, 6
11400, 5
20100, 6
3671, 5
12840, 5
17398, 6
5458, 6
26550, 7
12750, 5
14790, 6
14250, 6
20640, 6
10560, 6
25500, 6
12250, 5
15510, 6
18270, 6
14700, 6
18390, 6
25500, 6
10590, 5
16500, 6
4348, 4
14550, 5
16020, 6
12420, 6
15000, 5
18390, 6
24450, 8
17850, 6
11400, 5
10024, 6
4796, 5
10050, 5
16350, 5
12300, 5
14700, 6
17700, 5
14100, 5
16950, 6
18600, 5
17340, 5
11700, 4
9570, 5
12300, 5
16950, 6
11940, 5
16390, 6
2443, 5
20100, 6
16800, 5
19200, 6
2368, 5
2348, 5
23700, 6
26850, 6
13440, 6
8370, 6
14100, 5
17850, 6
16050, 6
22350, 6
14100, 5
15120, 6
12300, 5
10950, 5
21870, 6
13890, 6
15150, 6
17850, 6
19290, 6
22950, 7
23250, 6
18600, 5
10950, 5
22350, 6
19650, 6
14550, 5
18600, 5
9150, 5
13770, 6
26190, 7
17850, 6
17400, 6
18150, 5
11550, 6
15000, 5
12450, 6
26400, 6
19950, 5
16860, 6
14100, 5
16500, 6
20070, 6
15570, 6
10478, 6
11970, 6
1190, 5
11850, 5
6523, 5
3128, 5
14700, 6
7776, 6
25050, 6
17250, 5
10950, 5
15150, 6
19650, 6
10350, 4
18150, 5
18150, 5
27750, 6
23700, 6
4872, 5
14400, 4
17700, 5
12724, 6
11250, 4
14700, 6
20550, 6
22350, 6
11940, 5
754, 5
18750, 6
15150, 6
16950, 6
22350, 6
9994, 5
16590, 6
18900, 7
15450, 5
10950, 5
16320, 5
15600, 6
21900, 6
29250, 7
18300, 6
18750, 6
13350, 6
15150, 6
10950, 5
17250, 5
26400, 6
16590, 6
11400, 5
20550, 6
18300, 6
13170, 5
19950, 5
10470, 5
6072, 4
10950, 5
19500, 5
16350, 5
16050, 6
10140, 5
14550, 5
12300, 5
16050, 6
16020, 6
22320, 6
2234, 6
16470, 6
13800, 6
16050, 6
24600, 6
5772, 5
21510, 7
16020, 6
22440, 6
18300, 6
20100, 6
2518, 4
15150, 6
11910, 6
11044, 6
21300, 5
26850, 6
12150, 4
19650, 6
19090, 6
21990, 6
8610, 5
17850, 6
10110, 6
18750, 6
8171, 5
4911, 5
16050, 6
16500, 6
19650, 6
8700, 5
15450, 5
9120, 5
19500, 5
12900, 6
14850, 4
25950, 6
21874, 7
10050, 5
22350, 6
7690, 5
14790, 6
20100, 6
13500, 4
16020, 6
16320, 5
16500, 6
7770, 5
14570, 6
5981, 6
16200, 4
15000, 5
16350, 5
10920, 5
15450, 5
21900, 6
8100, 4
24300, 7
17850, 6
28290, 6
18570, 5
23250, 6
13350, 6
21900, 6
17850, 6
24600, 6
3254, 6
29250, 7
15600, 6
17790, 5
22470, 7
10500, 5
23250, 6
18300, 6
9450, 4
15900, 5
11850, 5
18270, 6
15150, 6
14100, 5
21000, 6
23250, 6
14550, 5
25500, 6
15570, 6
30900, 6
16950, 6
12720, 5
12094, 7
17400, 6
20550, 6
24000, 5
16050, 6
11850, 5
18450, 7
15124, 7
14100, 5
19721, 6
10924, 6
3888, 6
26850, 6
25560, 7
21750, 5
17250, 5
14250, 6
21150, 7
9490, 5
11400, 5
12270, 5
21450, 6
1344, 5
19650, 6
9150, 5
3070, 5
21000, 6
9000, 4
18750, 6
20220, 7
22894, 7
22350, 6
19500, 5
21150, 7
17490, 6
15150, 6
10500, 5
8100, 4
18300, 6
7200, 4
14550, 5
22110, 8
27750, 6
8340, 5
16140, 6
11400, 5
11952, 6
23700, 6
17400, 6
19200, 6
20400, 5
25650, 7
15450, 5
20550, 6
11820, 5
21000, 6
11400, 5
22800, 6
4322, 5
12300, 5
14397, 7
23250, 6
15094, 6
3060, 4
28800, 7
15150, 6
5549, 4
13770, 6
16410, 6
18300, 6
19500, 5
16350, 5
18750, 6
28800, 7
11400, 5
19650, 6
7947, 6
14100, 5
6053, 6
20700, 7
11400, 5
15000, 5
23400, 7
17820, 6
17490, 6
17400, 6
24450, 5
24600, 6
17400, 6
13800, 6
15000, 5
10050, 5
21000, 6
10950, 5
25950, 6
17850, 6
13770, 6
21900, 6
8790, 5
7792, 5
7046, 5
5471, 5
5772, 5
11400, 5
15150, 6
20550, 6
12270, 5
12150, 4
20700, 7
19500, 5
19500, 5
26400, 6
12390, 5
14100, 5
17010, 7
15540, 5
12360, 6
18300, 6
15600, 6
16500, 6
10050, 5
17340, 5
15900, 5
8700, 5
10500, 5
20070, 6
13650, 5
17790, 5
21450, 6
19200, 6
6371, 5
11550, 6
15210, 7
9900, 4
14700, 6
13650, 5
17250, 5
20550, 6
11940, 5
15150, 6
10350, 4
20550, 6
24600, 6
15600, 6
738, 4
15900, 5
5978, 6
8100, 4
15450, 5
21900, 6
5696, 5
10150, 6
18450, 7
10050, 5
14550, 5
18720, 6
18750, 6
19200, 6
13650, 5
22350, 6
20400, 5
10950, 5
10950, 5
20250, 7
15600, 6
6821, 5
8100, 4
15240, 6
15113, 6
22800, 6
12750, 5
14100, 5
20100, 6
14550, 5
14250, 6
11400, 5
31500, 7
18578, 6
16950, 6
12300, 5
5970, 5
15900, 5
7200, 4
39450, 6
16500, 6
12750, 5
18870, 7
15450, 5
17400, 6
20100, 6
13200, 5
9120, 5
8621, 5
11850, 5
18750, 6
20644, 7
15900, 5
13650, 5
23400, 7
16950, 6
29550, 6
14250, 6
10500, 5
21750, 5
5970, 5
10148, 6
11850, 5
11700, 4
15000, 5
16950, 6
10950, 5
2003, 5
27750, 6
26400, 6
16950, 6
18750, 6
17820, 6
22350, 6
16020, 6
26550, 7
8700, 5
6600, 3
5997, 5
4800, 3
14250, 6
9000, 4
22320, 6
22350, 6
8614, 6
19650, 6
5696, 5
28200, 6
15000, 5
14520, 5
20100, 6
19650, 6
20100, 6
25950, 6
29250, 7
15900, 5
18750, 6
14790, 6
27750, 6
13800, 6
23700, 6
15900, 5
20070, 6
19950, 5
22050, 7
18150, 5
14700, 6
18600, 5
12300, 5
21870, 6
11910, 6
381, 5
11370, 5
10500, 5
5322, 5
19890, 7
12300, 5
11850, 5
15000, 5
16050, 6
12300, 5
8550, 4
2813, 5
4608, 5
13710, 6
9570, 5
7092, 5
3822, 4
18900, 7
2356, 6
12900, 6
22650, 5
15150, 6
4571, 5
16020, 6
18750, 6
17250, 5
4800, 3
18300, 6
25290, 7
18450, 4
12270, 5
24600, 6
25050, 6
5236, 6
19650, 6
12750, 5
19200, 6
24300, 7
21000, 6
18750, 6
27300, 6
12750, 5
28350, 7
359, 3
17850, 6
2848, 4
1170, 3
10920, 5
16050, 6
15450, 5
28650, 6
18150, 5
14550, 5
17850, 6
14100, 5
16500, 6
9000, 4
15450, 5
20100, 6
10260, 4
24150, 6
18600, 5
9874, 5
19200, 6
15900, 5
14700, 6
13440, 6
1620, 3
5324, 4
4796, 5
1186, 4
17850, 6
14100, 5
26640, 7
14100, 5
16350, 5
24150, 6
10950, 5
13650, 5
15000, 5
12870, 6
10920, 5
8550, 4
17700, 5
16050, 6
12900, 6
22350, 6
5850, 4
22800, 6
19350, 7
14190, 5
19350, 7
4836, 6
13650, 5
12840, 5
14670, 6
17400, 6
18750, 6
22800, 6
22350, 6
21450, 6
18600, 5
19200, 6
18750, 6
20100, 6
21270, 5
12150, 4
3118, 5
12750, 5
15900, 5
22800, 6
18750, 6
20550, 6
14220, 6
23250, 6
1186, 4
24750, 7
16290, 7
19650, 6
34650, 7
12300, 5
16500, 6
24150, 6
9690, 5
16500, 6
5058, 6
9570, 5
16170, 7
18300, 6
18600, 5
24150, 6
18450, 7
25500, 6
12150, 4
17400, 6
15900, 5
13500, 4
7748, 5
4590, 4
16500, 6
14250, 6
20100, 6
22800, 6
15150, 6
11520, 6
16350, 5
19650, 6
9690, 5
21570, 7
19950, 5
15600, 6
26400, 6
10350, 4
15900, 5
11520, 6
16500, 6
22350, 6
17250, 5
15450, 5
18750, 6
13350, 6
11520, 6
3946, 6
17400, 6
23250, 6
39450, 6
22500, 7
22350, 6
16050, 6
20250, 7
12300, 5
15600, 6
18600, 5
5471, 5
7200, 4
16200, 4
16500, 6
15900, 5
10050, 5
14640, 5
20100, 6
19950, 5
18990, 7
10140, 5
7890, 5
10350, 4
16500, 6
25500, 6
15000, 5
15240, 6
15900, 5
17400, 6
16050, 6
9150, 5
18150, 5
23400, 7
20100, 6
16140, 6
22950, 7
18750, 6
7169, 6
10050, 5
12540, 6
16500, 6
16050, 6
17250, 5
15150, 6
21600, 7
15600, 6
21900, 6
12300, 5
12300, 5
15900, 5
17610, 5
11400, 5
21900, 6
15270, 7
15540, 5
24450, 5
19500, 5
20550, 6
19200, 6
14100, 5
18600, 5
21000, 6
5688, 6
17400, 6
13800, 6
6150, 3
21450, 6
14250, 6
2236, 5
22950, 7
13800, 6
12450, 6
19800, 7
10500, 5
19650, 6
16950, 6
15450, 5
7861, 6
20700, 7
19620, 6
13200, 5
15600, 6
22140, 7
13240, 6
8798, 6
12210, 5
15150, 6
13350, 6
7320, 5
12420, 6
18300, 6
10350, 4
18300, 6
18300, 6
28200, 6
15570, 6
19200, 6
12540, 6
10590, 5
8344, 6
14550, 5
12750, 5
9150, 5
11490, 5
7320, 5
16350, 5
13800, 6
5981, 6
13200, 5
18750, 6
21000, 6
15000, 5
14550, 5
21000, 6
19650, 6
15060, 6
20100, 6
18720, 6
17700, 5
8520, 4
3822, 4
1214, 5
22350, 6
3972, 5
15150, 6
18600, 5
16594, 7
19650, 6
12420, 6
22800, 6
8172, 6
10596, 6
10050, 5
20100, 6
4928, 5
9124, 6
11700, 4
25950, 6
1756, 4
15000, 5
13650, 5
4800, 3
14100, 5
25500, 6
15870, 5
22350, 6
11224, 5
1772, 5
22950, 7
9150, 5
10140, 5
20970, 6
12900, 6
15150, 6
19350, 7
15120, 6
14100, 5
20220, 7
21000, 6
15940, 6
21300, 5
10950, 5
16140, 6
11400, 5
17400, 6
8850, 3
28890, 7
12870, 6
12810, 6
16500, 6
10950, 5
9574, 6
23400, 7
13200, 5
8120, 5
18750, 6
19200, 6
13626, 6
10860, 5
10500, 5
18300, 6
21540, 6
12900, 6
11400, 5
19650, 6
14700, 6
14674, 7
0, 1
14400, 4
17400, 6
22800, 6
14250, 6
16050, 6
20400, 5
18720, 6
23700, 6
24150, 6
2790, 4
22350, 6
3576, 5
15600, 6
20550, 6
7240, 5
1318, 4
20194, 7
18870, 7
7446, 6
19200, 6
20100, 6
16020, 6
21750, 5
11970, 6
12300, 5
12150, 4
2663, 4
16500, 6
6861, 6
16800, 5
15600, 6
15240, 6
13350, 6
13440, 6
2368, 6
3124, 5
16950, 6
5173, 5
19200, 6
17850, 6
18120, 5
7650, 4
19650, 6
18750, 6
28650, 6
19620, 6
16800, 5
3132, 5
16950, 6
14250, 6
14100, 5
19650, 6
18990, 7
24390, 7
17850, 6
11050, 6
31800, 6
12702, 5
16050, 6
13650, 5
17400, 6
27900, 7
7894, 6
21900, 6
12300, 5
16500, 6
15450, 5
16950, 6
19294, 7
19650, 6
14590, 6
12900, 6
16050, 6
23250, 6
11944, 6
30870, 6
7463, 6
4422, 5
21000, 6
12000, 6
11850, 5
15750, 7
21450, 6
19650, 6
11376, 6
9600, 5
22500, 7
9570, 5
14550, 5
13440, 6
14550, 5
17400, 6
17314, 7
24150, 6
6874, 6
18750, 6
15000, 5
6371, 5
738, 4
10050, 5
13170, 5
16950, 6
7721, 5
3064, 5
15000, 5
9246, 6
16320, 5
18750, 6
18750, 6
18150, 5
13200, 5
16050, 6
15240, 6
17400, 6
24150, 6
15150, 6
25950, 6
14550, 5
17850, 6
13350, 6
14190, 5
21450, 6
13350, 6
5792, 5
30150, 7
10800, 4
20100, 6
17400, 6
21000, 6
22800, 6
15600, 6
12546, 7
20160, 7
15600, 6
20100, 6
12840, 5
19200, 6
19650, 6
11400, 5
17370, 6
19890, 7
16050, 6
2202, 4
21000, 6
21900, 6
17250, 5
2190, 3
18750, 6
13320, 6
21750, 5
13200, 5
6870, 5
13200, 5
18870, 7
9000, 4
17400, 6
18750, 6
20550, 6
17850, 6
17520, 7
12420, 6
16350, 5
20790, 7
19320, 7
21000, 6
21000, 6
14550, 5
11370, 5
16950, 6
20550, 6
23250, 6
13320, 6
18300, 6
11070, 6
18270, 6
13200, 5
16050, 6
21450, 6
10500, 5
18150, 5
10950, 5
14140, 6
23250, 6
17850, 6
138, 3
11850, 5
11850, 5
9450, 4
11850, 5
16950, 6
18300, 6
16050, 6
13500, 4
21000, 6
25500, 6
18300, 6
16770, 5
12300, 5
1327, 5
18450, 7
6874, 6
17100, 7
12450, 6
196, 5
15600, 6
21090, 6
19170, 6
14610, 6
9900, 4
3000, 3
13200, 5
381, 5
17400, 6
16800, 5
11820, 5
22350, 6
18270, 6
24240, 6
20160, 7
19620, 6
17850, 6
4026, 5
9900, 4
23700, 6
8674, 6
16950, 6
7496, 5
16950, 6
16950, 6
18750, 6
17400, 6
13500, 4
11850, 5
10620, 6
12750, 5
16950, 6
25050, 6
15150, 6
