Evaluations, Played
1,  101
2,  17
3,  1
1,  103
2,  17
3,  1
1,  104
2,  17
3,  1
1,  101
2,  15
3,  1
4,  1
1,  100
2,  17
3,  1
1,  101
2,  15
3,  2
4,  1
1,  103
2,  17
3,  2
1,  97
2,  17
3,  1
1,  99
2,  16
3,  2
1,  97
2,  17
3,  1
1,  83
2,  4
3,  3
4,  2
1,  77
2,  16
3,  3
4,  1
1,  78
2,  23
3,  3
4,  2
1,  80
2,  12
3,  1
1,  80
2,  4
3,  2
1,  80
2,  14
3,  4
4,  2
1,  83
2,  9
3,  2
4,  1
1,  80
2,  12
3,  3
4,  2
1,  81
2,  11
3,  1
1,  81
2,  4
3,  2
1,  81
2,  16
3,  3
4,  1
1,  78
2,  19
3,  3
4,  2
1,  82
2,  16
3,  3
1,  83
2,  10
3,  2
4,  2
5,  1
1,  78
2,  10
3,  3
1,  81
2,  8
3,  3
4,  2
1,  84
2,  23
3,  3
4,  2
5,  1
1,  78
2,  10
3,  3
1,  80
2,  10
3,  3
4,  2
1,  77
2,  6
3,  4
1,  218
2,  6
3,  1
1,  222
2,  17
3,  4
1,  216
2,  38
3,  9
4,  1
1,  226
2,  17
3,  5
4,  1
1,  226
2,  6
3,  1
1,  221
2,  6
3,  1
1,  224
2,  6
3,  1
1,  217
2,  20
3,  3
1,  225
2,  20
3,  2
1,  225
2,  31
3,  5
4,  1
1,  225
2,  41
3,  2
1,  220
2,  6
3,  2
1,  209
2,  45
3,  7
4,  1
1,  215
2,  6
3,  1
1,  224
2,  18
3,  1
1,  220
2,  20
3,  3
4,  1
1,  207
2,  34
3,  10
4,  1
1,  227
2,  31
3,  5
4,  1
1,  220
2,  20
3,  3
4,  1
1,  222
2,  20
3,  2
1,  215
2,  20
3,  3
4,  1
1,  221
2,  19
3,  1
1,  219
2,  6
3,  2
4,  1
1,  218
2,  31
3,  5
4,  1
1,  215
2,  45
3,  2
4,  1
1,  211
2,  43
3,  3
1,  220
2,  20
3,  3
1,  223
2,  33
3,  10
4,  1
1,  218
2,  48
3,  2
1,  223
2,  43
3,  3
1,  40
2,  11
3,  3
4,  1
1,  38
2,  11
3,  3
1,  40
2,  11
3,  3
4,  1
1,  40
2,  10
3,  1
1,  39
2,  11
3,  1
1,  40
2,  11
3,  1
1,  40
2,  11
3,  1
1,  39
2,  11
3,  3
1,  40
2,  11
3,  3
4,  1
1,  40
2,  11
3,  1
1,  83
2,  14
3,  3
4,  2
1,  78
2,  14
3,  3
1,  82
2,  12
3,  3
4,  1
1,  83
2,  19
3,  2
1,  82
2,  10
3,  3
4,  2
1,  82
2,  23
3,  3
4,  1
1,  84
2,  23
3,  2
1,  81
2,  16
3,  4
4,  2
5,  1
1,  80
2,  19
3,  2
4,  1
1,  84
2,  9
3,  1
1,  0
2,  0
1,  0
2,  0
1,  0
1,  0
1,  0
2,  0
1,  0
2,  0
1,  0
2,  0
1,  0
2,  0
1,  0
2,  0
1,  0
2,  0
1,  78
2,  11
1,  83
2,  10
3,  10
1,  84
2,  10
3,  1
1,  78
2,  8
1,  83
2,  12
3,  3
4,  1
1,  78
2,  16
3,  16
1,  80
2,  19
3,  2
4,  1
1,  76
2,  8
3,  1
1,  83
2,  13
1,  79
2,  12
3,  2
1,  77
2,  19
3,  1
1,  84
2,  6
3,  6
1,  80
2,  10
3,  10
1,  80
2,  19
3,  4
4,  1
1,  83
2,  16
3,  16
1,  82
2,  12
3,  1
4,  1
1,  78
2,  78
1,  80
2,  13
3,  1
1,  81
2,  4
1,  76
2,  8
3,  1
1,  80
2,  17
3,  1
1,  79
2,  10
3,  2
4,  1
1,  83
2,  20
3,  7
4,  2
5,  1
1,  80
2,  12
1,  82
2,  10
3,  1
1,  84
2,  13
3,  2
1,  83
2,  4
1,  81
2,  16
3,  3
4,  3
1,  81
2,  9
3,  2
1,  84
2,  4
1,  20
2,  8
3,  1
1,  20
2,  8
1,  20
2,  9
3,  1
1,  20
2,  6
3,  3
4,  2
1,  20
2,  8
3,  3
4,  2
5,  1
1,  20
2,  9
3,  4
4,  3
5,  2
1,  19
2,  8
3,  3
4,  2
5,  1
1,  20
2,  8
3,  3
4,  2
5,  1
1,  20
2,  8
3,  1
1,  20
2,  8
3,  3
4,  2
5,  1
1,  0
2,  0
1,  0
2,  0
1,  0
1,  0
1,  0
2,  0
1,  0
1,  0
2,  0
3,  0
1,  0
2,  0
1,  0
2,  0
1,  0
1,  38
2,  3
1,  40
2,  4
3,  1
1,  40
2,  3
1,  40
2,  11
3,  2
4,  1
1,  40
2,  11
3,  2
4,  1
1,  40
2,  10
3,  2
1,  40
2,  4
1,  38
2,  4
3,  1
1,  40
2,  11
3,  2
4,  1
1,  40
2,  3
3,  1
1,  39
2,  11
3,  2
4,  1
1,  40
2,  4
3,  2
1,  40
2,  11
3,  1
1,  40
2,  3
1,  40
2,  11
3,  1
1,  40
2,  3
3,  2
4,  1
1,  39
2,  3
1,  40
2,  9
3,  1
1,  40
2,  9
3,  1
1,  39
2,  2
1,  37
2,  4
3,  1
1,  38
2,  2
3,  2
1,  40
2,  4
3,  1
1,  38
2,  3
3,  2
1,  40
2,  3
3,  2
1,  40
2,  4
3,  2
1,  38
2,  9
3,  1
1,  40
2,  10
1,  37
2,  11
3,  2
1,  39
2,  4
1,  39
2,  4
3,  1
1,  40
2,  4
1,  40
2,  3
3,  2
1,  39
2,  4
3,  2
1,  40
2,  11
3,  1
1,  40
2,  4
1,  40
2,  9
3,  1
1,  40
2,  8
1,  40
2,  8
3,  1
1,  39
2,  11
3,  2
4,  1
1,  102
2,  17
3,  3
1,  97
2,  28
3,  2
4,  1
1,  103
2,  14
3,  2
1,  98
2,  14
3,  2
1,  98
2,  28
3,  3
1,  96
2,  17
3,  3
1,  102
2,  28
3,  3
1,  101
2,  24
3,  2
4,  1
1,  105
2,  14
3,  2
1,  103
2,  14
3,  2
4,  1
1,  81
2,  13
3,  4
4,  2
5,  1
1,  75
2,  10
3,  3
4,  1
1,  82
2,  21
3,  3
4,  1
1,  80
2,  14
3,  4
1,  80
2,  14
3,  3
1,  82
2,  10
3,  3
1,  81
2,  9
1,  82
2,  10
3,  1
1,  79
2,  14
3,  1
1,  81
2,  7
1,  82
2,  12
3,  4
4,  1
1,  83
2,  12
3,  2
1,  80
2,  17
3,  2
1,  81
2,  18
3,  2
4,  2
1,  82
2,  6
1,  81
2,  13
3,  1
1,  84
2,  9
1,  81
2,  6
3,  1
1,  84
2,  10
3,  3
4,  1
1,  79
2,  10
3,  1
1,  209
2,  20
3,  3
1,  223
2,  12
3,  4
4,  1
1,  213
2,  6
3,  6
1,  222
2,  10
3,  1
1,  214
2,  6
3,  6
1,  222
2,  14
3,  1
1,  218
2,  15
3,  5
4,  1
1,  219
2,  17
3,  2
1,  216
2,  25
3,  7
4,  2
1,  224
2,  20
3,  20
1,  217
2,  30
3,  4
4,  1
1,  215
2,  47
3,  9
4,  1
1,  224
2,  12
3,  4
1,  208
2,  25
3,  25
1,  217
2,  18
3,  18
1,  222
2,  14
3,  4
1,  217
2,  20
3,  2
4,  2
1,  226
2,  19
3,  19
1,  216
2,  43
3,  3
1,  223
2,  42
3,  3
1,  217
2,  48
3,  7
4,  2
1,  225
2,  12
3,  4
4,  1
1,  228
2,  17
3,  1
1,  220
2,  48
3,  10
4,  10
1,  220
2,  28
3,  5
1,  221
2,  20
3,  3
1,  214
2,  214
3,  214
1,  218
2,  45
3,  10
4,  10
1,  210
2,  12
3,  4
1,  213
2,  31
3,  4
1,  103
2,  28
3,  2
4,  1
1,  101
2,  13
3,  2
1,  102
2,  17
3,  3
1,  104
2,  17
3,  2
1,  99
2,  14
3,  2
1,  101
2,  28
3,  3
4,  3
1,  103
2,  28
3,  2
1,  99
2,  17
3,  2
4,  2
5,  2
1,  100
2,  16
3,  2
1,  99
2,  14
3,  2
4,  1
1,  83
2,  83
3,  83
1,  83
2,  9
3,  9
1,  84
2,  10
3,  10
1,  81
2,  12
3,  4
4,  3
5,  2
1,  84
2,  14
1,  82
2,  10
3,  10
4,  10
1,  82
2,  23
3,  1
1,  83
2,  11
3,  3
4,  2
1,  77
2,  77
1,  82
2,  19
3,  1
1,  80
2,  11
3,  1
1,  80
2,  13
3,  2
4,  1
1,  82
2,  82
1,  82
2,  10
3,  1
1,  84
2,  16
3,  1
1,  84
2,  10
3,  2
1,  76
2,  76
1,  83
2,  6
3,  1
1,  79
2,  9
1,  82
2,  10
3,  2
1,  219
2,  17
1,  219
2,  19
3,  2
1,  225
2,  43
1,  217
2,  49
3,  49
1,  223
2,  30
3,  5
4,  1
1,  223
2,  30
3,  6
1,  227
2,  11
1,  222
2,  20
3,  2
1,  225
2,  20
3,  3
4,  3
1,  218
2,  50
3,  9
1,  223
2,  20
3,  20
1,  225
2,  28
3,  3
4,  3
1,  222
2,  31
3,  5
4,  1
1,  217
2,  17
3,  2
1,  212
2,  6
3,  6
4,  6
1,  223
2,  11
3,  1
1,  226
2,  20
3,  3
1,  217
2,  31
3,  5
4,  1
1,  222
2,  31
3,  5
4,  1
1,  223
2,  31
3,  2
4,  1
1,  224
2,  20
3,  3
4,  1
1,  223
2,  41
3,  1
1,  222
2,  46
3,  3
4,  1
1,  226
2,  226
3,  226
1,  216
2,  43
3,  7
1,  213
2,  19
3,  2
1,  215
2,  30
3,  6
1,  222
2,  19
3,  2
4,  2
1,  213
2,  213
3,  213
1,  224
2,  51
3,  9
4,  9
1,  101
2,  27
3,  3
4,  3
1,  101
2,  14
3,  2
4,  1
1,  102
2,  27
3,  3
4,  3
1,  105
2,  16
3,  2
4,  2
1,  102
2,  28
3,  3
4,  3
1,  97
2,  14
3,  2
1,  100
2,  28
3,  3
1,  102
2,  11
3,  2
4,  1
1,  103
2,  28
3,  3
4,  3
1,  102
2,  17
3,  2
4,  2
1,  77
2,  10
3,  2
1,  81
2,  8
3,  1
1,  71
2,  10
1,  82
2,  17
3,  1
1,  84
2,  14
3,  14
1,  84
2,  11
3,  3
1,  83
2,  83
3,  83
1,  82
2,  9
3,  3
4,  2
1,  83
2,  4
3,  3
4,  2
1,  81
2,  11
3,  11
1,  83
2,  10
3,  1
1,  83
2,  12
3,  1
1,  83
2,  9
3,  1
1,  81
2,  81
3,  81
1,  79
2,  6
3,  2
4,  1
1,  77
2,  12
3,  2
1,  76
2,  8
3,  2
4,  1
1,  75
2,  9
3,  2
4,  1
1,  80
2,  22
3,  2
1,  77
2,  16
3,  16
1,  224
2,  42
3,  42
4,  42
1,  223
2,  31
3,  3
4,  1
1,  212
2,  18
3,  18
1,  218
2,  218
3,  218
1,  223
2,  17
3,  1
1,  227
2,  20
3,  3
4,  1
1,  222
2,  20
3,  2
1,  223
2,  15
3,  1
1,  210
2,  42
3,  3
4,  3
1,  216
2,  11
3,  11
1,  219
2,  42
3,  4
4,  1
1,  215
2,  215
3,  215
1,  218
2,  34
3,  6
1,  216
2,  31
3,  8
4,  8
1,  218
2,  12
3,  4
4,  1
1,  214
2,  47
1,  221
2,  17
3,  1
1,  225
2,  46
3,  8
4,  1
1,  218
2,  50
3,  7
1,  223
2,  51
3,  10
4,  2
1,  219
2,  6
1,  213
2,  20
3,  20
1,  207
2,  6
1,  224
2,  42
3,  8
4,  1
1,  213
2,  20
3,  20
1,  221
2,  33
3,  4
4,  1
1,  220
2,  38
3,  4
4,  4
1,  212
2,  35
3,  2
4,  1
1,  223
2,  20
3,  1
1,  211
2,  17
3,  3
4,  1
1,  19
2,  8
3,  2
4,  1
5,  1
1,  20
2,  9
3,  4
4,  3
5,  2
6,  1
1,  20
2,  8
3,  3
4,  2
5,  1
1,  20
2,  9
1,  20
2,  8
3,  3
1,  20
2,  8
3,  3
1,  20
2,  8
1,  20
2,  8
3,  2
4,  2
5,  1
1,  20
2,  8
3,  3
4,  2
5,  1
1,  20
2,  8
3,  3
4,  2
5,  1
1,  39
2,  4
3,  1
1,  40
2,  11
3,  2
1,  40
2,  4
3,  1
1,  40
2,  1
1,  40
2,  4
3,  2
1,  40
2,  4
3,  1
1,  40
2,  3
1,  40
2,  4
3,  2
1,  37
2,  11
3,  2
1,  40
2,  4
3,  1
1,  0
2,  0
1,  0
2,  0
1,  0
2,  0
1,  0
2,  0
1,  0
2,  0
3,  0
1,  0
2,  0
3,  0
1,  0
1,  0
1,  0
1,  0
2,  0
1,  40
2,  4
3,  2
4,  1
1,  40
2,  8
3,  2
1,  39
2,  4
3,  2
1,  40
2,  10
3,  1
1,  39
2,  3
3,  2
4,  1
1,  40
2,  4
3,  2
4,  1
1,  39
2,  3
3,  2
1,  40
2,  11
1,  39
2,  9
3,  1
1,  40
2,  4
1,  40
2,  11
1,  40
2,  11
3,  2
4,  1
1,  40
2,  1
1,  40
2,  2
1,  39
2,  4
3,  2
4,  1
1,  40
2,  3
3,  2
4,  1
1,  39
2,  3
1,  40
2,  11
1,  39
2,  3
1,  40
2,  10
3,  1
1,  40
2,  11
3,  1
1,  40
2,  8
3,  1
1,  39
2,  11
3,  1
1,  40
2,  3
1,  40
2,  9
3,  1
1,  39
2,  11
1,  40
2,  2
1,  40
2,  9
1,  40
2,  11
1,  40
2,  3
3,  2
1,  20
2,  9
3,  4
1,  20
2,  9
3,  4
1,  20
2,  8
3,  3
4,  2
1,  20
2,  9
3,  4
4,  3
1,  20
2,  8
3,  3
4,  2
5,  1
1,  20
2,  8
3,  3
4,  2
5,  1
1,  20
2,  8
3,  3
4,  2
5,  1
1,  20
2,  9
3,  4
1,  20
2,  8
3,  3
1,  20
2,  8
3,  3
1,  103
2,  27
3,  1
4,  1
1,  103
2,  14
3,  1
1,  105
2,  17
3,  1
1,  102
2,  27
3,  3
4,  1
1,  102
2,  4
3,  2
1,  102
2,  14
3,  1
1,  102
2,  17
3,  2
1,  101
2,  27
3,  3
4,  1
1,  100
2,  4
3,  2
4,  1
1,  104
2,  17
3,  1
1,  40
2,  9
3,  2
1,  39
2,  4
3,  2
1,  38
2,  9
3,  2
4,  1
1,  40
2,  9
3,  2
4,  1
1,  40
2,  9
3,  2
4,  1
1,  39
2,  3
1,  40
2,  9
3,  2
1,  37
2,  9
3,  2
1,  39
2,  3
3,  2
1,  40
2,  7
3,  2
4,  1
1,  100
2,  6
1,  100
2,  13
1,  98
2,  10
3,  2
4,  1
1,  102
2,  28
3,  6
4,  6
1,  99
2,  28
3,  5
4,  5
1,  99
2,  28
3,  5
1,  101
2,  10
3,  2
1,  103
2,  27
3,  5
4,  2
5,  1
1,  104
2,  14
3,  1
4,  1
1,  97
2,  24
3,  6
4,  2
1,  101
2,  14
3,  2
1,  96
2,  10
3,  10
1,  104
2,  6
1,  101
2,  10
3,  10
1,  99
2,  4
1,  103
2,  10
1,  100
2,  28
3,  5
4,  2
1,  103
2,  17
3,  3
4,  1
1,  100
2,  10
1,  102
2,  6
1,  102
2,  10
3,  2
1,  100
2,  6
3,  2
1,  104
2,  10
3,  2
4,  1
1,  104
2,  14
3,  3
4,  3
1,  98
2,  10
3,  3
4,  1
1,  97
2,  26
3,  6
1,  103
2,  10
3,  2
1,  103
2,  28
3,  5
4,  5
1,  102
2,  14
3,  3
1,  97
2,  10
3,  1
1,  20
2,  4
3,  3
4,  2
1,  20
1,  19
2,  4
3,  3
1,  20
2,  4
3,  3
4,  2
5,  1
1,  20
2,  6
3,  3
4,  2
5,  1
1,  20
2,  20
1,  20
2,  4
3,  3
4,  2
1,  19
2,  6
1,  19
2,  5
3,  3
1,  20
2,  4
3,  3
4,  2
1,  20
2,  4
3,  3
4,  2
1,  20
2,  4
3,  3
4,  2
5,  1
1,  20
2,  6
3,  4
1,  20
2,  20
1,  20
2,  4
3,  3
1,  20
2,  5
3,  3
4,  2
5,  1
1,  20
2,  20
1,  20
2,  4
3,  3
4,  2
5,  1
1,  20
2,  4
3,  3
4,  2
5,  1
1,  20
2,  6
1,  20
2,  5
1,  20
2,  4
3,  3
4,  2
1,  19
2,  19
1,  20
2,  4
3,  3
4,  2
5,  1
1,  20
2,  4
3,  3
1,  20
2,  5
3,  3
4,  2
5,  1
1,  20
2,  4
3,  3
4,  2
5,  1
1,  19
2,  6
3,  3
4,  2
5,  1
1,  20
2,  6
3,  4
4,  3
5,  2
6,  1
1,  20
1,  19
2,  4
3,  3
1,  20
2,  4
3,  3
1,  20
1,  20
2,  5
3,  3
1,  20
2,  4
3,  3
1,  20
2,  5
3,  3
1,  20
2,  4
1,  20
2,  6
1,  20
2,  6
3,  4
4,  3
5,  2
1,  20
2,  4
1,  20
2,  4
3,  3
4,  2
1,  19
2,  5
3,  3
4,  2
5,  1
1,  20
2,  4
3,  3
1,  20
2,  5
3,  4
4,  3
5,  2
6,  1
1,  20
2,  5
3,  3
4,  2
1,  20
2,  20
1,  20
2,  6
3,  3
1,  20
2,  5
3,  3
4,  2
5,  1
1,  20
2,  6
3,  4
4,  3
1,  20
1,  20
2,  8
1,  20
2,  6
3,  2
4,  1
1,  20
2,  9
3,  1
1,  20
2,  9
3,  4
4,  3
5,  2
1,  20
2,  8
3,  3
4,  2
1,  20
2,  9
3,  3
4,  2
1,  20
2,  8
1,  20
2,  8
3,  3
4,  2
1,  20
2,  9
3,  3
4,  2
5,  1
1,  20
2,  8
3,  3
4,  2
5,  1
1,  97
2,  13
3,  3
4,  3
1,  100
2,  10
3,  2
4,  1
1,  101
2,  10
3,  2
4,  1
1,  103
2,  10
3,  1
1,  104
2,  10
3,  2
1,  104
2,  9
3,  2
4,  1
1,  102
2,  6
3,  2
4,  1
1,  102
2,  28
3,  4
1,  103
2,  10
1,  92
2,  10
3,  2
1,  40
2,  40
1,  40
2,  8
3,  8
1,  40
2,  9
1,  40
1,  40
2,  40
1,  40
2,  3
3,  2
4,  1
1,  40
2,  9
1,  39
2,  9
3,  2
1,  39
2,  8
3,  2
1,  40
2,  9
3,  2
1,  96
2,  28
3,  6
4,  2
5,  1
1,  98
2,  4
1,  100
2,  6
3,  2
1,  98
2,  10
3,  3
4,  1
1,  100
2,  17
3,  3
4,  1
1,  101
2,  10
3,  3
1,  100
2,  10
3,  3
4,  1
1,  102
2,  13
3,  2
1,  99
2,  10
3,  2
4,  1
1,  100
2,  6
3,  2
4,  1
1,  100
2,  6
3,  1
1,  101
2,  6
3,  2
4,  1
1,  102
2,  102
1,  102
2,  25
3,  3
4,  1
1,  98
2,  10
3,  1
1,  100
2,  10
3,  3
4,  1
1,  102
1,  103
2,  6
1,  99
2,  27
3,  3
4,  1
1,  99
2,  6
3,  2
1,  100
2,  6
3,  2
1,  104
2,  104
1,  102
2,  10
3,  10
1,  99
2,  10
1,  98
2,  10
3,  3
4,  3
1,  99
2,  10
3,  3
4,  1
1,  105
2,  105
1,  104
2,  10
3,  2
1,  104
2,  104
3,  104
1,  101
1,  19
2,  8
3,  3
4,  2
1,  20
2,  6
3,  2
1,  20
2,  6
3,  2
4,  1
1,  19
2,  9
3,  2
1,  19
2,  9
3,  3
1,  19
2,  8
3,  3
4,  2
1,  20
2,  9
3,  3
4,  2
5,  1
1,  20
2,  9
1,  20
2,  9
3,  3
1,  20
2,  8
3,  3
4,  2
5,  1
1,  100
2,  27
3,  2
4,  1
1,  103
2,  27
3,  3
1,  103
2,  10
3,  2
4,  1
1,  98
2,  10
3,  10
1,  101
2,  10
3,  3
1,  102
2,  10
3,  3
4,  1
1,  102
2,  28
3,  5
4,  5
1,  104
2,  10
1,  99
2,  10
3,  2
4,  1
1,  100
2,  4
3,  2
4,  2
1,  40
2,  40
1,  39
2,  9
3,  9
1,  40
1,  40
2,  40
1,  40
2,  40
1,  40
2,  6
3,  5
4,  1
1,  39
2,  9
3,  2
4,  1
1,  39
2,  39
1,  39
2,  3
3,  2
4,  1
1,  40
1,  100
2,  28
3,  1
1,  101
2,  10
3,  3
1,  99
2,  99
3,  99
1,  100
2,  10
3,  2
1,  99
2,  99
3,  99
1,  100
1,  97
2,  28
3,  3
4,  1
1,  100
2,  100
3,  100
1,  98
2,  98
3,  98
1,  104
2,  10
1,  104
2,  17
3,  3
4,  1
1,  101
2,  9
3,  2
1,  101
2,  6
3,  2
4,  1
1,  104
2,  17
3,  1
1,  100
2,  16
3,  3
1,  102
2,  4
3,  2
4,  1
1,  103
2,  6
3,  2
4,  1
1,  102
2,  4
3,  2
4,  1
1,  104
2,  10
3,  3
4,  1
1,  99
2,  14
3,  3
4,  1
1,  101
2,  10
3,  1
1,  101
2,  101
3,  101
1,  102
2,  6
3,  2
4,  1
1,  99
2,  10
3,  3
4,  1
1,  101
2,  10
3,  3
4,  1
1,  99
2,  10
3,  3
1,  104
2,  10
3,  1
1,  103
2,  103
1,  100
1,  102
1,  19
2,  6
1,  20
2,  6
3,  1
1,  20
2,  8
3,  3
1,  20
2,  8
3,  3
4,  2
5,  1
1,  20
2,  8
1,  20
2,  9
3,  2
1,  19
2,  9
3,  3
4,  2
5,  1
1,  20
2,  6
3,  2
1,  20
2,  9
1,  20
2,  9
3,  1
1,  98
2,  17
3,  3
4,  1
1,  103
2,  28
3,  2
1,  105
2,  6
3,  1
1,  98
2,  17
3,  3
4,  3
1,  99
2,  4
1,  100
2,  10
3,  2
4,  1
1,  104
2,  12
3,  3
1,  102
2,  28
3,  2
1,  103
2,  10
3,  2
1,  102
2,  6
3,  2
4,  1
1,  40
2,  9
1,  40
2,  3
1,  40
2,  9
3,  9
1,  39
2,  9
3,  2
1,  39
2,  4
3,  2
1,  40
2,  40
1,  40
1,  40
2,  3
1,  39
1,  39
2,  39
1,  102
2,  28
3,  3
4,  1
1,  101
2,  2
1,  102
2,  10
3,  2
1,  96
2,  6
3,  1
1,  102
2,  13
3,  1
1,  97
2,  10
3,  2
4,  1
1,  100
2,  28
3,  1
1,  103
2,  2
3,  2
1,  98
2,  27
3,  1
1,  103
2,  2
3,  2
1,  99
2,  10
3,  2
1,  100
2,  10
3,  3
1,  100
2,  10
1,  101
2,  101
1,  104
2,  6
3,  2
1,  104
2,  2
1,  98
2,  10
3,  1
1,  101
2,  10
3,  1
1,  99
2,  2
1,  98
2,  27
3,  5
4,  1
1,  100
2,  10
3,  3
4,  1
1,  100
2,  10
3,  2
4,  1
1,  101
2,  10
3,  3
4,  1
1,  101
2,  14
3,  2
1,  99
2,  15
3,  1
1,  104
2,  10
3,  3
4,  1
1,  101
2,  10
3,  3
4,  1
1,  101
2,  10
3,  2
4,  1
1,  100
2,  6
3,  2
4,  1
1,  101
2,  14
3,  1
1,  39
2,  11
3,  3
4,  1
1,  40
2,  11
3,  3
4,  1
1,  40
2,  10
3,  3
4,  1
1,  38
2,  11
3,  1
1,  40
2,  11
3,  3
1,  40
2,  11
3,  1
1,  40
2,  11
3,  3
1,  40
2,  11
3,  1
1,  40
2,  11
3,  3
4,  1
1,  40
2,  11
3,  3
1,  0
2,  0
1,  0
1,  0
2,  0
1,  0
2,  0
1,  0
2,  0
1,  0
2,  0
1,  0
2,  0
1,  0
1,  0
1,  0
2,  0
1,  82
2,  9
3,  3
4,  2
5,  1
1,  79
2,  14
3,  2
1,  80
2,  4
3,  2
1,  82
2,  4
3,  3
4,  2
1,  82
2,  4
3,  2
4,  1
1,  84
2,  19
3,  2
1,  80
2,  4
1,  84
2,  22
3,  3
4,  2
5,  1
1,  77
2,  4
3,  3
4,  2
1,  80
2,  13
3,  2
4,  1
1,  84
2,  13
3,  2
4,  1
1,  68
2,  12
3,  2
1,  80
2,  13
3,  1
1,  75
2,  9
1,  79
2,  17
3,  3
4,  1
1,  77
2,  12
3,  12
1,  78
2,  10
3,  10
1,  81
2,  7
1,  77
2,  77
3,  77
1,  83
2,  12
3,  1
1,  81
2,  16
3,  2
1,  78
2,  6
3,  2
1,  81
2,  12
3,  2
1,  78
2,  12
3,  2
4,  1
1,  79
2,  23
3,  3
1,  83
2,  12
3,  2
4,  1
1,  75
2,  9
1,  80
2,  17
3,  1
4,  1
1,  83
2,  16
3,  1
1,  83
2,  8
3,  1
1,  77
2,  16
3,  2
1,  81
2,  21
3,  2
1,  75
2,  12
3,  3
4,  2
5,  1
1,  76
2,  13
3,  13
1,  81
2,  10
3,  1
1,  78
2,  18
3,  2
1,  84
2,  16
3,  2
1,  81
2,  10
1,  83
2,  13
3,  13
1,  81
2,  9
1,  0
2,  0
3,  0
1,  0
2,  0
1,  0
2,  0
3,  0
1,  0
2,  0
3,  0
1,  0
2,  0
3,  0
1,  0
2,  0
3,  0
1,  0
2,  0
1,  0
2,  0
3,  0
1,  0
2,  0
1,  0
2,  0
3,  0
1,  83
2,  13
3,  3
1,  79
2,  23
3,  3
4,  2
1,  80
2,  15
3,  2
1,  78
2,  4
3,  2
1,  78
2,  19
3,  2
1,  81
2,  9
3,  3
4,  2
1,  79
2,  79
1,  76
2,  10
3,  3
4,  2
5,  1
1,  75
2,  6
3,  1
1,  83
2,  23
3,  6
1,  78
2,  9
3,  2
1,  80
2,  10
3,  2
1,  80
2,  18
3,  2
1,  81
2,  6
3,  1
1,  82
2,  6
3,  1
1,  80
2,  19
3,  4
1,  83
2,  10
3,  3
4,  3
1,  78
2,  6
3,  3
1,  75
2,  18
3,  4
1,  83
2,  22
3,  6
4,  2
5,  1
1,  74
2,  5
3,  2
1,  78
2,  6
3,  2
4,  1
1,  83
2,  4
3,  1
1,  83
2,  8
3,  3
4,  2
5,  1
1,  83
2,  22
3,  22
1,  79
2,  14
3,  14
1,  80
2,  13
3,  13
1,  75
2,  4
3,  1
1,  74
2,  18
3,  18
1,  78
2,  6
3,  2
1,  81
2,  9
3,  9
1,  81
2,  13
3,  3
4,  1
1,  81
2,  20
3,  20
4,  20
1,  83
2,  8
3,  3
4,  2
1,  84
2,  6
3,  2
1,  82
2,  19
1,  84
2,  6
3,  2
1,  83
2,  17
3,  1
1,  83
2,  22
3,  22
4,  22
1,  81
2,  6
3,  2
1,  84
2,  19
3,  6
1,  82
2,  23
3,  6
4,  2
1,  79
2,  23
3,  23
1,  79
2,  22
3,  2
1,  82
2,  9
3,  9
1,  84
2,  18
3,  18
1,  77
2,  8
3,  8
1,  80
2,  6
3,  4
4,  3
1,  83
2,  12
3,  12
1,  80
2,  18
3,  2
4,  1
1,  20
2,  8
3,  3
4,  2
1,  20
2,  8
3,  3
1,  20
2,  5
3,  1
1,  20
2,  7
3,  3
1,  20
2,  8
3,  3
4,  2
1,  20
2,  9
3,  4
1,  19
2,  7
3,  3
1,  20
2,  8
3,  3
4,  2
1,  20
2,  7
3,  4
4,  3
1,  20
2,  8
3,  2
4,  2
5,  1
1,  40
2,  9
3,  2
4,  1
1,  38
2,  9
3,  2
4,  1
1,  39
2,  3
3,  2
1,  40
2,  4
3,  2
1,  40
2,  9
3,  2
4,  1
1,  40
2,  9
3,  2
4,  1
1,  40
2,  3
1,  40
2,  9
3,  2
1,  38
2,  3
1,  38
2,  3
3,  2
1,  99
2,  17
3,  1
1,  99
2,  4
3,  2
4,  1
1,  96
2,  17
3,  1
1,  102
2,  17
3,  1
1,  102
2,  14
3,  1
1,  102
2,  12
3,  3
4,  1
1,  102
2,  14
3,  1
1,  101
2,  4
1,  102
2,  13
3,  1
1,  101
2,  4
1,  94
2,  10
3,  2
1,  102
2,  4
3,  2
1,  101
2,  14
3,  3
4,  3
1,  103
2,  10
3,  1
1,  98
2,  10
3,  10
1,  102
2,  28
3,  6
4,  3
5,  3
1,  100
2,  14
3,  3
4,  3
1,  101
2,  10
3,  3
1,  99
2,  28
3,  6
1,  99
2,  28
3,  4
4,  4
1,  101
2,  10
1,  103
2,  10
3,  3
4,  1
1,  101
2,  10
1,  101
2,  6
3,  1
1,  98
2,  26
3,  6
4,  3
1,  101
2,  13
3,  2
1,  102
2,  10
3,  10
1,  101
2,  10
3,  2
1,  103
2,  28
3,  5
1,  102
2,  14
3,  2
1,  100
2,  6
3,  2
4,  1
1,  99
2,  4
3,  2
1,  99
2,  12
3,  3
4,  3
1,  99
2,  4
3,  2
1,  100
2,  10
3,  2
1,  100
2,  6
3,  2
1,  100
2,  17
3,  3
1,  100
2,  6
3,  2
1,  101
2,  13
3,  3
1,  104
2,  10
3,  2
1,  40
2,  8
3,  1
1,  40
2,  11
3,  3
4,  1
1,  40
2,  9
3,  1
1,  40
2,  9
3,  1
1,  40
2,  11
3,  1
1,  40
2,  11
3,  11
1,  40
2,  11
3,  3
4,  1
1,  37
2,  11
3,  1
1,  38
2,  11
3,  3
4,  1
1,  40
2,  11
3,  1
1,  74
2,  74
3,  74
1,  83
2,  23
3,  23
1,  83
2,  18
3,  1
1,  80
2,  9
3,  2
4,  1
1,  79
2,  7
3,  1
1,  84
2,  84
3,  84
4,  84
1,  81
2,  13
3,  2
4,  1
1,  82
2,  8
3,  8
1,  81
2,  14
3,  1
1,  82
1,  187
2,  45
3,  3
4,  1
1,  218
2,  16
3,  3
4,  1
1,  224
2,  48
3,  6
4,  1
1,  215
2,  38
3,  3
1,  217
2,  23
3,  1
1,  220
2,  22
3,  6
4,  2
5,  1
1,  226
2,  27
3,  4
4,  1
1,  220
2,  17
3,  4
4,  1
1,  223
2,  37
3,  3
4,  1
1,  218
2,  37
3,  4
4,  1
1,  226
2,  41
3,  4
1,  218
2,  27
3,  2
1,  222
2,  10
3,  1
1,  222
2,  32
3,  2
1,  221
2,  52
3,  10
4,  10
1,  217
2,  41
3,  6
4,  1
1,  222
2,  49
3,  6
1,  218
2,  23
3,  1
1,  223
2,  33
3,  7
4,  1
1,  223
2,  50
3,  12
4,  1
1,  214
2,  39
3,  2
1,  220
2,  34
3,  1
1,  219
2,  46
3,  17
4,  1
1,  220
2,  35
3,  3
4,  1
1,  226
2,  32
3,  7
4,  7
1,  219
2,  26
3,  26
4,  26
1,  217
2,  37
3,  37
1,  217
2,  12
3,  12
1,  212
2,  49
3,  5
4,  1
1,  222
2,  48
3,  4
4,  1
1,  220
2,  38
3,  5
4,  5
1,  218
2,  33
3,  3
1,  218
2,  33
3,  9
4,  2
5,  2
1,  220
2,  50
3,  50
4,  50
1,  208
2,  17
3,  1
1,  227
2,  34
3,  3
4,  3
1,  223
2,  32
3,  5
4,  1
1,  218
2,  48
3,  3
4,  3
1,  221
2,  33
3,  7
4,  7
1,  220
2,  12
3,  2
1,  39
2,  11
3,  1
1,  40
2,  11
3,  11
1,  40
2,  11
3,  11
1,  40
2,  11
3,  1
1,  40
2,  2
1,  40
2,  11
3,  11
1,  40
2,  9
3,  1
1,  40
2,  7
3,  1
1,  40
2,  11
3,  11
1,  39
2,  11
3,  3
4,  1
1,  83
2,  6
3,  4
4,  1
1,  79
2,  79
3,  79
1,  83
2,  16
3,  1
1,  82
2,  13
3,  1
1,  80
2,  13
3,  2
4,  1
1,  77
2,  22
3,  22
1,  82
2,  6
3,  2
4,  1
1,  82
2,  82
3,  82
1,  82
2,  22
3,  4
4,  4
1,  78
2,  78
3,  78
1,  223
2,  39
3,  4
4,  1
1,  210
2,  28
3,  3
4,  1
1,  211
2,  15
3,  7
4,  1
1,  225
2,  31
3,  1
1,  218
2,  37
3,  3
4,  1
1,  219
2,  45
3,  4
4,  1
1,  219
2,  30
3,  1
1,  222
2,  44
3,  6
4,  1
1,  218
2,  34
3,  3
1,  220
2,  38
3,  3
1,  212
2,  42
3,  6
4,  1
1,  213
2,  38
3,  38
1,  218
2,  38
3,  38
1,  224
2,  37
3,  4
4,  1
1,  221
2,  36
3,  36
1,  215
2,  19
3,  2
1,  219
2,  34
3,  7
4,  7
1,  192
2,  37
3,  2
1,  222
2,  50
3,  5
4,  2
5,  1
1,  225
2,  52
3,  10
4,  1
1,  210
2,  22
3,  2
1,  222
2,  11
3,  2
4,  2
1,  225
2,  48
3,  4
4,  1
1,  215
2,  42
3,  6
1,  226
2,  23
3,  23
1,  219
2,  13
3,  3
4,  3
1,  226
2,  23
3,  1
1,  220
2,  13
3,  2
1,  216
2,  49
3,  4
1,  218
2,  27
3,  2
1,  221
2,  35
3,  6
4,  1
1,  219
2,  37
3,  2
4,  1
1,  219
2,  17
3,  6
4,  6
1,  208
2,  41
3,  41
1,  219
2,  39
3,  5
4,  5
1,  220
2,  32
3,  3
4,  1
1,  208
2,  41
3,  41
4,  41
1,  210
2,  52
3,  4
1,  226
2,  48
3,  3
1,  220
2,  51
3,  3
1,  40
2,  2
1,  38
2,  2
3,  1
1,  40
2,  6
3,  1
1,  40
2,  11
3,  3
4,  1
1,  40
2,  11
3,  3
4,  1
1,  40
2,  2
1,  39
2,  9
3,  1
1,  40
2,  11
3,  1
1,  40
2,  11
3,  3
1,  40
2,  2
3,  1
1,  78
2,  19
3,  3
1,  82
2,  82
1,  79
2,  22
3,  22
1,  72
2,  14
3,  4
1,  81
2,  81
1,  80
2,  20
3,  6
4,  6
1,  78
2,  22
3,  1
1,  79
2,  17
3,  1
1,  77
2,  11
3,  11
1,  81
2,  19
1,  210
2,  34
3,  2
1,  223
2,  35
3,  5
4,  1
1,  217
2,  38
3,  3
4,  1
1,  225
2,  26
3,  4
4,  1
1,  218
2,  41
3,  3
4,  1
1,  223
2,  23
3,  2
1,  219
2,  43
3,  4
4,  1
1,  223
2,  39
3,  2
4,  1
1,  225
2,  31
3,  5
4,  1
1,  225
2,  41
3,  4
4,  2
1,  217
2,  33
3,  33
1,  218
2,  31
3,  31
1,  220
2,  35
3,  35
1,  212
2,  32
3,  1
1,  220
2,  34
3,  5
1,  223
2,  38
3,  4
1,  222
2,  52
3,  8
4,  1
1,  201
2,  30
3,  30
1,  224
2,  30
3,  2
1,  223
2,  10
3,  1
1,  223
2,  34
3,  3
1,  213
2,  29
3,  4
4,  4
1,  226
2,  35
3,  1
1,  218
2,  32
3,  7
4,  2
1,  227
2,  41
3,  4
4,  4
1,  224
2,  38
3,  38
1,  220
2,  32
3,  6
4,  1
1,  221
2,  34
3,  7
4,  7
1,  215
2,  50
3,  14
4,  2
1,  217
2,  19
3,  4
4,  2
1,  218
2,  33
3,  2
1,  209
2,  37
3,  6
4,  1
1,  223
2,  40
3,  5
4,  1
1,  214
2,  42
3,  7
1,  214
2,  30
1,  223
2,  22
3,  5
1,  214
2,  50
3,  8
4,  2
1,  215
2,  31
3,  31
4,  31
1,  227
2,  33
3,  3
1,  222
2,  38
3,  2
4,  1
1,  105
2,  27
3,  2
1,  99
2,  28
3,  3
1,  100
2,  25
3,  2
1,  99
2,  17
3,  3
1,  102
2,  28
3,  3
4,  3
1,  103
2,  17
3,  3
4,  3
1,  95
2,  27
3,  2
4,  1
1,  100
2,  26
3,  3
4,  1
1,  104
2,  14
3,  2
1,  97
2,  24
3,  3
4,  3
1,  80
2,  13
3,  3
4,  1
1,  74
2,  74
3,  74
1,  81
2,  9
3,  1
1,  80
2,  8
3,  2
1,  79
2,  6
3,  2
4,  1
1,  82
2,  16
3,  2
4,  1
1,  82
2,  12
3,  1
1,  84
2,  23
3,  6
4,  1
1,  81
2,  10
3,  3
4,  1
1,  83
2,  83
3,  83
1,  80
2,  17
3,  1
1,  83
2,  83
3,  83
1,  84
2,  13
1,  82
2,  14
3,  1
4,  1
1,  80
2,  10
3,  1
1,  84
2,  9
3,  3
1,  73
2,  10
3,  2
4,  1
1,  78
2,  78
1,  83
2,  19
3,  2
1,  83
2,  9
3,  1
1,  228
2,  31
3,  5
4,  5
1,  217
2,  20
3,  2
1,  226
2,  35
3,  6
4,  1
1,  222
2,  17
3,  3
4,  2
5,  1
1,  224
2,  6
1,  219
2,  20
3,  20
1,  225
2,  28
3,  2
4,  1
1,  218
2,  20
3,  20
4,  20
1,  216
2,  17
3,  1
1,  217
2,  20
1,  220
2,  44
3,  9
4,  2
1,  219
2,  42
3,  3
4,  1
1,  217
2,  31
3,  4
4,  4
1,  209
2,  6
3,  1
1,  220
2,  6
3,  1
1,  222
2,  20
3,  2
1,  219
2,  48
3,  2
4,  1
1,  221
2,  221
3,  221
1,  217
2,  217
3,  217
1,  217
2,  43
3,  7
4,  7
1,  215
2,  12
3,  2
4,  1
1,  226
2,  31
3,  4
4,  1
1,  213
2,  52
3,  9
4,  1
1,  224
2,  31
3,  3
1,  224
2,  43
3,  1
1,  214
2,  10
3,  1
1,  220
2,  50
3,  11
4,  2
5,  2
1,  221
2,  17
3,  1
1,  227
2,  31
3,  4
4,  1
1,  218
2,  11
1,  39
2,  11
3,  3
4,  1
1,  40
2,  11
3,  1
1,  40
2,  11
3,  11
1,  40
2,  9
3,  1
1,  40
2,  11
3,  11
1,  40
2,  11
3,  1
1,  40
2,  11
3,  3
4,  1
1,  40
2,  9
3,  1
1,  40
2,  9
3,  1
1,  40
2,  11
3,  11
1,  221
2,  52
3,  9
4,  2
1,  225
2,  34
3,  3
4,  1
1,  223
2,  36
3,  3
1,  209
2,  20
3,  4
4,  4
1,  216
2,  38
3,  4
4,  1
1,  219
2,  48
3,  5
4,  1
1,  205
2,  15
3,  2
1,  221
2,  13
3,  3
4,  1
1,  217
2,  17
3,  3
4,  1
1,  222
2,  32
3,  7
4,  1
1,  80
2,  80
3,  80
1,  84
2,  23
3,  23
4,  23
1,  79
2,  10
1,  81
2,  18
3,  5
4,  5
1,  79
2,  8
3,  2
4,  2
1,  79
2,  6
3,  2
4,  1
1,  81
2,  9
3,  2
1,  83
2,  10
3,  4
4,  4
1,  79
2,  12
3,  12
1,  81
1,  221
2,  26
3,  2
4,  1
1,  217
2,  10
1,  219
2,  40
3,  3
1,  220
2,  17
3,  1
1,  226
2,  17
3,  4
4,  1
1,  221
2,  33
3,  5
4,  1
1,  215
2,  50
3,  1
1,  213
2,  23
3,  23
1,  219
2,  50
3,  9
4,  1
1,  226
2,  17
3,  1
1,  215
2,  33
3,  33
4,  33
1,  221
2,  33
3,  3
4,  1
1,  221
2,  26
1,  216
2,  37
3,  3
4,  1
1,  217
2,  46
3,  9
4,  2
1,  219
2,  28
3,  28
1,  220
2,  38
3,  38
1,  223
2,  38
3,  8
4,  1
1,  218
2,  28
3,  28
1,  212
2,  51
3,  8
1,  221
2,  6
3,  2
4,  1
1,  226
2,  26
3,  26
1,  226
2,  18
3,  2
4,  1
1,  209
2,  37
3,  4
4,  4
1,  222
2,  12
1,  208
2,  26
3,  1
1,  224
2,  36
3,  2
4,  1
1,  224
2,  45
3,  4
4,  1
1,  213
2,  18
3,  1
1,  220
2,  35
3,  4
4,  4
1,  20
2,  8
1,  20
2,  8
1,  20
2,  6
3,  2
1,  20
2,  8
3,  3
4,  2
1,  20
2,  6
3,  2
4,  1
1,  20
2,  9
3,  4
4,  3
5,  2
1,  20
2,  9
3,  4
4,  3
5,  2
6,  1
1,  20
2,  6
3,  2
1,  20
2,  8
3,  2
1,  20
2,  9
3,  3
4,  2
5,  1
1,  40
2,  40
1,  40
2,  4
3,  2
4,  1
1,  40
2,  4
3,  2
4,  1
1,  40
2,  40
1,  40
2,  9
3,  2
4,  1
1,  40
2,  4
3,  2
4,  1
1,  40
2,  9
1,  39
2,  8
3,  2
1,  40
2,  3
1,  40
2,  9
1,  101
2,  28
3,  3
4,  1
1,  101
2,  10
3,  2
4,  1
1,  96
2,  27
3,  2
4,  1
1,  101
2,  28
3,  5
4,  3
1,  98
2,  28
3,  6
1,  98
2,  9
3,  2
4,  1
1,  100
2,  10
3,  10
1,  103
2,  10
3,  2
1,  101
2,  28
3,  5
4,  5
1,  102
2,  27
3,  5
4,  3
1,  103
2,  28
3,  6
4,  3
5,  1
1,  101
2,  13
3,  2
1,  101
2,  4
1,  105
2,  10
3,  3
4,  1
1,  100
2,  6
3,  2
1,  102
2,  6
3,  2
4,  1
1,  101
2,  14
3,  2
4,  1
1,  103
2,  27
3,  5
4,  1
1,  100
2,  6
3,  2
1,  105
2,  28
3,  6
4,  2
1,  103
1,  102
2,  102
1,  98
2,  10
3,  1
1,  104
2,  10
3,  1
1,  103
2,  10
3,  1
1,  98
2,  10
3,  10
1,  104
1,  102
2,  6
3,  1
1,  103
2,  103
3,  103
1,  97
2,  2
3,  2
1,  99
2,  10
3,  3
4,  1
1,  101
2,  6
1,  103
2,  10
3,  2
4,  1
1,  103
2,  10
3,  2
4,  1
1,  94
1,  98
2,  24
3,  4
4,  1
1,  104
2,  28
3,  2
4,  1
1,  94
2,  10
3,  3
4,  1
1,  99
2,  27
3,  1
1,  100
2,  10
3,  3
4,  1
1,  101
2,  17
3,  3
4,  1
1,  101
2,  14
3,  2
4,  1
1,  100
2,  17
3,  3
4,  1
1,  100
2,  14
3,  2
1,  101
2,  17
3,  3
4,  1
1,  99
2,  27
3,  2
4,  1
1,  99
2,  17
1,  101
2,  14
3,  2
1,  101
2,  17
3,  3
4,  1
1,  100
2,  28
3,  3
4,  1
1,  216
2,  28
3,  5
4,  1
1,  223
2,  46
1,  208
2,  36
3,  3
4,  1
1,  222
2,  42
3,  9
4,  1
1,  218
2,  34
3,  4
4,  1
1,  219
2,  38
3,  3
4,  1
1,  219
2,  22
1,  223
2,  34
3,  7
1,  215
2,  43
3,  7
4,  1
1,  220
2,  32
3,  9
4,  3
5,  1
1,  221
2,  17
3,  3
4,  1
1,  214
2,  51
3,  5
4,  2
1,  222
2,  17
3,  2
4,  1
1,  219
2,  31
3,  2
4,  1
1,  224
2,  33
3,  1
1,  224
2,  39
3,  6
4,  1
1,  215
2,  49
3,  4
4,  4
1,  222
2,  34
3,  2
4,  1
1,  219
2,  34
3,  3
1,  218
2,  16
3,  3
4,  1
1,  163
2,  11
3,  2
4,  1
1,  171
2,  22
3,  3
4,  1
1,  134
2,  6
3,  2
4,  1
1,  165
2,  32
3,  1
1,  171
2,  42
3,  7
4,  1
1,  156
2,  39
3,  1
1,  156
2,  12
3,  1
1,  160
2,  30
3,  1
1,  174
2,  30
3,  1
1,  171
2,  29
3,  1
1,  154
2,  12
3,  1
1,  165
2,  165
3,  165
1,  151
2,  6
3,  3
4,  1
1,  171
2,  19
3,  5
4,  1
1,  143
2,  19
3,  4
1,  162
2,  17
3,  7
1,  157
2,  12
3,  2
1,  148
2,  33
3,  33
1,  161
2,  6
3,  6
1,  172
2,  14
3,  2
1,  168
2,  18
3,  1
1,  165
2,  18
3,  4
4,  1
1,  156
2,  32
3,  32
1,  161
2,  6
1,  165
2,  11
3,  1
1,  156
2,  12
3,  12
1,  167
2,  167
3,  167
1,  156
2,  8
3,  1
1,  171
2,  17
3,  2
1,  168
2,  33
3,  33
1,  100
2,  28
3,  3
1,  102
2,  28
3,  1
1,  101
2,  28
3,  2
1,  103
2,  28
3,  3
4,  3
1,  100
2,  28
3,  1
1,  102
2,  9
3,  1
1,  97
2,  26
1,  103
2,  14
3,  1
1,  100
2,  27
3,  3
1,  102
2,  10
3,  1
1,  211
2,  25
3,  1
1,  218
2,  17
3,  3
4,  1
1,  219
2,  52
1,  213
2,  17
3,  3
4,  1
1,  222
2,  40
3,  40
1,  213
2,  10
3,  2
4,  1
1,  210
2,  45
3,  17
4,  17
1,  226
2,  50
3,  7
4,  2
1,  216
2,  36
1,  217
2,  17
3,  3
4,  1
1,  218
2,  36
1,  210
2,  37
3,  4
4,  4
1,  214
2,  42
3,  4
4,  4
1,  222
2,  20
3,  1
1,  226
2,  41
3,  5
4,  1
1,  215
2,  49
3,  9
4,  3
1,  217
2,  34
3,  34
4,  34
1,  213
2,  50
3,  4
4,  1
1,  219
2,  33
3,  33
1,  221
2,  50
3,  6
1,  158
2,  11
1,  166
2,  33
1,  161
1,  164
2,  14
3,  3
4,  1
1,  157
2,  19
3,  3
4,  1
1,  170
2,  10
3,  1
1,  161
2,  12
3,  1
1,  150
2,  150
3,  150
1,  168
2,  168
1,  171
2,  10
3,  2
1,  165
2,  12
3,  1
1,  161
2,  6
3,  2
4,  1
1,  154
2,  33
1,  163
2,  6
3,  2
1,  169
2,  169
3,  169
1,  158
2,  6
1,  161
2,  12
3,  1
1,  165
2,  11
3,  2
1,  165
2,  12
3,  1
1,  158
2,  158
1,  171
2,  6
3,  6
1,  161
2,  6
3,  1
1,  167
2,  6
3,  6
1,  150
2,  150
3,  150
1,  154
2,  154
3,  154
1,  168
2,  11
3,  11
1,  160
2,  8
3,  8
1,  138
2,  6
3,  2
1,  168
2,  12
3,  12
4,  12
1,  160
2,  6
3,  6
1,  101
2,  10
3,  1
1,  101
2,  28
3,  1
1,  104
2,  28
3,  28
1,  99
2,  28
3,  1
1,  99
2,  28
3,  3
1,  100
2,  28
1,  99
2,  27
3,  2
4,  1
1,  99
2,  10
3,  1
1,  103
2,  14
3,  1
1,  103
2,  28
3,  1
1,  222
2,  18
3,  4
4,  1
1,  221
2,  48
3,  5
4,  5
1,  217
2,  18
3,  4
1,  215
2,  16
3,  2
1,  219
2,  41
3,  3
4,  1
1,  219
2,  19
3,  4
4,  1
1,  223
2,  18
3,  18
1,  223
2,  25
1,  216
2,  38
3,  3
4,  2
1,  219
2,  19
3,  3
1,  217
2,  37
3,  2
1,  217
2,  41
3,  3
4,  1
1,  227
2,  48
3,  4
1,  222
2,  49
3,  14
4,  2
1,  215
2,  47
3,  6
1,  223
2,  17
3,  3
4,  1
1,  220
2,  33
3,  10
4,  1
1,  221
2,  43
3,  8
4,  8
1,  217
2,  11
3,  2
1,  225
2,  52
3,  5
4,  1
1,  161
2,  33
3,  1
1,  168
2,  6
3,  2
4,  1
1,  148
2,  12
3,  12
1,  171
2,  12
1,  157
2,  157
1,  176
2,  31
3,  1
1,  167
2,  19
3,  4
4,  1
1,  147
2,  31
3,  1
1,  160
2,  6
3,  2
4,  1
1,  153
2,  31
1,  154
2,  8
3,  1
1,  149
2,  6
3,  6
1,  155
2,  6
3,  6
1,  169
2,  169
1,  160
2,  12
1,  162
2,  162
3,  162
1,  162
2,  162
1,  169
2,  8
3,  1
1,  162
2,  6
3,  6
4,  6
1,  164
2,  164
3,  164
1,  169
2,  6
3,  3
4,  1
1,  161
2,  14
3,  3
4,  1
1,  158
2,  18
3,  3
4,  1
1,  160
2,  30
3,  1
1,  157
2,  33
3,  1
1,  169
2,  19
3,  3
1,  158
2,  31
3,  1
1,  160
2,  19
3,  5
4,  1
1,  163
2,  13
3,  3
1,  163
2,  33
3,  33
1,  102
2,  14
3,  2
1,  98
2,  28
3,  2
1,  101
2,  27
3,  2
4,  1
1,  101
2,  17
3,  2
1,  99
2,  14
3,  2
1,  97
2,  17
3,  2
4,  2
1,  101
2,  17
3,  2
1,  100
2,  12
3,  2
4,  1
1,  101
2,  28
3,  3
4,  1
1,  102
2,  28
3,  3
1,  84
1,  82
2,  6
1,  80
2,  14
3,  1
1,  79
2,  9
3,  1
1,  84
2,  16
3,  1
1,  79
2,  10
3,  1
1,  79
2,  17
3,  17
1,  75
2,  9
3,  3
4,  2
5,  1
1,  84
2,  9
3,  1
1,  80
2,  4
1,  84
2,  21
3,  4
1,  84
2,  12
3,  1
1,  84
2,  14
3,  14
1,  79
2,  11
3,  3
1,  81
2,  13
3,  3
4,  1
1,  84
2,  4
3,  1
1,  84
2,  13
3,  3
4,  1
1,  78
2,  4
1,  81
2,  81
1,  75
2,  12
3,  2
1,  219
2,  11
1,  216
2,  28
3,  5
1,  221
2,  18
3,  18
1,  206
2,  28
3,  6
4,  1
1,  224
2,  224
3,  224
1,  225
2,  20
3,  2
1,  218
2,  17
3,  2
4,  2
1,  215
2,  12
3,  4
1,  225
2,  16
3,  16
1,  225
2,  19
3,  1
1,  221
2,  17
3,  2
1,  220
2,  20
3,  1
1,  213
2,  20
3,  20
1,  220
2,  37
3,  6
4,  6
1,  224
2,  20
3,  20
4,  20
1,  210
2,  17
3,  4
4,  1
1,  224
2,  12
3,  2
4,  1
1,  219
2,  6
1,  193
2,  41
3,  3
4,  1
1,  220
2,  6
3,  6
1,  220
2,  31
3,  6
4,  6
1,  220
2,  31
3,  5
4,  1
1,  220
2,  17
1,  220
2,  17
3,  17
1,  212
2,  31
3,  4
4,  1
1,  221
2,  43
3,  43
4,  43
1,  216
2,  31
3,  4
4,  1
1,  222
2,  41
3,  3
1,  214
2,  31
3,  6
4,  1
1,  219
2,  17
3,  1
1,  39
2,  2
3,  1
1,  39
2,  7
3,  7
1,  40
2,  11
3,  3
1,  39
2,  10
3,  1
1,  38
2,  11
3,  3
1,  40
2,  11
3,  11
1,  40
2,  8
3,  2
1,  40
2,  1
1,  37
2,  11
3,  3
4,  1
1,  40
2,  11
3,  3
1,  205
2,  33
3,  3
1,  218
2,  40
3,  4
4,  4
1,  223
2,  41
3,  6
1,  218
2,  37
3,  2
1,  218
2,  50
3,  3
1,  220
2,  29
3,  5
4,  1
1,  226
2,  34
3,  2
4,  1
1,  224
2,  43
3,  4
4,  1
1,  222
2,  39
3,  6
4,  6
1,  222
2,  49
3,  2
4,  1
1,  82
2,  11
3,  2
4,  1
1,  82
2,  9
3,  1
4,  1
1,  82
2,  15
3,  4
4,  4
1,  79
2,  13
3,  2
1,  82
2,  4
3,  2
4,  1
1,  83
2,  23
3,  23
4,  23
1,  79
2,  18
3,  2
4,  1
1,  77
2,  23
3,  23
4,  23
1,  74
2,  16
3,  2
4,  1
1,  80
2,  13
3,  2
4,  1
1,  216
2,  26
3,  26
1,  220
2,  36
3,  8
4,  1
1,  213
2,  13
3,  2
1,  217
2,  28
3,  2
1,  215
2,  42
3,  3
4,  3
1,  222
2,  34
3,  2
1,  218
2,  38
3,  2
1,  219
2,  50
3,  3
4,  3
1,  215
2,  47
3,  47
4,  47
1,  216
2,  48
3,  4
4,  1
1,  224
2,  49
3,  17
4,  4
5,  4
1,  226
2,  46
3,  4
4,  1
1,  226
2,  28
3,  1
1,  217
2,  41
3,  4
1,  217
2,  33
3,  2
4,  1
1,  220
2,  35
3,  4
4,  1
1,  224
2,  17
3,  4
4,  1
1,  224
2,  33
3,  8
1,  223
2,  34
3,  8
4,  1
1,  220
2,  49
3,  7
4,  1
1,  223
2,  17
3,  2
4,  1
1,  225
2,  49
3,  3
1,  224
2,  12
3,  1
1,  218
2,  38
3,  4
4,  1
1,  225
2,  50
3,  3
1,  216
2,  18
3,  1
1,  218
2,  26
3,  1
1,  222
2,  26
3,  26
1,  223
2,  13
3,  2
1,  223
2,  51
3,  4
4,  1
1,  20
2,  8
3,  4
4,  3
5,  2
6,  1
1,  20
2,  8
3,  4
4,  3
5,  2
6,  1
1,  20
2,  6
3,  2
4,  1
1,  20
2,  9
3,  2
1,  20
2,  6
3,  2
1,  20
2,  7
3,  2
4,  2
5,  1
1,  20
2,  8
3,  3
4,  2
1,  20
2,  8
3,  1
1,  17
2,  6
1,  20
2,  6
3,  2
4,  1
1,  40
2,  4
1,  39
2,  9
3,  2
1,  40
2,  7
3,  2
4,  1
1,  40
2,  4
3,  2
1,  38
2,  38
1,  40
2,  9
3,  9
1,  40
1,  40
1,  40
2,  3
3,  2
4,  1
1,  40
2,  40
1,  103
2,  10
3,  3
1,  103
2,  4
1,  105
2,  4
3,  2
4,  2
1,  101
2,  10
3,  3
1,  99
2,  10
1,  103
2,  28
3,  2
4,  1
1,  101
2,  10
3,  2
1,  104
2,  10
1,  103
2,  10
3,  1
1,  99
2,  10
3,  2
4,  1
1,  101
1,  101
2,  10
3,  1
1,  102
2,  102
3,  102
1,  102
2,  6
3,  1
1,  105
2,  10
3,  1
1,  102
2,  102
1,  103
2,  10
3,  3
4,  3
1,  100
2,  100
1,  99
2,  10
1,  100
2,  10
3,  2
1,  101
2,  4
3,  2
4,  1
1,  102
2,  28
3,  6
4,  3
5,  1
1,  105
2,  10
3,  3
4,  1
1,  96
2,  4
1,  100
2,  17
3,  1
1,  98
2,  10
3,  3
4,  1
1,  98
2,  17
3,  1
1,  101
2,  10
3,  2
1,  96
2,  15
3,  1
1,  101
2,  14
3,  2
1,  105
2,  28
3,  1
1,  100
2,  100
1,  104
2,  14
3,  1
1,  99
2,  10
3,  1
1,  100
2,  10
3,  2
1,  103
1,  97
2,  28
3,  3
1,  97
2,  2
3,  2
1,  104
2,  6
3,  2
1,  100
2,  10
1,  101
2,  26
3,  1
1,  101
2,  14
3,  1
1,  100
2,  26
3,  3
1,  102
2,  13
3,  1
1,  102
2,  24
3,  1
1,  98
2,  27
1,  100
2,  10
3,  1
1,  100
2,  10
3,  2
4,  1
1,  97
2,  27
3,  3
4,  3
1,  104
2,  28
3,  3
4,  3
1,  217
2,  33
1,  226
2,  34
3,  7
4,  7
1,  224
2,  35
3,  8
1,  226
2,  19
3,  2
4,  1
1,  218
2,  34
3,  34
1,  224
2,  38
3,  9
4,  1
1,  225
2,  49
3,  10
4,  1
1,  217
2,  14
3,  3
4,  1
1,  223
2,  34
1,  218
2,  35
3,  1
1,  223
2,  31
3,  31
1,  214
2,  38
3,  38
1,  214
2,  36
3,  5
4,  5
1,  219
2,  43
3,  4
4,  1
1,  219
2,  16
1,  220
2,  38
3,  3
4,  3
1,  215
2,  31
3,  3
4,  2
5,  1
1,  218
2,  11
3,  2
4,  1
1,  226
2,  19
3,  4
4,  4
1,  220
2,  38
3,  38
1,  159
2,  11
3,  1
1,  156
2,  10
3,  2
1,  160
2,  33
3,  33
1,  175
2,  6
3,  6
1,  165
2,  7
3,  1
1,  147
2,  147
3,  147
1,  168
2,  14
3,  3
4,  1
1,  159
2,  11
3,  1
1,  162
2,  6
3,  2
4,  1
1,  166
2,  8
3,  2
4,  1
1,  150
2,  17
3,  1
1,  164
2,  11
3,  1
1,  150
2,  12
1,  160
2,  6
3,  2
1,  146
2,  8
1,  157
2,  157
1,  151
2,  18
3,  3
4,  1
1,  165
2,  11
3,  1
1,  165
2,  33
3,  2
1,  165
2,  11
3,  2
1,  164
2,  164
3,  164
1,  167
2,  167
1,  158
2,  158
3,  158
1,  154
2,  12
1,  165
2,  11
3,  11
1,  157
2,  6
3,  6
1,  171
2,  6
3,  6
1,  170
2,  6
1,  164
2,  164
1,  164
2,  8
3,  8
1,  101
2,  13
3,  2
4,  1
1,  102
2,  17
3,  3
4,  1
1,  99
2,  17
3,  1
1,  101
2,  17
3,  3
4,  1
1,  102
2,  14
3,  2
1,  98
2,  28
3,  2
4,  1
1,  99
2,  27
3,  3
4,  1
1,  100
2,  14
3,  2
4,  1
1,  103
2,  17
3,  3
4,  1
1,  100
2,  14
3,  2
1,  218
2,  6
1,  218
2,  13
3,  4
4,  1
1,  218
2,  21
3,  2
1,  218
2,  36
3,  6
4,  1
1,  215
2,  34
3,  3
1,  223
2,  17
3,  3
4,  1
1,  212
2,  23
3,  2
4,  1
1,  218
2,  52
3,  5
1,  221
2,  33
3,  2
4,  1
1,  209
2,  36
3,  3
4,  2
1,  212
2,  17
3,  3
1,  222
2,  23
3,  9
4,  2
5,  1
1,  219
2,  17
3,  3
4,  1
1,  222
2,  40
3,  3
1,  216
2,  35
3,  3
4,  1
1,  226
2,  34
3,  9
4,  9
1,  199
2,  41
3,  6
4,  1
1,  220
2,  34
3,  8
4,  1
1,  224
2,  23
1,  215
2,  37
3,  3
4,  1
1,  154
2,  6
3,  3
1,  166
2,  12
3,  3
4,  1
1,  163
2,  14
3,  2
1,  154
2,  12
3,  1
1,  158
2,  14
3,  2
1,  160
2,  19
3,  3
4,  1
1,  152
2,  32
3,  2
1,  166
2,  166
1,  156
2,  8
3,  1
1,  160
2,  6
1,  168
2,  32
3,  1
1,  151
2,  22
3,  3
4,  1
1,  155
2,  39
3,  1
1,  161
2,  12
3,  2
1,  150
2,  29
3,  6
4,  1
1,  153
2,  6
3,  1
4,  1
1,  160
2,  10
3,  1
1,  160
2,  6
3,  1
1,  174
2,  9
3,  1
1,  163
2,  21
3,  4
4,  1
1,  165
2,  11
3,  1
1,  169
2,  169
1,  173
2,  11
3,  1
1,  165
2,  12
3,  1
1,  169
2,  169
3,  169
1,  153
2,  8
3,  1
1,  162
2,  8
3,  1
1,  140
2,  10
3,  2
1,  164
2,  164
1,  153
2,  10
1,  104
2,  26
3,  3
4,  3
1,  102
2,  28
3,  3
1,  102
2,  28
3,  1
1,  101
2,  10
3,  3
1,  101
2,  28
3,  2
1,  101
2,  10
3,  1
1,  101
2,  10
3,  2
1,  101
2,  28
3,  3
1,  98
2,  28
3,  1
1,  100
2,  13
3,  1
1,  184
2,  19
3,  3
1,  225
2,  35
3,  3
4,  1
1,  218
2,  51
3,  9
4,  2
5,  2
1,  225
2,  26
3,  1
1,  226
2,  41
3,  9
4,  2
5,  1
1,  219
2,  25
3,  1
1,  220
2,  11
3,  3
1,  215
2,  12
3,  12
1,  225
2,  49
3,  12
4,  12
1,  222
2,  43
3,  11
4,  3
5,  1
1,  217
2,  11
3,  3
4,  1
1,  219
2,  48
3,  6
4,  6
1,  218
2,  25
1,  224
2,  38
3,  3
4,  1
1,  221
2,  23
1,  215
2,  18
1,  220
2,  11
3,  2
4,  1
1,  227
2,  49
3,  4
4,  1
1,  217
2,  48
3,  9
1,  221
2,  26
3,  7
4,  1
1,  171
2,  6
1,  164
2,  6
3,  1
1,  168
2,  12
1,  174
2,  8
3,  8
1,  172
2,  172
3,  172
4,  172
1,  163
2,  11
3,  11
1,  150
2,  150
1,  154
2,  10
3,  10
1,  163
2,  6
3,  6
1,  158
2,  10
3,  10
4,  10
1,  164
2,  19
3,  5
4,  1
1,  167
2,  18
3,  4
4,  1
1,  163
2,  12
3,  2
4,  1
1,  158
2,  12
1,  152
2,  33
1,  164
2,  31
3,  2
4,  2
1,  167
2,  167
1,  152
2,  10
3,  10
1,  161
2,  17
3,  3
1,  169
2,  11
3,  1
1,  167
2,  10
1,  139
2,  6
3,  6
1,  172
2,  19
3,  4
4,  1
1,  153
2,  6
3,  2
4,  1
1,  158
2,  18
3,  3
1,  158
2,  19
3,  4
4,  4
1,  160
2,  10
3,  1
1,  163
2,  8
3,  1
1,  170
2,  170
1,  161
2,  6
3,  1
1,  100
2,  15
3,  2
1,  103
2,  27
3,  2
1,  100
2,  28
3,  3
4,  1
1,  101
2,  17
3,  2
4,  2
5,  2
1,  102
2,  14
3,  2
4,  1
1,  103
2,  14
3,  2
4,  1
1,  100
2,  17
3,  3
1,  102
2,  14
3,  2
1,  100
2,  14
3,  2
1,  102
2,  14
3,  2
4,  1
1,  80
2,  9
3,  1
1,  81
2,  16
3,  3
4,  1
1,  83
2,  6
3,  2
4,  1
1,  75
2,  6
3,  2
4,  1
1,  84
2,  8
3,  2
1,  83
2,  22
3,  2
1,  83
1,  79
2,  13
3,  1
1,  83
2,  8
3,  2
1,  80
2,  10
3,  1
1,  83
2,  10
3,  1
1,  73
2,  12
3,  5
1,  80
2,  80
1,  79
2,  10
3,  1
1,  83
2,  10
1,  79
2,  23
3,  3
4,  1
1,  82
2,  19
3,  2
1,  74
2,  74
1,  82
2,  14
3,  1
1,  77
2,  77
1,  225
2,  12
3,  2
4,  1
1,  220
2,  39
3,  3
4,  1
1,  225
2,  20
3,  2
4,  2
1,  225
2,  43
3,  4
1,  223
2,  20
3,  2
4,  2
1,  223
2,  17
3,  1
1,  227
2,  20
3,  3
1,  216
2,  10
1,  221
2,  20
3,  2
1,  223
2,  12
3,  4
1,  224
1,  214
2,  43
3,  4
4,  1
1,  212
2,  20
3,  3
4,  3
1,  216
1,  223
2,  10
3,  1
1,  225
2,  225
1,  226
2,  12
3,  4
4,  1
1,  227
2,  16
3,  3
4,  1
1,  221
2,  20
3,  2
4,  2
1,  215
2,  215
1,  210
2,  12
3,  2
1,  200
2,  31
3,  5
4,  5
1,  223
2,  17
3,  1
1,  221
2,  6
3,  1
4,  1
1,  204
2,  12
3,  1
1,  221
2,  31
3,  5
4,  5
1,  216
2,  19
3,  1
1,  224
2,  31
3,  5
4,  1
1,  227
2,  19
3,  1
1,  223
2,  16
3,  3
4,  1
1,  40
2,  1
3,  1
1,  39
2,  2
3,  1
1,  40
2,  11
3,  3
1,  40
2,  11
3,  11
1,  37
2,  9
3,  1
1,  36
2,  11
3,  1
1,  40
2,  11
3,  1
1,  40
2,  11
3,  1
1,  39
2,  11
3,  11
1,  40
2,  11
3,  3
4,  1
1,  215
2,  23
3,  2
4,  1
1,  219
2,  50
3,  5
4,  1
1,  219
2,  43
3,  7
4,  1
1,  221
2,  47
3,  4
4,  2
5,  1
1,  224
2,  29
3,  3
4,  1
1,  220
2,  48
3,  3
4,  1
1,  223
2,  23
3,  2
4,  1
1,  216
2,  26
3,  4
4,  1
1,  222
2,  51
3,  6
4,  1
1,  218
2,  37
3,  2
1,  78
2,  8
3,  8
1,  83
2,  83
3,  83
1,  76
2,  17
3,  2
1,  82
2,  8
3,  1
1,  78
2,  18
3,  18
4,  18
1,  84
2,  5
3,  1
1,  78
2,  11
3,  2
4,  2
1,  83
2,  4
1,  77
2,  12
1,  75
2,  12
3,  12
1,  216
2,  33
3,  10
4,  1
1,  223
2,  50
3,  5
4,  1
1,  224
2,  50
3,  50
1,  209
2,  17
3,  5
1,  216
2,  44
3,  4
1,  178
2,  18
3,  2
4,  1
1,  218
2,  36
3,  2
4,  2
1,  215
2,  33
3,  7
4,  3
5,  1
1,  223
2,  26
3,  2
1,  222
2,  37
3,  3
4,  1
1,  221
2,  36
3,  6
1,  212
2,  12
3,  12
1,  224
2,  18
3,  6
4,  1
1,  219
2,  43
3,  5
4,  1
1,  218
2,  18
3,  4
4,  4
1,  227
2,  42
3,  11
4,  11
1,  219
2,  37
3,  4
4,  1
1,  222
2,  47
3,  12
1,  227
2,  26
3,  2
4,  2
1,  226
2,  38
3,  38
4,  38
1,  226
2,  19
3,  19
1,  220
2,  31
3,  31
1,  224
2,  31
1,  217
2,  43
3,  4
4,  4
1,  223
2,  43
3,  43
1,  218
2,  32
3,  8
4,  8
1,  218
2,  5
3,  1
1,  226
2,  37
3,  8
4,  1
1,  207
2,  34
3,  5
4,  1
1,  218
2,  35
3,  3
4,  1
1,  20
2,  8
3,  3
4,  2
5,  1
1,  20
2,  6
3,  1
1,  20
2,  8
3,  1
1,  20
2,  9
1,  20
2,  6
3,  1
1,  18
2,  9
3,  3
4,  2
1,  20
2,  9
3,  3
4,  2
5,  1
1,  20
2,  8
3,  3
4,  2
5,  1
1,  19
2,  8
3,  3
4,  2
1,  20
2,  9
3,  4
4,  3
5,  2
6,  1
1,  40
2,  4
3,  2
4,  1
1,  39
1,  40
2,  40
1,  40
2,  7
3,  2
1,  40
2,  8
1,  40
2,  8
3,  2
4,  1
1,  38
2,  3
3,  2
4,  1
1,  40
2,  9
3,  2
1,  40
2,  8
3,  2
1,  40
1,  101
2,  27
3,  3
1,  101
2,  28
3,  6
4,  3
1,  99
2,  10
3,  1
1,  99
2,  15
3,  1
1,  103
2,  10
3,  3
4,  1
1,  102
2,  14
3,  3
1,  103
2,  10
3,  3
4,  3
1,  100
2,  28
3,  5
1,  99
2,  23
3,  1
1,  102
2,  10
3,  10
1,  105
2,  105
1,  99
2,  2
3,  2
1,  101
2,  28
3,  1
1,  102
2,  10
3,  1
1,  98
2,  6
1,  100
2,  10
3,  1
1,  101
2,  27
3,  3
4,  1
1,  102
1,  101
2,  10
3,  2
4,  1
1,  102
2,  102
3,  102
1,  103
2,  13
3,  1
1,  103
2,  10
3,  2
1,  103
2,  6
3,  2
4,  1
1,  100
2,  6
3,  2
1,  102
2,  2
3,  2
1,  103
2,  10
3,  2
4,  1
1,  100
2,  10
3,  2
1,  103
2,  2
1,  101
2,  101
1,  100
2,  100
1,  99
2,  17
3,  3
1,  99
2,  14
3,  2
4,  1
1,  93
2,  14
3,  3
4,  1
1,  102
2,  10
3,  3
4,  1
1,  102
2,  28
3,  5
4,  1
1,  100
2,  13
3,  2
1,  103
2,  14
3,  2
1,  96
2,  10
3,  3
1,  100
2,  10
3,  3
4,  1
1,  104
2,  14
3,  3
4,  1
1,  103
2,  28
3,  3
4,  3
1,  102
2,  10
3,  2
4,  1
1,  101
2,  28
3,  3
1,  99
2,  9
3,  1
1,  102
2,  28
3,  3
1,  104
2,  27
3,  1
1,  99
2,  28
3,  3
1,  103
2,  28
3,  2
4,  1
1,  101
2,  28
3,  3
4,  3
1,  101
2,  28
3,  3
1,  219
2,  51
3,  6
1,  221
2,  11
3,  3
1,  207
2,  28
3,  2
4,  1
1,  210
2,  30
3,  4
4,  4
1,  214
2,  17
3,  3
4,  1
1,  216
2,  36
3,  36
1,  217
2,  51
3,  51
1,  225
2,  12
1,  226
2,  36
3,  3
1,  215
2,  32
3,  32
1,  212
2,  17
1,  224
2,  42
3,  8
4,  1
1,  221
2,  41
3,  4
1,  221
2,  41
3,  7
4,  1
1,  221
2,  33
3,  8
4,  8
5,  8
1,  221
2,  16
3,  3
4,  1
1,  223
2,  40
3,  9
4,  1
1,  222
2,  11
3,  3
4,  1
1,  212
2,  41
3,  3
4,  1
1,  222
2,  47
3,  3
1,  175
2,  18
3,  7
4,  1
1,  169
2,  18
3,  1
1,  161
1,  161
2,  18
3,  7
4,  1
1,  164
2,  18
1,  165
2,  6
3,  3
1,  165
2,  31
3,  2
1,  143
2,  11
3,  11
1,  174
2,  8
3,  2
4,  1
1,  157
2,  14
3,  3
4,  1
1,  155
2,  6
3,  1
1,  149
2,  149
3,  149
4,  149
1,  168
1,  152
2,  12
3,  12
4,  12
1,  171
2,  6
1,  162
2,  6
3,  6
1,  167
2,  167
1,  165
2,  12
3,  12
1,  150
2,  150
1,  164
2,  11
3,  11
4,  11
1,  157
2,  8
3,  1
1,  165
2,  6
3,  2
1,  164
2,  32
3,  1
1,  162
2,  19
3,  3
1,  168
2,  14
3,  3
1,  161
2,  7
3,  2
4,  1
1,  160
2,  14
3,  3
1,  166
2,  32
3,  5
4,  1
1,  169
2,  169
3,  169
1,  165
2,  165
1,  100
2,  28
3,  3
1,  96
2,  10
3,  2
4,  1
1,  102
2,  10
3,  1
1,  102
2,  10
3,  2
4,  1
1,  100
2,  28
3,  1
1,  100
2,  27
3,  1
1,  97
2,  10
3,  1
1,  101
2,  10
3,  1
1,  101
2,  28
3,  2
4,  1
1,  99
2,  10
3,  2
1,  219
2,  49
3,  12
4,  2
1,  221
2,  43
3,  4
1,  219
2,  33
3,  2
1,  214
2,  33
3,  3
4,  2
1,  222
2,  37
3,  3
1,  216
2,  19
3,  3
4,  3
1,  225
2,  32
3,  2
1,  220
2,  52
3,  5
4,  2
5,  1
1,  224
2,  51
3,  4
4,  1
1,  213
2,  40
3,  4
4,  1
1,  228
2,  50
3,  2
4,  1
1,  225
2,  35
3,  8
4,  1
1,  217
2,  25
3,  25
1,  213
2,  49
3,  5
1,  222
2,  49
3,  2
4,  1
1,  221
2,  41
3,  41
1,  219
2,  25
1,  222
2,  35
3,  5
4,  5
1,  222
2,  47
3,  4
4,  4
1,  219
2,  20
3,  4
4,  1
1,  170
2,  12
3,  12
4,  12
1,  168
2,  6
3,  1
1,  171
2,  8
3,  1
1,  157
2,  6
3,  6
1,  166
2,  11
3,  11
4,  11
1,  163
2,  163
3,  163
1,  170
2,  170
3,  170
1,  165
2,  165
3,  165
4,  165
1,  152
2,  6
3,  6
1,  155
2,  8
3,  1
1,  160
2,  10
3,  2
1,  172
2,  10
3,  2
1,  154
2,  12
3,  12
1,  160
2,  6
3,  1
1,  165
2,  165
1,  170
2,  12
3,  2
4,  2
1,  159
2,  19
3,  4
4,  1
1,  163
2,  19
3,  4
1,  161
2,  12
1,  163
2,  11
3,  2
1,  166
2,  8
3,  2
1,  166
1,  166
2,  14
3,  3
4,  1
1,  164
2,  164
3,  164
1,  151
2,  12
3,  1
1,  162
2,  18
3,  7
4,  7
1,  164
2,  12
3,  1
1,  159
2,  6
3,  2
4,  1
1,  159
2,  6
3,  6
1,  172
2,  33
1,  100
2,  27
3,  3
4,  1
1,  100
2,  14
3,  2
1,  101
2,  26
3,  3
4,  1
1,  100
2,  17
1,  101
2,  14
3,  2
4,  1
1,  102
2,  17
3,  1
1,  98
2,  14
3,  2
4,  1
1,  98
2,  28
3,  3
4,  1
1,  103
2,  16
3,  3
4,  1
1,  101
2,  17
3,  3
4,  1
1,  214
2,  45
3,  11
4,  3
5,  1
1,  219
2,  6
3,  6
1,  227
2,  43
3,  10
4,  10
1,  219
2,  31
3,  3
4,  1
1,  225
2,  52
3,  4
1,  218
2,  29
3,  2
4,  1
1,  218
2,  41
3,  5
4,  1
1,  211
2,  17
3,  3
4,  1
1,  211
2,  43
3,  6
4,  1
1,  221
2,  31
3,  7
4,  3
5,  3
1,  222
2,  23
3,  2
1,  223
2,  17
3,  3
4,  1
1,  216
2,  14
3,  3
4,  1
1,  217
2,  17
3,  3
1,  218
2,  32
3,  8
4,  1
1,  225
2,  17
3,  3
1,  218
2,  39
3,  3
1,  221
2,  41
3,  4
4,  4
1,  215
2,  29
3,  2
4,  1
1,  209
2,  48
3,  10
4,  1
1,  137
2,  19
3,  5
4,  1
1,  156
2,  17
3,  1
1,  169
2,  31
3,  2
4,  2
1,  168
2,  19
3,  5
4,  1
1,  162
2,  12
3,  3
1,  155
2,  14
3,  3
4,  1
1,  164
2,  12
3,  1
1,  159
2,  18
3,  4
4,  1
1,  164
2,  164
1,  156
2,  11
3,  1
1,  164
2,  6
3,  2
1,  151
2,  18
3,  18
1,  156
2,  6
3,  3
4,  1
1,  176
2,  18
3,  5
4,  1
1,  168
2,  168
3,  168
1,  168
2,  14
3,  3
1,  178
2,  17
3,  2
4,  1
1,  158
2,  27
3,  2
1,  159
2,  31
3,  31
1,  165
2,  19
3,  4
4,  4
1,  166
2,  6
3,  1
1,  172
2,  27
3,  1
1,  158
2,  12
3,  1
1,  160
2,  8
3,  3
4,  1
1,  173
2,  29
3,  1
1,  161
2,  27
3,  7
4,  1
1,  162
2,  32
3,  1
1,  172
2,  6
3,  1
1,  157
2,  33
3,  1
1,  164
2,  6
3,  2
4,  1
1,  82
2,  23
3,  3
4,  2
5,  1
1,  78
2,  12
3,  3
1,  81
2,  16
3,  2
4,  1
1,  84
2,  9
3,  3
4,  2
5,  1
1,  82
2,  16
3,  2
4,  1
1,  84
2,  13
3,  3
1,  80
2,  23
3,  3
4,  2
1,  77
2,  10
3,  1
4,  1
1,  83
2,  21
3,  3
4,  2
1,  77
2,  16
3,  4
4,  2
1,  43
2,  7
3,  3
1,  43
2,  6
3,  2
4,  1
1,  44
2,  6
3,  2
4,  1
1,  43
2,  6
3,  2
4,  1
1,  44
2,  7
3,  2
4,  1
1,  43
2,  7
3,  3
1,  44
2,  6
3,  2
1,  44
2,  6
3,  2
1,  44
2,  6
3,  2
1,  44
2,  7
3,  3
1,  0
2,  0
1,  0
2,  0
1,  0
1,  0
2,  0
1,  0
2,  0
1,  0
2,  0
1,  0
1,  0
2,  0
1,  0
1,  0
1,  44
2,  4
3,  1
1,  44
2,  7
3,  1
1,  44
2,  6
3,  1
1,  44
2,  4
3,  1
1,  43
2,  6
1,  44
2,  4
3,  1
1,  44
2,  4
3,  1
1,  43
2,  4
1,  44
2,  4
1,  44
2,  3
3,  2
1,  43
2,  9
3,  1
1,  42
2,  8
3,  1
1,  44
2,  7
3,  7
1,  44
2,  7
1,  44
2,  10
3,  2
1,  44
2,  7
3,  2
1,  44
2,  4
3,  1
1,  44
2,  7
3,  1
1,  43
2,  7
3,  1
1,  43
2,  7
3,  1
1,  43
2,  6
3,  2
4,  1
1,  44
2,  7
3,  1
1,  44
2,  10
3,  2
4,  1
1,  44
2,  6
1,  44
2,  10
3,  1
1,  44
2,  3
1,  44
2,  6
3,  1
1,  43
2,  6
3,  1
1,  44
2,  3
3,  2
1,  44
2,  3
3,  2
1,  82
2,  6
3,  2
4,  1
1,  81
2,  9
3,  3
4,  2
5,  1
1,  81
2,  16
3,  4
4,  2
5,  1
1,  78
2,  12
3,  3
4,  1
1,  80
2,  10
3,  2
4,  1
1,  78
2,  9
3,  2
4,  1
1,  76
2,  14
3,  2
1,  83
2,  6
3,  2
1,  83
2,  6
3,  2
1,  79
2,  6
3,  3
1,  216
2,  12
3,  1
1,  207
2,  26
3,  1
1,  217
2,  12
3,  1
1,  209
2,  12
3,  1
1,  221
2,  30
3,  4
4,  2
1,  215
2,  12
3,  1
1,  221
2,  12
3,  1
1,  217
2,  26
3,  1
1,  219
2,  12
3,  2
1,  209
2,  30
3,  3
4,  1
1,  44
2,  8
3,  2
1,  44
2,  3
1,  44
2,  7
3,  2
4,  1
1,  44
2,  5
3,  3
4,  2
5,  1
1,  44
2,  3
1,  44
2,  8
3,  2
1,  44
2,  5
1,  44
2,  8
3,  2
1,  44
2,  8
3,  8
1,  44
2,  3
1,  214
2,  40
3,  10
4,  2
1,  215
2,  34
3,  3
4,  1
1,  214
2,  44
3,  2
4,  1
1,  212
2,  36
3,  4
4,  1
1,  204
2,  22
3,  2
1,  220
2,  26
3,  4
4,  1
1,  202
2,  17
3,  2
1,  219
2,  36
3,  3
4,  1
1,  212
2,  41
3,  3
4,  1
1,  217
2,  39
3,  6
4,  1
1,  213
2,  15
3,  2
1,  217
2,  41
3,  4
1,  219
2,  12
3,  1
1,  218
2,  12
3,  2
4,  1
1,  218
2,  14
3,  1
1,  206
2,  43
3,  5
4,  1
1,  219
2,  26
3,  4
1,  217
2,  42
3,  5
4,  1
1,  209
2,  25
3,  4
4,  1
1,  218
2,  14
3,  1
1,  220
2,  12
3,  1
1,  216
2,  17
3,  4
1,  218
2,  26
1,  207
2,  41
3,  3
4,  1
1,  218
2,  26
3,  4
1,  218
2,  36
3,  4
4,  1
1,  219
2,  12
1,  218
2,  14
3,  2
1,  211
2,  26
1,  219
2,  12
3,  2
1,  0
2,  0
3,  0
1,  0
2,  0
3,  0
1,  0
2,  0
1,  0
2,  0
1,  0
2,  0
1,  0
1,  0
2,  0
1,  0
1,  0
1,  0
2,  0
1,  83
2,  4
1,  83
2,  22
3,  2
1,  80
2,  23
3,  6
4,  1
1,  80
2,  22
3,  6
4,  2
5,  1
1,  75
2,  10
3,  3
4,  2
1,  78
2,  21
3,  6
4,  2
1,  82
2,  4
3,  3
4,  2
1,  82
2,  16
3,  1
1,  79
2,  23
3,  7
4,  1
1,  80
2,  23
3,  6
4,  1
1,  78
2,  23
3,  3
4,  1
1,  80
2,  5
3,  2
1,  81
2,  9
3,  1
1,  79
2,  23
3,  4
4,  1
1,  81
2,  23
3,  3
1,  75
2,  23
3,  3
4,  2
5,  1
1,  83
2,  14
3,  3
4,  2
1,  82
2,  10
3,  1
1,  82
2,  9
3,  3
4,  2
1,  84
2,  19
3,  2
4,  1
1,  82
2,  8
3,  2
1,  84
2,  84
3,  84
4,  84
1,  76
2,  13
1,  84
2,  15
3,  15
1,  78
2,  78
3,  78
1,  79
2,  17
3,  1
1,  82
2,  23
3,  2
4,  1
1,  79
2,  22
3,  22
1,  81
2,  16
3,  16
1,  81
2,  12
3,  2
1,  82
2,  82
3,  82
1,  81
2,  14
3,  3
1,  74
2,  21
3,  21
1,  84
2,  23
3,  6
4,  1
1,  75
2,  13
3,  2
4,  1
1,  82
2,  22
3,  22
4,  22
1,  81
2,  9
3,  9
1,  82
2,  17
3,  3
1,  83
2,  10
3,  10
1,  83
2,  17
3,  1
1,  77
2,  9
3,  2
1,  82
2,  6
3,  6
1,  77
2,  9
3,  3
1,  81
2,  19
1,  84
2,  11
3,  11
1,  83
2,  83
3,  83
4,  83
1,  83
2,  23
3,  3
4,  1
1,  83
2,  11
3,  3
4,  1
1,  82
2,  13
3,  2
1,  82
2,  10
3,  10
1,  78
2,  16
3,  1
1,  83
2,  10
3,  1
1,  84
2,  4
3,  1
1,  78
2,  10
3,  3
1,  81
2,  7
3,  3
4,  2
5,  1
1,  82
2,  12
3,  3
4,  1
1,  77
2,  77
1,  80
2,  12
3,  1
1,  79
2,  12
3,  1
1,  80
2,  21
3,  3
4,  1
1,  220
2,  43
3,  4
1,  215
2,  25
3,  25
1,  214
2,  23
3,  2
1,  213
2,  40
3,  7
4,  1
1,  220
2,  17
3,  2
1,  219
2,  42
3,  3
1,  219
2,  14
3,  2
1,  216
2,  23
3,  2
4,  1
1,  210
2,  14
3,  1
1,  213
2,  30
3,  4
4,  1
1,  44
2,  7
3,  1
1,  44
2,  8
3,  1
1,  44
2,  6
3,  1
1,  44
2,  10
3,  2
1,  44
2,  8
3,  1
1,  43
2,  8
3,  1
1,  43
2,  7
3,  2
4,  1
1,  44
1,  44
2,  10
1,  44
2,  8
3,  2
4,  1
1,  216
2,  32
3,  6
4,  1
1,  214
2,  34
3,  4
1,  217
2,  14
3,  14
1,  214
2,  40
3,  7
4,  2
1,  210
2,  39
3,  3
4,  2
1,  212
2,  32
3,  5
1,  220
2,  41
3,  7
4,  1
1,  217
2,  36
3,  36
4,  36
1,  216
2,  17
3,  1
1,  217
2,  12
3,  12
1,  220
2,  8
3,  4
4,  1
1,  221
2,  21
1,  218
2,  43
3,  43
4,  43
1,  211
2,  36
3,  8
4,  1
1,  216
2,  35
3,  4
4,  1
1,  217
2,  42
3,  4
1,  211
2,  41
3,  41
4,  41
1,  199
2,  34
3,  4
4,  1
1,  220
2,  35
3,  6
4,  6
1,  215
2,  43
3,  5
4,  1
1,  218
2,  33
3,  3
4,  1
1,  209
2,  16
3,  2
1,  214
2,  32
3,  4
4,  4
1,  213
2,  35
3,  9
4,  1
1,  218
2,  31
3,  3
4,  1
1,  210
2,  41
3,  6
1,  192
2,  36
3,  3
4,  3
1,  216
2,  36
3,  3
1,  214
2,  40
3,  3
1,  218
2,  41
3,  3
4,  1
1,  80
2,  5
3,  2
4,  2
1,  79
2,  79
1,  81
2,  9
3,  1
1,  77
2,  10
3,  1
1,  83
2,  11
3,  2
1,  79
2,  15
3,  1
1,  78
2,  22
3,  6
4,  1
1,  76
2,  8
3,  1
1,  79
2,  6
1,  83
2,  83
1,  216
2,  17
3,  2
4,  1
1,  212
2,  14
3,  1
1,  214
2,  36
3,  4
4,  1
1,  214
2,  23
3,  2
1,  217
2,  36
3,  3
4,  1
1,  212
2,  40
3,  7
4,  7
1,  212
2,  16
3,  5
4,  1
1,  196
2,  14
3,  2
4,  1
1,  215
2,  25
3,  3
4,  1
1,  217
2,  34
3,  6
4,  1
1,  44
2,  8
3,  1
1,  44
2,  7
3,  2
1,  44
2,  10
3,  1
1,  44
2,  6
3,  1
1,  44
2,  8
3,  8
1,  44
2,  7
3,  7
1,  44
2,  44
1,  44
2,  10
1,  44
2,  10
3,  10
1,  44
2,  3
3,  2
4,  1
1,  207
2,  42
3,  6
4,  6
1,  219
2,  43
3,  43
4,  43
1,  219
2,  32
3,  3
4,  1
1,  217
2,  36
3,  6
4,  6
1,  213
2,  17
1,  220
2,  41
3,  2
1,  210
2,  20
3,  20
1,  216
2,  17
3,  1
1,  208
2,  36
3,  4
4,  1
1,  216
2,  40
3,  6
4,  6
1,  213
2,  41
3,  9
4,  1
1,  215
2,  36
3,  3
4,  1
1,  215
2,  38
3,  3
1,  215
2,  14
3,  1
1,  217
2,  36
3,  3
4,  3
1,  216
2,  30
3,  4
4,  1
1,  219
2,  36
3,  36
1,  210
2,  41
3,  2
1,  214
2,  38
3,  2
4,  1
1,  216
2,  39
3,  7
4,  1
1,  214
2,  41
3,  3
1,  211
2,  31
3,  7
4,  1
1,  209
2,  40
3,  5
4,  1
1,  213
2,  17
3,  1
1,  213
2,  42
3,  9
4,  9
1,  210
2,  38
3,  9
4,  1
1,  205
2,  41
3,  7
4,  1
1,  211
2,  39
3,  4
1,  218
2,  40
3,  7
4,  2
5,  1
1,  214
2,  34
3,  3
1,  76
2,  10
3,  1
1,  78
2,  12
3,  2
1,  78
2,  12
3,  3
1,  82
2,  17
3,  2
4,  1
1,  79
2,  79
3,  79
1,  82
2,  10
3,  1
1,  83
2,  14
1,  82
2,  14
3,  3
4,  2
5,  1
1,  78
2,  7
3,  1
1,  78
2,  13
3,  3
4,  1
1,  215
2,  43
3,  2
1,  216
2,  30
3,  4
1,  212
2,  21
3,  2
1,  220
2,  41
3,  6
4,  2
5,  1
1,  216
2,  30
3,  5
4,  5
1,  213
2,  12
3,  1
1,  216
2,  41
3,  7
4,  1
1,  217
2,  36
3,  3
4,  1
1,  212
2,  14
3,  2
1,  213
2,  43
3,  5
1,  43
2,  43
3,  43
1,  44
2,  8
3,  1
1,  44
2,  5
3,  1
1,  43
2,  7
3,  7
1,  44
2,  7
1,  44
2,  5
1,  44
2,  7
3,  1
1,  44
2,  5
3,  5
1,  44
2,  7
1,  44
2,  7
3,  7
1,  220
2,  36
3,  3
1,  219
2,  29
3,  8
4,  8
1,  219
2,  30
3,  4
4,  4
1,  215
2,  27
3,  4
4,  1
1,  215
2,  41
3,  2
4,  1
1,  209
2,  21
3,  2
1,  220
2,  17
3,  1
1,  210
2,  30
3,  4
4,  1
1,  214
2,  17
3,  1
1,  211
2,  16
1,  214
2,  36
3,  2
4,  2
1,  219
2,  34
3,  3
4,  3
1,  212
2,  43
3,  5
4,  2
1,  218
2,  34
3,  2
1,  216
2,  36
3,  2
1,  215
2,  14
3,  2
1,  214
2,  8
3,  3
4,  1
1,  214
2,  37
3,  3
4,  1
1,  216
2,  30
3,  3
1,  214
2,  28
3,  4
4,  4
1,  216
2,  37
3,  5
4,  1
1,  219
2,  40
3,  7
1,  211
2,  20
3,  1
1,  215
2,  16
3,  1
1,  219
2,  36
3,  3
1,  209
2,  10
3,  1
1,  201
2,  39
3,  2
4,  1
1,  219
2,  30
3,  3
1,  218
2,  36
3,  36
4,  36
1,  213
2,  16
3,  5
4,  1
1,  40
2,  4
3,  2
1,  40
2,  4
3,  1
1,  40
2,  4
1,  40
2,  3
3,  2
4,  1
1,  38
2,  4
3,  2
1,  39
2,  11
3,  2
4,  1
1,  40
2,  3
3,  2
1,  40
2,  3
3,  2
4,  1
1,  39
2,  4
3,  2
4,  1
1,  38
2,  4
3,  1
1,  223
2,  28
3,  1
1,  219
2,  19
3,  2
4,  1
1,  218
2,  21
3,  2
4,  1
1,  222
2,  17
3,  1
1,  224
2,  16
3,  1
1,  204
2,  26
3,  4
4,  1
1,  225
2,  16
3,  1
1,  221
2,  30
3,  2
4,  1
1,  218
2,  26
3,  4
4,  2
1,  221
2,  37
3,  4
4,  1
1,  83
2,  83
1,  83
2,  22
3,  7
4,  2
1,  75
2,  17
3,  4
1,  76
2,  10
3,  3
1,  76
2,  10
3,  2
4,  1
1,  76
2,  23
3,  6
4,  1
1,  79
2,  23
3,  6
4,  6
1,  76
2,  22
3,  2
1,  82
2,  13
3,  2
4,  1
1,  81
2,  22
3,  6
4,  2
1,  223
2,  38
3,  10
4,  2
1,  222
2,  37
3,  2
4,  1
1,  227
2,  33
3,  3
4,  3
1,  218
2,  38
3,  3
4,  1
1,  215
2,  33
3,  5
4,  1
1,  206
2,  34
1,  221
2,  45
3,  9
4,  1
1,  215
2,  51
3,  6
4,  1
1,  220
2,  37
3,  10
4,  10
1,  223
2,  45
3,  3
4,  1
1,  218
2,  26
3,  7
4,  1
1,  219
2,  28
3,  4
4,  4
1,  223
2,  39
3,  10
4,  1
1,  224
2,  31
3,  4
4,  1
1,  214
2,  23
3,  1
1,  222
2,  31
1,  220
2,  37
3,  2
4,  1
1,  218
2,  47
3,  2
1,  211
2,  38
3,  3
4,  1
1,  224
2,  34
3,  10
4,  10
1,  216
2,  33
3,  2
4,  1
1,  223
2,  29
3,  29
1,  217
2,  43
3,  1
1,  219
2,  52
3,  3
1,  220
2,  39
3,  9
4,  1
1,  217
2,  35
3,  2
4,  1
1,  219
2,  37
3,  5
4,  3
1,  225
2,  19
3,  1
1,  220
2,  16
3,  2
1,  224
2,  43
3,  6
1,  103
2,  17
3,  1
1,  100
2,  17
3,  1
1,  98
2,  14
3,  1
1,  102
2,  28
3,  4
4,  1
1,  103
2,  26
3,  2
4,  1
1,  101
2,  28
3,  4
4,  1
1,  97
2,  28
3,  2
4,  1
1,  102
2,  13
3,  1
1,  99
2,  17
3,  1
1,  98
2,  17
3,  1
1,  155
2,  16
3,  16
1,  163
2,  16
3,  1
1,  157
2,  2
1,  170
2,  2
3,  2
1,  161
2,  16
3,  16
1,  142
2,  16
3,  1
1,  157
2,  16
3,  1
1,  173
2,  16
3,  16
1,  144
2,  2
1,  168
2,  16
3,  1
1,  224
2,  32
3,  2
4,  1
1,  220
2,  33
3,  2
4,  1
1,  222
2,  14
3,  1
1,  220
2,  50
3,  3
4,  1
1,  224
2,  36
3,  4
1,  222
2,  20
3,  2
4,  1
1,  226
2,  37
3,  4
4,  2
1,  223
2,  13
3,  1
1,  217
2,  36
3,  2
1,  217
2,  38
3,  2
1,  173
2,  41
3,  2
4,  2
1,  167
2,  22
3,  1
1,  159
2,  16
3,  3
1,  170
2,  16
3,  3
4,  3
1,  160
2,  16
3,  1
1,  163
2,  42
3,  4
4,  1
1,  169
2,  16
3,  1
1,  167
2,  42
3,  2
1,  157
2,  42
3,  4
4,  1
1,  171
2,  22
3,  3
4,  1
1,  146
2,  16
3,  1
1,  159
2,  21
3,  1
1,  162
2,  42
3,  5
4,  1
1,  164
2,  22
3,  1
1,  159
2,  16
3,  1
1,  159
2,  26
3,  3
4,  1
1,  160
2,  26
3,  3
4,  1
1,  168
2,  41
3,  5
4,  2
5,  1
1,  167
2,  26
3,  2
4,  1
1,  173
2,  26
3,  2
1,  165
2,  16
3,  2
4,  2
1,  149
2,  16
3,  3
1,  167
2,  16
3,  1
1,  152
2,  16
3,  2
1,  151
2,  42
3,  4
4,  1
1,  159
2,  26
1,  158
2,  16
3,  3
1,  157
2,  16
3,  1
1,  166
2,  26
3,  3
4,  1
1,  159
2,  41
3,  6
1,  20
2,  20
1,  20
2,  6
1,  20
2,  4
3,  3
4,  2
1,  20
2,  4
3,  3
4,  2
1,  20
1,  20
2,  5
3,  3
4,  2
1,  19
2,  4
1,  20
1,  20
2,  4
3,  3
4,  2
5,  1
1,  20
2,  4
3,  3
4,  2
1,  104
2,  17
3,  4
4,  1
1,  100
2,  14
3,  4
1,  102
2,  17
3,  1
1,  105
2,  17
3,  4
4,  1
1,  102
2,  16
3,  4
4,  1
1,  103
2,  17
3,  2
4,  1
1,  97
2,  17
3,  4
4,  1
1,  104
2,  17
3,  4
1,  101
2,  17
3,  4
4,  1
1,  105
2,  17
3,  1
1,  102
2,  17
3,  4
4,  2
5,  2
1,  101
2,  17
3,  4
4,  2
5,  2
1,  102
2,  17
3,  5
4,  2
5,  2
1,  99
2,  17
3,  3
4,  1
1,  100
2,  17
3,  5
4,  2
5,  2
1,  102
2,  17
3,  4
4,  4
1,  103
2,  15
3,  4
4,  4
1,  104
2,  17
3,  3
4,  1
1,  95
2,  17
3,  4
1,  101
2,  17
3,  5
1,  99
2,  28
3,  6
4,  1
1,  98
2,  28
3,  6
4,  1
1,  105
2,  28
3,  5
4,  5
1,  98
2,  17
3,  4
4,  4
1,  103
2,  28
3,  5
4,  1
1,  99
2,  27
3,  3
4,  1
1,  97
2,  26
3,  4
1,  101
2,  14
3,  3
1,  103
2,  17
3,  4
1,  101
2,  27
3,  3
4,  1
1,  100
2,  27
3,  4
4,  1
1,  100
2,  27
3,  3
1,  101
2,  17
1,  100
2,  14
3,  3
4,  2
1,  102
2,  17
3,  4
4,  1
1,  101
2,  28
3,  5
4,  1
1,  103
2,  28
3,  3
4,  2
5,  1
1,  97
2,  13
3,  1
1,  104
2,  17
3,  4
4,  1
1,  98
2,  26
3,  5
4,  2
1,  104
2,  28
3,  5
4,  1
1,  99
2,  13
3,  3
4,  2
1,  99
2,  14
3,  3
4,  2
5,  1
1,  98
2,  27
3,  5
4,  5
1,  96
2,  25
3,  3
1,  101
2,  15
1,  103
2,  17
3,  4
4,  1
1,  103
2,  17
1,  104
2,  27
3,  5
4,  2
1,  105
2,  27
3,  3
4,  1
1,  105
2,  10
3,  2
4,  1
1,  101
2,  10
1,  103
2,  14
3,  3
1,  99
2,  28
3,  2
4,  1
1,  104
2,  10
3,  1
1,  102
2,  4
1,  101
2,  10
3,  1
1,  100
2,  26
3,  2
4,  1
1,  97
2,  27
3,  6
4,  6
1,  103
2,  10
3,  2
1,  152
2,  26
3,  10
1,  167
2,  26
3,  10
4,  10
1,  152
2,  39
3,  6
4,  1
1,  164
2,  16
3,  3
4,  3
1,  165
2,  16
3,  4
1,  159
2,  26
3,  26
1,  167
2,  16
3,  4
4,  1
1,  152
2,  16
3,  2
1,  170
2,  21
3,  4
4,  2
5,  1
1,  162
2,  21
3,  4
4,  1
1,  226
2,  22
3,  4
1,  221
2,  32
3,  2
4,  1
1,  222
2,  20
3,  1
1,  217
2,  7
3,  3
4,  2
5,  1
1,  220
2,  20
3,  1
1,  223
2,  14
3,  1
1,  220
2,  41
3,  4
4,  1
1,  221
2,  50
3,  9
4,  1
1,  224
2,  36
3,  4
4,  1
1,  224
2,  11
3,  2
4,  1
1,  140
2,  26
3,  10
4,  2
1,  159
2,  26
3,  10
4,  1
1,  162
2,  42
3,  6
4,  1
1,  167
2,  16
3,  1
1,  166
2,  42
3,  5
4,  2
1,  154
2,  17
3,  2
4,  1
1,  166
2,  42
3,  4
1,  161
2,  21
3,  4
4,  4
1,  148
2,  16
3,  16
4,  16
1,  155
2,  22
3,  4
1,  156
2,  42
1,  164
2,  12
3,  2
1,  166
2,  22
3,  3
4,  2
1,  160
2,  30
3,  5
4,  5
1,  160
2,  40
3,  5
1,  155
2,  21
3,  4
4,  1
1,  169
2,  42
3,  5
1,  161
2,  30
3,  5
4,  1
1,  159
2,  19
3,  2
1,  160
2,  32
3,  9
4,  1
1,  147
2,  12
3,  1
1,  147
2,  38
3,  5
1,  163
2,  42
3,  4
4,  1
1,  155
2,  12
3,  2
1,  170
2,  40
3,  3
1,  167
2,  9
3,  3
4,  1
1,  162
2,  38
3,  5
4,  5
1,  168
2,  38
3,  5
4,  1
1,  144
2,  22
3,  2
1,  167
2,  22
3,  2
4,  2
1,  102
2,  17
3,  1
1,  100
2,  10
3,  2
1,  103
2,  28
3,  5
4,  1
1,  104
2,  6
3,  2
4,  1
1,  103
2,  28
3,  2
4,  1
1,  98
2,  10
3,  3
4,  1
1,  104
2,  4
3,  2
4,  2
1,  104
2,  10
1,  101
2,  10
3,  2
1,  103
2,  14
3,  3
4,  3
1,  168
2,  25
3,  10
4,  2
5,  1
1,  157
2,  26
3,  10
4,  10
1,  166
2,  16
3,  2
1,  161
2,  40
3,  6
1,  165
2,  26
3,  3
4,  1
1,  156
2,  16
3,  3
4,  3
1,  151
2,  42
3,  5
4,  1
1,  166
2,  22
3,  2
4,  1
1,  167
2,  26
3,  10
1,  168
2,  16
3,  2
4,  2
1,  216
2,  37
3,  2
4,  1
1,  225
2,  14
3,  3
4,  1
1,  219
2,  39
3,  3
1,  215
2,  35
3,  6
4,  1
1,  225
2,  10
3,  10
1,  217
2,  37
3,  8
1,  214
2,  39
3,  39
1,  214
2,  13
3,  13
1,  212
2,  17
3,  6
4,  1
1,  221
2,  9
3,  1
1,  162
2,  30
3,  4
1,  156
2,  42
3,  4
4,  1
1,  161
2,  21
3,  4
4,  1
1,  165
2,  22
3,  22
4,  22
1,  169
2,  30
3,  2
4,  1
1,  164
2,  22
3,  22
1,  162
2,  18
3,  4
4,  4
1,  167
2,  42
3,  5
1,  164
2,  19
3,  3
4,  1
1,  152
2,  40
3,  3
4,  1
1,  169
2,  26
3,  10
4,  2
5,  2
1,  168
2,  16
1,  165
2,  22
3,  4
4,  4
1,  174
2,  22
3,  4
4,  4
1,  160
2,  16
3,  2
4,  1
1,  166
2,  41
3,  7
4,  2
1,  164
2,  21
3,  4
4,  4
1,  161
2,  33
3,  5
4,  1
1,  164
2,  16
1,  140
2,  42
3,  7
4,  2
1,  169
2,  19
3,  5
4,  5
1,  162
2,  39
3,  10
4,  10
1,  167
2,  29
3,  4
4,  4
1,  160
2,  22
3,  2
1,  169
2,  39
3,  6
4,  6
1,  143
2,  19
3,  5
4,  5
1,  163
2,  36
3,  36
1,  174
2,  32
3,  9
4,  9
5,  9
1,  162
2,  40
3,  7
1,  176
2,  42
3,  8
4,  8
1,  99
2,  4
3,  2
1,  100
2,  4
3,  4
1,  101
2,  28
3,  6
4,  6
1,  96
2,  16
3,  2
4,  1
1,  102
2,  28
3,  4
4,  4
1,  104
2,  9
3,  2
4,  1
1,  101
2,  10
1,  101
2,  27
3,  5
4,  1
1,  98
2,  4
3,  2
1,  100
2,  10
3,  3
4,  1
1,  157
2,  21
3,  4
4,  2
1,  166
2,  22
3,  2
1,  162
2,  26
3,  10
4,  2
1,  169
2,  16
1,  165
2,  16
3,  2
4,  2
1,  166
2,  26
3,  26
4,  26
1,  163
2,  22
3,  4
1,  164
2,  22
3,  2
1,  164
2,  16
3,  2
1,  158
2,  22
3,  4
1,  223
2,  36
3,  10
4,  2
1,  221
2,  34
3,  1
4,  1
1,  210
2,  26
3,  10
4,  2
1,  220
2,  41
3,  6
4,  1
1,  212
2,  26
3,  4
4,  1
1,  219
2,  7
3,  3
4,  2
1,  218
2,  36
3,  4
4,  4
1,  222
2,  7
3,  3
4,  2
5,  1
1,  221
2,  19
3,  3
4,  3
1,  220
2,  23
3,  6
4,  1
1,  165
2,  21
3,  2
1,  160
2,  40
3,  40
1,  166
2,  38
3,  4
4,  4
1,  169
2,  22
1,  159
2,  22
3,  3
1,  154
2,  41
1,  132
2,  42
3,  4
4,  4
1,  171
2,  22
3,  22
1,  171
2,  42
3,  4
1,  176
2,  41
3,  41
1,  148
2,  22
3,  22
1,  164
2,  22
3,  4
1,  163
2,  19
3,  2
1,  156
2,  32
3,  9
4,  9
5,  9
1,  152
2,  30
3,  7
4,  7
1,  172
2,  41
3,  6
1,  165
2,  42
3,  6
4,  6
1,  158
2,  39
3,  3
1,  165
2,  40
1,  152
2,  22
3,  1
1,  171
2,  16
1,  156
2,  22
3,  4
4,  2
5,  2
1,  176
2,  16
1,  171
2,  16
3,  3
4,  3
1,  141
2,  18
3,  3
4,  1
1,  161
2,  16
3,  16
1,  157
2,  16
3,  1
1,  160
2,  16
1,  164
2,  33
3,  5
4,  1
1,  162
2,  41
3,  7
4,  2
1,  0
2,  0
1,  0
2,  0
1,  0
2,  0
1,  0
2,  0
1,  0
1,  0
2,  0
1,  0
2,  0
1,  0
2,  0
1,  0
1,  0
2,  0
1,  44
2,  8
1,  44
2,  10
3,  2
4,  1
1,  44
2,  8
3,  2
1,  44
2,  5
3,  3
4,  2
5,  1
1,  44
2,  5
3,  3
4,  2
5,  1
1,  44
2,  8
3,  2
4,  1
1,  44
2,  5
1,  41
2,  8
3,  2
4,  1
1,  44
2,  8
3,  2
1,  44
2,  8
3,  2
4,  1
1,  44
2,  8
3,  2
4,  1
1,  42
2,  8
3,  2
1,  44
2,  8
3,  2
4,  1
1,  44
2,  8
3,  2
1,  43
2,  8
3,  2
4,  1
1,  44
2,  8
3,  2
4,  1
1,  44
2,  5
3,  2
1,  44
2,  6
3,  2
1,  44
2,  7
3,  2
4,  1
1,  44
2,  3
3,  2
1,  43
2,  43
3,  43
1,  44
2,  6
3,  6
1,  44
2,  10
3,  1
1,  44
2,  8
3,  2
4,  1
1,  44
2,  44
3,  44
1,  44
2,  9
3,  9
1,  44
2,  44
1,  44
2,  8
3,  2
4,  1
1,  44
2,  44
1,  44
2,  6
1,  43
2,  43
3,  43
1,  44
2,  8
1,  44
2,  8
3,  2
4,  1
1,  44
2,  10
3,  2
4,  1
1,  43
2,  6
1,  44
1,  44
2,  44
1,  44
2,  44
3,  44
1,  44
2,  6
3,  2
4,  1
1,  44
2,  10
3,  1
1,  44
2,  8
3,  8
1,  44
2,  5
3,  3
4,  2
1,  44
2,  8
1,  44
2,  8
3,  2
4,  1
1,  44
2,  5
1,  44
2,  8
1,  44
2,  44
1,  44
2,  8
3,  2
1,  44
2,  44
3,  44
1,  44
2,  5
3,  3
1,  78
2,  10
3,  2
4,  1
1,  78
2,  23
3,  6
4,  1
1,  84
2,  9
3,  3
1,  83
2,  19
3,  2
1,  83
2,  10
3,  2
1,  79
2,  4
3,  2
4,  1
1,  81
2,  17
3,  3
4,  2
1,  81
2,  21
3,  6
4,  2
5,  1
1,  80
2,  22
3,  6
4,  1
1,  80
2,  10
3,  2
1,  215
2,  17
3,  2
1,  214
2,  35
3,  6
4,  1
1,  213
2,  38
3,  2
1,  217
2,  23
3,  6
4,  3
1,  215
2,  22
3,  6
4,  3
5,  1
1,  209
2,  17
3,  2
4,  1
1,  212
2,  34
3,  4
4,  2
1,  202
2,  35
3,  2
4,  1
1,  215
2,  17
3,  2
4,  1
1,  212
2,  32
3,  6
4,  1
1,  219
2,  17
3,  2
1,  216
2,  23
3,  6
4,  3
5,  1
1,  216
2,  16
3,  2
4,  1
1,  220
2,  44
3,  6
4,  2
5,  1
1,  221
2,  21
3,  4
4,  2
1,  217
2,  21
3,  4
4,  1
1,  206
2,  23
3,  6
4,  3
5,  1
1,  214
2,  43
3,  4
4,  1
1,  217
2,  23
3,  6
1,  220
2,  40
3,  2
1,  211
2,  8
3,  2
1,  217
2,  23
3,  3
4,  2
5,  1
1,  201
2,  8
3,  3
4,  1
1,  210
2,  10
3,  5
1,  213
2,  31
3,  3
4,  1
1,  215
2,  31
3,  3
4,  1
1,  219
2,  41
3,  2
4,  1
1,  212
2,  30
3,  5
1,  219
2,  22
3,  4
1,  218
2,  14
3,  4
4,  1
1,  215
2,  16
3,  2
4,  1
1,  214
2,  30
3,  2
4,  1
1,  216
2,  8
3,  2
1,  218
2,  30
3,  1
1,  217
2,  36
3,  6
4,  1
1,  202
2,  43
3,  6
1,  220
2,  8
3,  2
1,  214
2,  8
1,  214
2,  23
3,  6
4,  6
1,  218
2,  39
3,  6
4,  6
1,  217
2,  32
3,  7
4,  1
1,  215
2,  43
3,  5
1,  214
2,  37
3,  6
1,  202
2,  8
3,  3
4,  1
1,  216
2,  25
3,  4
4,  1
1,  216
2,  14
3,  4
1,  211
2,  17
3,  3
4,  2
5,  1
1,  213
2,  38
3,  6
1,  216
2,  30
3,  4
4,  1
1,  220
2,  31
3,  5
4,  1
1,  40
2,  4
3,  2
1,  40
2,  8
3,  2
1,  40
2,  4
1,  39
2,  3
3,  2
4,  1
1,  40
2,  9
3,  2
4,  1
1,  40
2,  3
3,  2
1,  40
2,  4
1,  40
2,  9
3,  2
4,  1
1,  40
2,  4
3,  2
1,  40
2,  4
3,  2
4,  1
1,  220
2,  20
3,  2
1,  220
2,  12
3,  2
1,  216
2,  20
3,  2
4,  1
1,  219
2,  14
3,  1
1,  207
2,  13
3,  1
1,  218
2,  20
3,  5
4,  2
1,  226
2,  20
3,  2
1,  222
2,  20
3,  2
4,  1
1,  212
2,  20
3,  2
4,  1
1,  219
2,  20
3,  2
4,  1
1,  217
2,  35
3,  1
4,  1
1,  219
2,  36
3,  2
4,  1
1,  227
2,  32
3,  2
4,  1
1,  221
2,  37
3,  1
1,  223
2,  14
3,  3
4,  1
1,  211
2,  44
3,  3
4,  1
1,  216
2,  14
3,  3
1,  224
2,  30
3,  4
4,  1
1,  215
2,  20
3,  2
1,  220
2,  7
3,  3
4,  2
5,  1
1,  220
2,  11
1,  226
2,  19
3,  9
4,  1
1,  218
2,  9
3,  2
4,  1
1,  220
2,  26
3,  10
4,  1
1,  220
2,  23
3,  6
4,  2
5,  1
1,  217
2,  15
3,  5
1,  212
2,  7
3,  3
1,  208
2,  36
3,  9
4,  3
5,  1
1,  213
2,  20
3,  3
4,  3
1,  214
2,  11
1,  223
2,  16
3,  9
4,  1
1,  220
2,  7
3,  2
1,  219
2,  18
3,  9
4,  1
1,  218
2,  20
3,  9
4,  3
1,  215
2,  38
3,  4
4,  2
1,  222
2,  7
3,  3
1,  222
2,  9
3,  5
4,  1
1,  217
2,  19
3,  9
4,  1
1,  225
2,  40
3,  9
1,  214
2,  11
3,  1
1,  218
2,  7
3,  3
4,  2
1,  218
2,  50
3,  9
4,  1
1,  220
2,  10
3,  2
4,  1
1,  220
2,  26
3,  10
4,  2
1,  215
2,  20
3,  3
4,  1
1,  221
2,  20
3,  8
4,  1
1,  212
2,  35
3,  7
4,  7
1,  230
2,  7
3,  7
1,  218
2,  26
3,  10
4,  2
1,  215
2,  18
3,  3
1,  80
2,  6
3,  6
1,  83
2,  11
3,  11
1,  76
2,  76
3,  76
1,  83
2,  83
1,  78
2,  11
3,  2
4,  2
1,  82
2,  19
3,  4
1,  83
2,  23
3,  23
4,  23
1,  82
2,  22
3,  22
4,  22
1,  82
2,  14
3,  1
1,  80
2,  11
3,  1
1,  219
2,  27
3,  3
4,  1
1,  214
2,  27
3,  1
1,  219
2,  26
3,  3
4,  1
1,  211
2,  23
3,  3
1,  200
2,  14
3,  3
4,  1
1,  216
2,  27
3,  3
4,  1
1,  213
2,  38
3,  9
4,  2
1,  217
2,  36
3,  1
1,  201
2,  31
3,  8
4,  1
1,  212
2,  34
3,  6
4,  1
1,  218
2,  8
3,  4
4,  2
1,  215
2,  44
3,  5
4,  1
1,  219
2,  31
3,  2
4,  1
1,  214
2,  37
3,  5
1,  219
2,  29
3,  3
4,  1
1,  213
2,  17
3,  6
4,  1
1,  209
2,  26
3,  3
4,  1
1,  219
2,  29
3,  4
4,  1
1,  218
2,  31
3,  2
4,  1
1,  216
2,  11
3,  2
4,  1
1,  208
2,  34
3,  7
4,  7
1,  215
2,  43
3,  12
1,  220
2,  23
3,  3
4,  2
5,  1
1,  217
2,  32
3,  2
1,  214
2,  41
3,  6
4,  1
1,  208
2,  43
3,  4
4,  2
5,  1
1,  201
2,  23
3,  3
4,  2
1,  212
2,  212
1,  219
1,  214
2,  16
3,  4
4,  1
1,  219
2,  26
3,  3
4,  3
1,  216
2,  16
3,  3
4,  1
1,  217
2,  217
1,  215
2,  32
3,  32
1,  213
2,  213
3,  213
1,  208
2,  16
3,  1
1,  216
2,  36
3,  8
4,  1
1,  217
2,  217
1,  217
2,  11
3,  11
1,  218
2,  37
1,  218
2,  8
3,  4
4,  2
5,  1
1,  216
2,  216
3,  216
1,  208
2,  30
1,  216
2,  8
3,  3
1,  217
2,  34
3,  6
1,  216
2,  34
3,  7
4,  7
1,  211
2,  211
3,  211
1,  216
2,  216
3,  216
1,  219
2,  27
3,  2
4,  1
1,  221
2,  20
3,  20
4,  20
1,  79
2,  11
3,  11
4,  11
1,  82
2,  13
3,  1
1,  84
2,  10
3,  3
4,  1
1,  76
2,  23
1,  84
2,  10
3,  3
4,  2
1,  79
2,  9
3,  2
1,  78
2,  17
3,  3
4,  1
1,  77
2,  17
3,  17
4,  17
1,  83
2,  23
3,  3
1,  83
2,  83
3,  83
1,  216
2,  40
3,  5
4,  1
1,  221
2,  29
3,  8
4,  2
1,  215
2,  16
3,  3
1,  218
2,  17
3,  6
4,  6
1,  212
2,  23
3,  6
4,  6
1,  219
2,  31
3,  8
4,  2
1,  220
2,  36
3,  4
4,  4
1,  208
2,  34
3,  3
4,  1
1,  215
2,  23
3,  3
1,  217
2,  16
3,  3
1,  219
2,  30
3,  3
4,  1
1,  213
2,  21
3,  5
4,  2
5,  1
1,  217
2,  39
3,  8
4,  2
5,  1
1,  211
2,  6
3,  2
1,  216
2,  37
3,  5
1,  217
2,  8
3,  4
1,  220
2,  43
3,  11
4,  1
1,  216
2,  6
3,  2
4,  1
1,  217
2,  27
3,  2
1,  218
2,  34
3,  4
4,  1
1,  203
2,  16
3,  3
4,  1
1,  211
2,  16
3,  3
4,  1
1,  219
2,  219
3,  219
4,  219
1,  206
2,  30
3,  3
4,  3
1,  209
2,  12
3,  1
1,  218
2,  12
3,  2
1,  217
2,  27
3,  27
1,  211
2,  30
3,  2
4,  2
1,  204
2,  43
3,  4
1,  208
2,  29
3,  5
4,  5
1,  211
2,  31
3,  5
4,  1
1,  209
2,  34
3,  34
1,  213
2,  17
3,  6
4,  1
1,  211
2,  31
3,  3
4,  1
1,  215
2,  26
3,  3
4,  1
1,  213
1,  205
2,  12
3,  3
4,  1
1,  212
2,  14
3,  4
4,  1
1,  207
2,  30
3,  5
4,  1
1,  215
2,  34
3,  34
1,  219
2,  29
1,  216
2,  8
3,  2
1,  214
2,  27
1,  215
2,  30
3,  30
1,  217
2,  16
3,  3
4,  1
1,  218
2,  12
3,  2
4,  1
1,  215
2,  215
3,  215
4,  215
1,  219
2,  219
1,  219
2,  30
3,  3
4,  3
1,  207
2,  30
3,  3
4,  1
1,  83
2,  8
3,  8
1,  80
2,  80
3,  80
1,  80
2,  17
3,  3
4,  1
1,  84
2,  10
3,  2
1,  76
2,  19
1,  83
2,  9
3,  2
4,  1
1,  83
2,  14
3,  14
1,  76
2,  4
3,  2
1,  82
2,  12
3,  12
4,  12
1,  83
2,  10
3,  3
4,  2
5,  1
1,  216
2,  36
3,  8
4,  1
1,  213
2,  41
3,  7
1,  211
2,  34
3,  6
4,  1
1,  211
2,  8
3,  8
1,  215
2,  38
3,  3
1,  214
2,  27
3,  4
1,  213
2,  39
3,  6
4,  6
1,  217
2,  30
3,  4
1,  215
2,  12
3,  2
1,  213
2,  31
3,  4
4,  1
1,  218
2,  16
3,  5
1,  217
2,  34
3,  7
4,  1
1,  210
2,  30
3,  4
4,  1
1,  214
2,  43
3,  4
4,  1
1,  212
2,  32
3,  5
4,  1
1,  220
2,  35
3,  8
1,  215
2,  34
3,  4
4,  1
1,  201
2,  21
3,  5
4,  1
1,  221
2,  44
3,  4
4,  2
1,  216
2,  17
3,  3
4,  1
1,  219
2,  27
3,  27
4,  27
1,  220
2,  220
1,  206
2,  206
3,  206
1,  216
2,  14
1,  206
2,  30
3,  30
1,  218
2,  218
1,  221
2,  12
3,  2
1,  216
2,  31
3,  3
4,  2
1,  205
2,  38
3,  38
4,  38
1,  217
2,  30
3,  5
4,  5
1,  222
2,  38
3,  3
4,  1
1,  218
2,  44
3,  44
4,  44
1,  219
2,  34
3,  8
4,  8
1,  221
2,  31
1,  213
2,  27
3,  2
1,  217
2,  17
3,  17
1,  216
2,  29
3,  29
1,  219
2,  11
3,  2
4,  1
1,  219
2,  23
3,  3
4,  2
1,  218
2,  20
3,  20
4,  20
1,  217
2,  34
3,  6
4,  1
1,  204
2,  23
3,  3
1,  220
2,  27
3,  4
4,  1
1,  211
2,  37
3,  1
1,  211
2,  211
3,  211
1,  207
2,  41
1,  214
2,  14
3,  2
4,  1
1,  220
2,  44
3,  4
4,  1
1,  207
2,  31
3,  5
4,  1
1,  213
2,  31
3,  31
1,  83
2,  16
3,  4
4,  1
1,  84
2,  10
3,  1
1,  82
2,  12
3,  2
1,  80
2,  14
3,  1
1,  80
2,  9
3,  2
4,  1
1,  75
2,  12
3,  3
4,  1
1,  83
2,  10
3,  1
1,  76
2,  18
3,  2
1,  84
2,  84
1,  79
2,  79
1,  218
2,  12
1,  205
2,  14
3,  2
1,  214
2,  40
3,  6
4,  2
5,  1
1,  216
2,  14
3,  1
1,  211
2,  36
3,  7
4,  1
1,  217
2,  44
3,  1
4,  1
1,  220
2,  30
3,  2
1,  220
2,  39
3,  3
4,  1
1,  217
2,  39
3,  3
1,  216
2,  30
3,  4
4,  1
1,  44
2,  6
1,  44
2,  10
3,  2
1,  44
2,  44
3,  44
1,  44
2,  8
1,  44
2,  8
3,  8
1,  43
2,  3
3,  2
4,  1
1,  44
2,  6
3,  1
1,  44
2,  6
3,  1
1,  44
2,  44
3,  44
1,  44
2,  44
1,  214
2,  41
3,  6
4,  1
1,  215
2,  41
3,  2
1,  219
2,  40
3,  8
4,  1
1,  218
2,  38
3,  9
4,  2
1,  211
2,  41
3,  3
4,  1
1,  220
2,  14
3,  1
1,  211
2,  36
3,  36
1,  218
2,  14
3,  1
1,  215
2,  41
3,  5
4,  1
1,  221
2,  10
3,  2
1,  213
2,  23
3,  1
1,  207
2,  36
3,  3
4,  1
1,  218
2,  44
3,  8
4,  2
5,  1
1,  216
2,  41
3,  9
4,  1
1,  216
2,  41
3,  9
4,  1
1,  213
2,  44
3,  7
4,  3
5,  1
1,  217
2,  40
3,  40
1,  221
2,  14
3,  2
4,  1
1,  218
2,  41
1,  216
2,  42
3,  9
4,  2
5,  1
1,  215
2,  38
3,  2
1,  211
2,  41
3,  6
4,  1
1,  201
2,  30
3,  4
4,  4
1,  217
2,  34
3,  2
4,  1
1,  220
2,  36
3,  5
4,  5
1,  217
2,  40
3,  3
1,  213
2,  30
3,  3
4,  1
1,  218
2,  43
3,  43
1,  219
2,  27
3,  6
1,  217
2,  29
3,  4
4,  1
1,  213
2,  31
3,  8
4,  1
1,  222
2,  34
3,  34
1,  222
2,  36
3,  3
1,  220
2,  31
3,  2
1,  224
2,  49
3,  2
1,  204
2,  31
3,  1
1,  221
2,  48
3,  4
1,  221
2,  16
3,  3
4,  1
1,  225
2,  31
3,  1
4,  1
1,  225
2,  17
3,  3
4,  1
1,  269
2,  28
3,  1
1,  271
2,  27
3,  2
1,  274
2,  46
3,  4
4,  1
1,  263
2,  53
3,  3
4,  1
1,  259
2,  27
3,  2
1,  270
2,  30
3,  4
4,  1
1,  274
2,  31
3,  3
4,  1
1,  271
2,  59
3,  1
1,  258
2,  53
3,  1
1,  267
2,  52
3,  3
4,  1
1,  219
2,  8
3,  3
4,  2
5,  1
1,  208
2,  14
3,  2
1,  213
2,  35
3,  5
4,  2
5,  1
1,  218
2,  34
3,  6
4,  1
1,  217
2,  26
3,  3
4,  1
1,  216
2,  38
3,  5
4,  2
5,  1
1,  219
2,  6
3,  2
4,  1
1,  219
2,  37
3,  5
4,  1
1,  212
2,  41
3,  5
1,  220
2,  21
3,  4
1,  272
2,  36
3,  5
1,  270
2,  14
3,  1
1,  267
2,  9
3,  2
4,  2
1,  271
2,  34
3,  5
4,  1
1,  273
2,  9
3,  2
4,  2
1,  274
2,  43
3,  5
4,  1
1,  273
2,  43
3,  4
1,  268
2,  54
3,  4
1,  274
2,  31
3,  3
1,  272
2,  25
3,  6
4,  1
1,  272
2,  43
3,  4
4,  1
1,  275
2,  52
3,  4
4,  1
1,  268
2,  43
3,  6
4,  1
1,  276
2,  52
3,  7
4,  5
5,  1
1,  274
2,  58
3,  12
4,  3
1,  274
2,  40
3,  5
4,  1
1,  255
2,  42
3,  4
1,  244
2,  58
3,  12
4,  3
1,  239
2,  29
3,  1
1,  271
2,  9
3,  2
4,  1
1,  275
2,  42
3,  7
4,  2
