Evaluations, Played
113040, 8
239040, 8
123750, 7
249000, 9
91500, 6
180544, 9
48310, 8
174000, 8
165750, 6
171840, 8
108000, 7
174270, 9
32106, 7
59796, 7
126270, 8
192000, 8
164250, 7
175770, 8
186750, 7
165000, 8
114540, 7
155604, 9
174930, 8
99540, 8
86619, 7
128250, 7
94500, 7
176040, 8
137580, 7
246000, 8
114750, 7
126840, 8
35446, 6
118500, 6
129510, 8
137250, 7
216544, 9
169590, 8
155040, 7
121500, 7
155790, 8
151290, 8
87000, 6
183000, 8
135840, 8
148500, 7
141750, 7
135750, 8
156270, 9
219000, 8
82500, 6
130500, 7
46050, 8
157500, 7
106590, 8
92250, 7
109294, 7
126000, 7
164250, 7
144000, 7
93180, 7
177750, 7
152790, 7
160260, 7
73390, 9
102750, 6
157500, 7
144270, 8
205020, 8
123540, 7
101250, 7
87930, 6
101044, 8
140250, 8
166500, 7
88500, 5
97500, 5
151020, 8
8997, 4
118500, 6
132750, 7
194520, 9
96000, 6
115020, 8
126936, 8
162000, 7
198540, 8
158040, 8
88260, 7
176040, 8
117000, 7
142500, 8
109770, 7
140250, 8
165000, 8
91500, 6
136500, 6
119614, 8
75750, 6
134250, 6
111750, 6
213584, 9
138090, 8
165000, 5
201000, 8
190080, 8
144750, 8
153750, 8
28916, 6
267330, 9
104247, 8
174000, 8
111540, 6
132750, 7
32161, 8
110250, 7
78934, 7
157290, 7
204750, 7
148830, 7
226020, 9
114000, 6
204180, 8
312090, 9
115590, 8
161250, 6
209250, 7
142020, 8
88020, 8
155794, 9
223500, 8
104434, 8
165000, 8
111540, 6
135000, 7
109500, 6
232500, 8
211778, 9
117840, 8
102000, 8
146250, 7
146520, 8
180000, 7
105270, 7
64020, 6
145290, 6
155790, 8
114750, 7
128040, 7
174000, 8
157084, 7
95014, 8
214500, 8
98430, 8
189540, 8
77434, 8
173250, 7
153750, 8
114750, 7
71250, 6
133500, 8
176340, 8
144000, 7
113438, 8
105750, 7
168750, 7
203250, 8
107436, 9
149250, 8
80524, 8
175500, 7
209592, 9
91500, 6
135750, 8
130500, 7
239250, 8
137040, 7
119250, 7
117000, 7
191250, 7
130500, 7
167040, 8
220500, 7
108000, 7
180000, 7
166500, 7
146250, 7
116790, 7
172290, 9
121500, 7
124020, 8
196500, 8
114750, 7
92760, 7
112084, 7
159750, 7
256774, 9
144270, 8
80520, 7
150750, 7
177000, 6
160500, 8
141750, 7
189540, 8
192000, 8
152520, 7
111750, 6
57750, 6
103296, 8
119340, 7
297750, 8
99000, 7
112770, 8
95520, 6
132000, 6
109500, 6
71794, 8
158250, 8
189750, 8
261540, 8
143050, 7
105540, 7
173674, 9
140430, 7
128520, 8
173250, 7
99000, 7
139026, 8
90090, 7
100770, 7
108000, 7
141750, 7
149250, 8
193290, 7
111750, 6
91770, 7
110250, 7
199290, 9
99000, 7
81000, 7
176250, 8
91500, 6
126750, 8
121770, 8
162270, 8
133500, 8
121770, 8
140344, 9
138000, 8
105750, 7
191588, 8
147000, 8
84750, 6
113250, 8
142830, 8
104434, 8
112020, 7
96282, 8
101040, 7
212250, 8
126000, 7
115020, 8
219000, 8
76596, 8
100020, 6
179040, 9
53048, 7
67088, 7
75750, 6
79776, 7
25128, 7
105750, 7
115290, 8
221250, 8
54750, 5
73026, 7
123750, 7
216000, 7
144540, 8
173670, 8
171540, 8
181500, 6
83098, 10
182790, 8
118020, 6
101520, 8
76296, 8
118770, 7
144270, 8
122430, 7
133020, 8
73500, 6
205500, 8
148296, 8
137790, 8
75180, 7
229834, 8
80250, 6
112500, 7
89520, 7
126000, 7
185520, 9
167250, 8
148500, 7
22816, 8
119250, 7
101250, 7
75750, 6
111750, 6
193032, 8
270270, 8
105278, 8
148500, 7
98520, 7
143250, 6
126840, 8
150750, 7
144000, 7
118770, 7
143790, 7
227250, 7
198000, 7
187290, 8
137250, 7
156000, 8
162270, 8
177000, 9
118500, 9
160020, 8
171000, 7
162750, 8
25476, 7
148500, 7
125250, 6
87000, 6
138330, 8
168750, 7
171000, 7
187500, 8
153540, 8
96000, 6
129180, 7
128612, 9
169500, 8
108340, 8
203250, 8
143520, 7
164250, 7
186000, 6
241020, 8
228000, 8
119250, 7
199080, 8
178290, 8
141000, 6
96000, 6
188430, 8
77532, 7
109020, 6
114270, 7
147000, 8
162750, 8
162270, 8
52770, 6
52500, 5
130290, 7
210000, 8
265500, 7
84540, 6
245790, 8
162540, 8
126000, 7
146250, 7
144000, 7
91020, 6
111750, 6
144000, 7
135000, 7
155520, 8
94290, 7
71790, 7
137250, 7
120750, 6
144270, 8
119250, 7
185044, 9
177750, 7
145500, 6
98250, 6
117090, 7
176764, 9
192000, 8
121500, 7
148770, 8
200250, 7
219000, 8
126000, 7
187500, 8
214304, 10
142500, 8
175020, 7
91500, 6
164250, 7
178680, 7
180540, 8
106500, 8
112020, 7
157500, 7
162000, 7
132750, 7
121294, 8
98040, 6
124020, 8
68520, 6
71250, 6
105750, 7
166500, 7
118290, 6
212250, 8
114548, 8
158760, 8
102090, 8
99000, 7
222330, 9
195750, 7
139310, 8
260434, 9
119250, 7
70710, 6
114540, 7
157500, 7
82500, 6
145680, 8
70500, 5
32738, 8
29756, 6
93750, 6
112500, 7
162750, 8
111750, 6
230790, 9
96540, 7
309330, 8
182598, 8
89250, 6
151500, 8
126000, 7
162000, 7
129750, 6
178290, 8
236790, 8
176250, 8
26818, 6
198750, 8
230250, 8
104340, 8
39624, 9
1005750, 7
137790, 8
148500, 7
89804, 8
132750, 7
163680, 8
104250, 8
113010, 7
156000, 8
191520, 8
149040, 8
187500, 8
123750, 7
50250, 5
100500, 6
179534, 8
145906, 9
48598, 8
152010, 8
159750, 7
133500, 8
189750, 8
115590, 8
139500, 7
135000, 7
144750, 8
84180, 7
151296, 9
75276, 7
84180, 7
166770, 8
204544, 8
159750, 7
151500, 8
210750, 9
291750, 9
84562, 7
126000, 7
94290, 7
279540, 8
54964, 7
85500, 7
132750, 7
90000, 7
81930, 7
173794, 9
55296, 7
133290, 8
205020, 8
118680, 8
192186, 8
105000, 6
177750, 7
131040, 8
137040, 7
76186, 9
151500, 8
113250, 8
93578, 8
216558, 9
83250, 7
119520, 8
218612, 8
93750, 6
28496, 5
171270, 8
73590, 6
118680, 8
115020, 8
110250, 7
117000, 7
180750, 8
176250, 8
29682, 6
142020, 8
114750, 7
153750, 8
125430, 8
93274, 7
89056, 7
158040, 8
248250, 8
114540, 7
286500, 8
28965, 8
72750, 5
96750, 7
128250, 7
123750, 7
113250, 8
146586, 8
108000, 7
107250, 6
46028, 7
143804, 8
128250, 7
223500, 8
167250, 8
137250, 7
124830, 8
100500, 6
171180, 9
164250, 7
253500, 6
123270, 7
159000, 6
123000, 6
117540, 8
135750, 8
135750, 8
107520, 7
173250, 7
57000, 5
121500, 7
202500, 7
223500, 8
250500, 8
201334, 9
112500, 7
51370, 6
128040, 7
89520, 7
68804, 7
392250, 8
98250, 6
137250, 7
167010, 7
210330, 8
225000, 7
135000, 7
119250, 7
130500, 7
173430, 9
144000, 7
155250, 7
119250, 7
130590, 7
209790, 8
153270, 8
210000, 8
162750, 8
159560, 8
286500, 8
85594, 8
132750, 7
183000, 8
105750, 7
130500, 7
90750, 5
135540, 8
28738, 6
198540, 8
197250, 6
200790, 8
128250, 7
117090, 7
105330, 6
214500, 8
187500, 8
82500, 6
102750, 6
71760, 6
167040, 8
108090, 7
118774, 8
169500, 8
150180, 8
120000, 8
161520, 7
119054, 8
135270, 8
184500, 7
239046, 9
100770, 7
27270, 5
28296, 7
127680, 8
181500, 9
150750, 7
119520, 8
84270, 6
134250, 6
196500, 8
80250, 6
139296, 8
136770, 7
200250, 7
69546, 8
168274, 8
150000, 6
119250, 7
175500, 7
157590, 7
169500, 8
232290, 8
144180, 9
152430, 8
152250, 9
153000, 7
92250, 7
136500, 6
87000, 6
190020, 9
577500, 8
189544, 9
84750, 6
101440, 7
152430, 8
52798, 8
130500, 7
160590, 8
124290, 8
223020, 8
140250, 8
110250, 7
116520, 7
240750, 7
103590, 7
153750, 8
119796, 9
80250, 6
246540, 9
189750, 8
176250, 8
122340, 8
168540, 7
166774, 9
186750, 7
156000, 8
144000, 7
89250, 6
128790, 8
119250, 7
150750, 7
212790, 9
114750, 7
128760, 7
131250, 8
142680, 7
127500, 6
228330, 8
155250, 7
97260, 7
121774, 9
81750, 5
134794, 8
80250, 6
78000, 6
95790, 6
157024, 8
201000, 8
139770, 8
170046, 7
138000, 8
76594, 8
171750, 8
112500, 7
225274, 9
71072, 8
141544, 8
167250, 8
119250, 7
129180, 7
180750, 8
118770, 7
205500, 8
220290, 7
100500, 6
74340, 7
160290, 8
94030, 8
130500, 7
168000, 6
94500, 7
203048, 9
173250, 7
128790, 8
98802, 9
132180, 8
140250, 8
212790, 9
67567, 8
68828, 7
218790, 8
93090, 8
205290, 8
107250, 6
145770, 7
46020, 6
158250, 8
124680, 7
55028, 7
67260, 6
190684, 9
185520, 9
150750, 7
174090, 8
187680, 7
120000, 8
117510, 7
121500, 7
329520, 9
121028, 8
327540, 9
55119, 7
145680, 8
189000, 7
195750, 7
117544, 9
194250, 8
252750, 8
111000, 8
318000, 8
228000, 8
91500, 6
108000, 7
117750, 5
113760, 8
93750, 6
130500, 7
65046, 8
235680, 8
189930, 7
96750, 7
126000, 7
128250, 7
132750, 7
191250, 7
174000, 8
112500, 7
99000, 7
132750, 7
142500, 8
94774, 9
173670, 8
126000, 7
189750, 8
114000, 6
147000, 8
127500, 6
121500, 7
138930, 8
195750, 7
169500, 8
153000, 7
132750, 7
152250, 6
107040, 6
175500, 7
177276, 8
105540, 7
174000, 8
237540, 9
173250, 7
175500, 7
206250, 9
119586, 8
182520, 8
81510, 7
146340, 7
208086, 9
180540, 8
75540, 6
163500, 9
126000, 7
55020, 6
126750, 8
175500, 7
144270, 8
68534, 7
119250, 7
92250, 7
166290, 7
135750, 8
182250, 7
147148, 7
163500, 6
255000, 8
196500, 8
149790, 9
196500, 8
124020, 8
148300, 8
234544, 9
143520, 7
202500, 7
68526, 7
147000, 8
132750, 7
103500, 7
186750, 7
147000, 8
146520, 8
232834, 9
178500, 8
133500, 8
123750, 7
124020, 8
52500, 5
105276, 8
141750, 7
141750, 7
110250, 7
87000, 6
214770, 9
105750, 7
32100, 8
115020, 8
110250, 7
132000, 6
130020, 7
149010, 7
217080, 8
98250, 6
123750, 7
121020, 7
275250, 8
115590, 8
143800, 8
134250, 6
162750, 8
132548, 8
180750, 8
67770, 5
189750, 8
246000, 8
225750, 8
94296, 8
184770, 8
71044, 7
119250, 7
170040, 9
192540, 9
111288, 8
84750, 6
135000, 7
108000, 7
93186, 8
271500, 9
167040, 8
137250, 7
144000, 7
118770, 7
124290, 8
211500, 7
91500, 6
186180, 8
153000, 7
213750, 7
267750, 7
150750, 7
105000, 6
87540, 7
58120, 6
84750, 6
169290, 8
162540, 8
144750, 8
206790, 7
89250, 6
103500, 7
94500, 7
115500, 8
157500, 7
135750, 8
90000, 7
114540, 7
85590, 7
107250, 6
98798, 8
143526, 8
84750, 6
87000, 6
169500, 8
102572, 8
124500, 8
176520, 9
165000, 8
89250, 6
192000, 8
139500, 7
128250, 7
110594, 8
193500, 7
55366, 9
142020, 8
288270, 8
135000, 7
162270, 8
102540, 6
195180, 8
116790, 7
180750, 8
109920, 7
234540, 8
111180, 7
138334, 9
211500, 7
162000, 7
91500, 6
171000, 7
59546, 8
93750, 6
209790, 8
81000, 7
125430, 8
231000, 9
99000, 7
178500, 8
157770, 8
138750, 6
122340, 8
162000, 7
64312, 7
141180, 8
135000, 7
137250, 7
130770, 8
146250, 7
162330, 7
187770, 9
253830, 9
98250, 6
112290, 7
50550, 8
80250, 6
110250, 7
87000, 6
173790, 8
129180, 7
235080, 8
135540, 8
123750, 7
230340, 8
186540, 7
159562, 9
168274, 8
201270, 9
101250, 7
77010, 7
99000, 7
128790, 8
127500, 6
