Evaluations, Played
2723, 5
10900, 5
8549, 5
11900, 6
5603, 5
10258, 5
6549, 4
7581, 6
11249, 5
7348, 5
8700, 4
14000, 6
4648, 5
7500, 4
12700, 5
6639, 6
10600, 5
12800, 6
11900, 6
14000, 6
10100, 6
8800, 5
7600, 5
9800, 6
8200, 5
16800, 7
15900, 7
7900, 5
6400, 5
11900, 6
9700, 5
10900, 5
6900, 4
9700, 5
13400, 6
11000, 6
2947, 5
12700, 5
8482, 6
11300, 6
9608, 5
13500, 7
9700, 5
7900, 5
10300, 5
4688, 6
5700, 4
12700, 5
2906, 5
8500, 5
7924, 6
11300, 6
7200, 4
14000, 6
11900, 6
7000, 5
4147, 5
4224, 5
7300, 5
9100, 5
9100, 5
13400, 6
12500, 6
10700, 6
13400, 6
2799, 4
12500, 6
8800, 5
12500, 6
9500, 6
12200, 6
5724, 5
8112, 5
11600, 6
14100, 7
17800, 8
9400, 5
12800, 6
8200, 5
12700, 5
13900, 5
6600, 4
10600, 5
70, 4
8100, 4
9700, 5
6348, 5
5648, 4
9700, 5
12500, 6
74, 4
8700, 4
6000, 4
12500, 6
1358, 5
10000, 5
11524, 6
7300, 5
10300, 5
10848, 5
13100, 6
7500, 4
7200, 4
8200, 5
15800, 6
9100, 5
11500, 5
8100, 4
7600, 5
6324, 5
7600, 5
12700, 5
10900, 5
12600, 7
10900, 5
10500, 4
12500, 6
12448, 6
11600, 6
10700, 6
13100, 6
7900, 5
10600, 5
1654, 4
6948, 5
9899, 6
11000, 6
12500, 6
8398, 5
12700, 5
14600, 6
15200, 6
14400, 7
15000, 7
11000, 6
11200, 5
12800, 6
7700, 3
15500, 6
60, 3
18900, 7
16700, 6
12400, 5
9248, 4
2249, 3
7500, 4
8949, 4
15800, 6
9100, 5
10600, 5
12100, 5
9400, 5
9500, 3
78, 5
14500, 5
14500, 5
13100, 6
4748, 4
1654, 4
13700, 6
13400, 6
6548, 4
1949, 3
6248, 4
10400, 6
10600, 5
10300, 5
10600, 5
13700, 6
13000, 5
6600, 4
15800, 6
7800, 4
11524, 6
14000, 6
11500, 5
11300, 6
10400, 6
7224, 5
11500, 5
5348, 4
10900, 5
13324, 6
9300, 4
7247, 6
14248, 6
8800, 5
5900, 3
6800, 3
11600, 6
4748, 4
10000, 5
3397, 5
11200, 5
12100, 5
7300, 5
9700, 5
7300, 5
9700, 5
8500, 5
16100, 6
10600, 5
64, 3
14000, 6
14600, 6
15400, 5
7548, 5
6248, 4
9800, 6
70, 4
9100, 5
12700, 5
9700, 5
11800, 5
11900, 6
1356, 4
3997, 5
8500, 5
13600, 5
13400, 6
10100, 6
11300, 6
13700, 6
11600, 6
12424, 6
12800, 6
5048, 4
10100, 6
11900, 6
5700, 4
4148, 4
2354, 5
1973, 4
10600, 5
1354, 4
11300, 6
10100, 6
11600, 6
7848, 5
8500, 5
10700, 6
1348, 3
11900, 6
13400, 6
11300, 6
3552, 5
8400, 4
9448, 6
7500, 4
12800, 6
10900, 5
10400, 6
7000, 5
9649, 5
10700, 6
10900, 5
3997, 5
9400, 5
8200, 5
12500, 6
11200, 5
8800, 5
12800, 6
14100, 7
7800, 4
3397, 5
7800, 4
11748, 5
12100, 5
6600, 4
9700, 5
10600, 5
12200, 6
12800, 6
11300, 6
13400, 6
5447, 6
6600, 4
458, 4
11900, 6
11800, 5
7448, 4
6900, 4
9700, 5
8200, 5
10600, 5
8947, 6
9100, 5
10929, 5
9700, 5
9724, 6
4048, 5
6729, 5
7900, 5
8800, 5
6900, 4
11500, 5
9448, 6
6300, 4
12500, 6
7600, 5
11900, 6
8200, 5
5100, 4
10000, 5
10900, 5
12100, 5
6900, 4
3224, 4
5452, 6
8500, 5
11600, 6
14900, 6
11048, 7
2949, 4
10948, 6
9400, 5
8800, 5
13600, 5
13300, 5
8500, 5
14000, 6
5748, 5
11200, 5
6400, 5
9042, 6
11600, 6
8800, 5
11500, 5
12800, 6
13900, 5
10700, 6
6000, 4
9100, 5
7500, 4
8800, 5
6624, 5
6248, 4
12200, 6
7200, 4
8200, 5
8500, 5
5948, 4
756, 4
8800, 5
9900, 4
6852, 5
7600, 5
748, 3
6324, 5
4047, 5
460, 5
16100, 6
8848, 6
12200, 6
6648, 5
11300, 6
7400, 6
11900, 6
2648, 4
10300, 5
13100, 6
9500, 6
6258, 6
15500, 6
10008, 6
11900, 6
2600, 3
14300, 6
10000, 5
6000, 4
8500, 5
11900, 6
4800, 4
5700, 4
12800, 6
9000, 4
462, 5
10100, 6
11300, 6
8748, 5
9700, 5
8148, 5
12800, 6
12400, 5
3547, 5
10924, 6
8900, 6
7300, 5
9100, 5
4198, 5
5926, 6
10000, 5
6924, 5
1954, 4
5648, 4
10400, 6
8200, 5
1973, 4
10048, 6
6496, 5
13000, 5
13400, 6
4100, 3
13100, 6
11600, 6
11900, 6
11300, 6
10600, 5
10900, 5
13600, 5
11600, 6
9448, 6
2748, 4
9500, 6
9100, 5
12300, 4
10000, 5
8248, 6
9100, 5
8500, 5
12200, 6
11300, 6
12500, 6
13300, 5
12200, 6
9445, 6
11900, 6
9348, 5
11200, 5
6924, 5
12800, 6
2415, 5
11300, 6
12200, 6
11900, 6
10400, 6
6397, 5
5155, 5
11000, 6
6000, 4
14200, 5
2898, 4
14900, 6
11900, 6
11200, 5
7600, 5
10324, 6
8800, 5
7600, 5
5342, 5
9800, 6
10900, 5
15600, 7
8800, 5
8084, 5
9000, 4
10824, 5
11800, 5
7752, 5
11600, 6
11100, 4
12100, 5
12400, 5
11900, 6
13100, 6
3697, 5
1348, 3
8200, 5
9448, 6
10300, 5
9724, 6
8500, 5
11800, 5
10800, 4
4196, 6
9500, 6
10700, 6
8206, 6
12500, 6
9100, 5
10100, 6
7300, 5
5400, 4
11000, 6
5652, 5
9400, 5
10900, 5
6924, 5
758, 4
6048, 5
6900, 4
6900, 4
9700, 5
8800, 5
8900, 6
9900, 4
10000, 5
10200, 4
5752, 6
7948, 6
700, 2
11300, 6
10100, 6
6868, 6
2324, 4
10700, 6
11000, 6
5424, 5
12124, 6
5700, 4
6242, 5
12500, 6
3397, 5
13100, 6
13400, 6
9100, 5
6900, 4
11300, 6
8200, 5
11512, 6
9849, 4
11700, 4
13900, 5
11600, 6
7500, 4
12200, 6
10100, 6
17700, 7
10900, 5
16100, 6
48, 2
11800, 5
10948, 6
9400, 5
13700, 6
13000, 5
8800, 5
70, 4
11300, 6
6300, 4
13300, 5
10300, 5
9700, 5
3522, 5
15000, 7
9700, 5
10300, 5
11300, 6
8800, 5
8900, 6
15549, 7
9724, 6
7200, 4
1354, 4
12500, 6
10949, 6
8068, 6
8848, 6
5600, 3
11500, 5
11524, 6
11500, 5
6900, 4
7900, 5
10000, 5
8900, 6
7648, 6
13300, 5
7200, 4
6600, 4
5048, 4
14900, 6
11849, 6
12800, 6
10000, 5
10100, 6
10700, 6
10300, 5
7500, 4
9200, 6
12400, 5
8346, 7
9400, 5
9047, 6
3672, 5
11900, 6
3397, 5
8915, 6
10900, 5
2898, 4
5748, 5
10000, 5
4449, 4
7900, 5
12200, 6
12100, 5
7624, 6
11600, 6
9400, 5
19000, 8
8855, 6
10600, 5
10000, 5
11900, 6
7000, 5
13500, 7
8800, 5
10600, 5
8520, 6
9500, 6
8200, 5
2111, 4
9700, 5
6924, 5
11181, 6
4147, 5
4626, 5
8500, 5
10900, 5
5400, 4
10720, 7
11200, 5
15600, 7
17300, 6
3969, 5
8500, 5
3697, 5
8500, 5
10700, 6
7897, 5
11600, 6
9800, 6
11484, 6
14500, 8
7000, 5
5190, 5
15800, 6
10600, 5
3697, 5
19800, 7
11200, 5
17600, 6
72, 4
5400, 4
6600, 4
7748, 4
4748, 4
10900, 5
8098, 5
10600, 5
12400, 5
11300, 6
3847, 5
7500, 4
14600, 6
17300, 6
9800, 6
8398, 5
12400, 5
10700, 6
7824, 5
6300, 4
6624, 5
48, 2
16500, 7
19000, 8
11800, 5
10300, 5
5700, 4
6900, 4
16700, 6
9600, 4
10300, 5
10500, 4
9700, 5
14200, 5
12500, 6
8600, 6
9200, 6
10500, 4
11200, 5
8700, 4
14600, 6
4813, 5
14600, 6
2684, 5
12200, 6
7400, 3
11800, 5
10100, 6
10900, 5
6648, 5
13400, 6
16500, 7
11800, 5
11100, 4
11900, 6
12700, 5
9700, 5
6600, 4
6048, 5
7597, 6
9647, 6
10300, 5
12900, 7
74, 4
12400, 5
12800, 6
12100, 5
7500, 4
10300, 5
12700, 5
11900, 6
10600, 5
13600, 5
12400, 5
15100, 5
11800, 5
10300, 5
48, 2
13100, 6
9400, 5
13300, 5
6000, 4
11500, 5
8448, 5
13700, 6
12500, 6
5155, 5
3800, 3
11500, 5
2900, 3
3547, 5
11900, 6
2772, 5
11800, 5
11200, 5
9000, 4
6000, 4
10700, 6
15200, 6
11300, 6
7500, 4
14200, 5
3997, 5
5900, 3
15300, 7
8552, 7
5100, 4
7548, 5
7300, 5
12200, 6
6600, 4
10048, 6
2748, 4
5148, 5
3852, 5
1973, 4
7648, 6
12700, 5
5100, 4
11300, 6
9400, 5
10397, 7
6100, 5
15300, 7
9700, 5
10300, 5
8500, 5
11200, 5
5900, 3
7300, 5
8100, 4
8500, 5
4084, 4
7200, 4
7299, 4
14800, 5
4190, 4
9171, 5
3530, 5
6300, 4
8200, 5
13900, 5
8200, 5
10700, 6
8200, 5
12800, 6
7248, 5
11000, 6
14400, 7
15500, 6
8200, 5
8100, 4
8500, 5
12800, 6
5448, 5
2954, 5
11000, 6
11600, 6
10700, 6
9800, 6
12800, 6
7208, 5
3653, 5
12200, 6
9124, 6
4748, 4
9100, 5
7906, 6
15200, 6
424, 3
11900, 6
10900, 5
10600, 5
9700, 5
10100, 6
11648, 7
6048, 5
8300, 6
12200, 6
11900, 6
19200, 7
11600, 6
3878, 5
7300, 5
8400, 4
14000, 6
9700, 5
12800, 6
7000, 5
15800, 6
4297, 5
6900, 4
13400, 6
4848, 5
4700, 5
10000, 5
9400, 5
2922, 5
5444, 6
15424, 6
10900, 5
10024, 6
6803, 5
15200, 6
9700, 5
10000, 5
13100, 6
10000, 5
15400, 8
11000, 6
7500, 4
9800, 6
8400, 4
7148, 4
4346, 6
15900, 7
8824, 6
6000, 4
12500, 6
9100, 5
10300, 5
14000, 6
10000, 5
10948, 6
11000, 6
10400, 6
7000, 5
7900, 5
7648, 6
13600, 5
7507, 6
5374, 5
10100, 6
10900, 5
6242, 5
9100, 5
10100, 6
9400, 5
11000, 6
12200, 6
2147, 4
12800, 6
10600, 5
4252, 5
10300, 5
4148, 4
14300, 6
5754, 6
11648, 7
13100, 6
2630, 5
760, 4
8224, 6
4800, 4
11500, 5
7500, 4
5948, 4
7548, 5
11300, 6
11900, 6
3254, 5
8100, 4
13398, 6
11900, 6
8800, 5
12500, 6
6600, 4
10468, 6
9924, 5
7748, 4
13500, 7
7924, 6
9600, 4
3554, 5
7900, 5
8800, 5
5700, 4
17300, 6
11000, 6
8200, 5
9800, 6
2352, 5
10600, 5
12824, 7
10648, 6
2680, 4
13500, 7
11300, 6
6048, 5
9124, 6
6648, 5
14300, 6
9800, 6
10000, 5
13700, 6
9348, 5
13048, 6
2048, 4
10024, 6
10300, 5
8500, 5
6924, 5
5436, 6
10600, 5
14000, 6
7024, 6
9800, 6
2649, 4
10100, 6
13000, 5
10600, 5
9448, 6
9448, 6
2348, 4
11300, 6
9800, 6
9800, 6
12200, 6
10400, 6
12000, 7
5648, 4
6600, 4
2598, 4
10248, 5
10000, 5
10600, 5
11300, 6
10700, 6
4377, 4
5000, 3
9500, 6
10224, 5
9055, 5
15500, 6
12200, 6
8500, 5
11448, 5
5748, 5
3250, 6
10100, 6
4147, 5
17400, 7
7824, 5
7752, 5
13200, 7
8500, 5
7900, 5
9649, 5
9310, 6
6500, 3
5400, 4
3147, 5
8100, 4
2624, 4
12848, 7
5700, 4
12800, 6
10700, 6
8800, 5
11900, 6
10600, 5
6300, 4
10000, 5
748, 3
10000, 5
10000, 5
12500, 6
7897, 6
9749, 6
5700, 4
9148, 6
15052, 8
8800, 5
8200, 5
8715, 7
5848, 5
10900, 5
9700, 5
7524, 5
8500, 5
8484, 6
2448, 4
9700, 5
13100, 6
9400, 5
15600, 7
11000, 6
13300, 5
11600, 6
8000, 3
6900, 4
13400, 6
82, 6
8100, 4
10600, 5
9548, 4
9000, 4
5096, 6
11600, 6
13400, 6
12500, 6
11600, 6
7500, 4
7600, 5
13100, 6
13300, 5
74, 4
9100, 5
11200, 5
1356, 4
15700, 8
6600, 4
11200, 5
10000, 5
13700, 6
9100, 5
7200, 4
4946, 6
5748, 5
5948, 4
10000, 5
8800, 5
8400, 4
14700, 7
17100, 7
11500, 5
6932, 6
6799, 5
6652, 6
13100, 6
6648, 5
11600, 6
6300, 4
7300, 5
8500, 5
9500, 6
7699, 5
7600, 5
10000, 5
12600, 7
11600, 6
756, 4
2352, 5
10997, 7
6148, 5
9700, 5
11000, 6
9800, 6
74, 4
10900, 5
8500, 5
9000, 4
9000, 4
20500, 8
3999, 4
10600, 5
9000, 4
2622, 5
13800, 7
11800, 5
14200, 5
17500, 8
11900, 6
12100, 5
13400, 6
12200, 6
9800, 6
8200, 5
6400, 5
70, 4
13500, 7
14000, 6
13400, 6
11700, 7
13700, 6
10700, 6
9200, 6
9600, 4
11600, 6
3697, 5
9300, 4
16200, 7
9100, 5
9400, 5
12900, 7
6300, 4
18300, 7
10400, 6
9300, 4
8400, 4
12500, 6
7500, 4
5052, 5
10900, 5
11000, 6
3547, 5
8100, 4
3548, 4
12200, 6
6700, 5
2300, 3
13700, 6
6700, 5
13200, 7
11500, 5
15300, 7
9000, 4
10300, 5
5400, 4
12685, 7
15300, 7
4297, 5
10600, 5
6024, 5
7224, 5
15000, 7
8800, 5
13400, 6
7798, 5
14097, 7
16900, 5
12200, 6
13000, 5
11300, 6
14000, 6
6999, 4
18800, 6
2873, 4
10400, 6
9914, 6
6600, 4
10000, 5
10000, 5
14900, 6
14500, 5
2898, 4
13800, 7
10100, 6
8400, 4
9700, 5
6600, 4
10300, 5
11200, 5
8700, 4
12200, 6
11422, 6
8500, 5
12100, 5
17300, 6
3547, 5
9924, 5
2748, 4
8500, 5
9000, 4
10600, 5
14000, 6
6600, 4
11500, 5
10300, 5
3506, 5
14600, 6
15124, 6
5900, 3
10066, 7
11824, 6
10300, 5
10500, 4
7508, 5
13100, 6
9700, 5
9400, 5
3824, 4
6231, 5
13600, 5
70, 4
6600, 4
10900, 5
10300, 5
8748, 5
8748, 5
9048, 5
68, 4
14800, 5
17500, 8
14600, 6
9100, 5
12648, 5
1648, 3
6248, 4
16200, 7
15900, 7
10600, 5
3547, 5
11900, 6
11600, 6
14000, 6
10700, 6
14700, 7
12100, 5
10449, 6
9800, 6
12900, 7
12200, 6
10000, 5
6900, 4
9348, 5
5352, 5
16800, 7
12800, 6
11300, 6
7500, 4
748, 3
6100, 5
16100, 6
6900, 4
3547, 5
8500, 5
10300, 5
12200, 6
8400, 4
3747, 5
8400, 4
10000, 5
12500, 6
3898, 5
7548, 5
6600, 4
11600, 6
8800, 5
4748, 4
6200, 3
15000, 7
8200, 5
2648, 4
9100, 5
11900, 6
9200, 6
7200, 4
9600, 4
8500, 5
9048, 5
3547, 5
10848, 5
9048, 5
758, 4
7500, 4
9400, 5
16700, 6
10000, 5
11424, 6
4800, 4
7248, 5
8500, 5
9100, 5
10400, 6
9868, 6
11000, 6
9681, 6
12200, 6
5800, 5
8800, 5
13648, 6
13400, 6
7200, 4
10700, 6
8500, 5
3151, 6
3597, 5
9748, 6
9200, 6
15600, 7
5229, 5
5400, 4
15200, 6
13700, 6
7600, 5
7600, 5
11200, 5
5400, 4
11900, 6
6948, 5
11900, 6
10600, 5
11600, 6
8100, 4
12148, 6
11000, 6
8500, 5
7900, 5
2328, 5
2600, 3
14100, 7
7000, 5
7900, 5
2348, 4
7000, 5
11900, 6
9700, 5
13748, 7
10000, 5
8800, 5
10600, 5
5300, 3
12300, 7
16600, 8
10700, 6
7600, 5
6600, 4
13199, 6
6152, 4
3498, 4
3697, 5
10548, 5
12800, 6
11824, 6
5348, 4
4748, 4
14900, 6
4648, 5
4335, 7
6324, 5
7900, 5
10598, 6
8100, 4
13400, 6
7800, 4
5048, 4
9424, 6
10000, 5
13849, 8
9500, 6
9700, 5
3800, 3
11800, 5
11448, 5
9200, 6
7447, 6
14000, 6
12500, 6
5654, 5
12500, 6
11600, 6
12200, 6
9171, 5
11600, 6
11900, 6
2898, 4
8824, 6
2328, 5
6000, 4
3447, 5
9400, 5
12500, 6
700, 2
10784, 5
9700, 5
6700, 5
3847, 5
5148, 5
10600, 5
13100, 6
8548, 6
8900, 6
14000, 6
13100, 6
3198, 4
3800, 3
12200, 6
11800, 5
8800, 5
8752, 6
9700, 5
768, 6
13000, 5
12200, 6
14700, 7
11300, 6
8700, 4
17800, 5
11800, 5
12200, 6
10700, 6
11600, 6
11703, 6
8900, 6
4139, 5
11900, 6
10400, 6
11900, 6
8448, 5
9000, 4
8500, 5
10300, 5
2300, 3
9700, 5
9800, 6
3153, 6
12500, 6
11000, 6
9100, 5
8200, 5
10300, 5
8500, 5
10600, 5
8748, 5
15500, 6
11900, 6
11900, 6
12500, 6
6948, 5
12600, 7
9700, 5
10600, 5
13400, 6
7000, 5
8957, 6
5523, 5
10600, 5
10300, 5
5249, 6
12700, 5
6948, 5
7500, 4
10100, 6
9500, 6
8200, 5
10600, 5
12400, 5
7224, 5
11900, 6
9400, 5
11600, 6
9400, 5
10648, 6
4500, 4
6700, 5
8800, 5
14200, 5
10500, 4
10100, 6
6000, 4
15800, 6
7248, 5
6000, 4
11000, 6
9300, 4
7600, 5
3847, 5
10300, 5
15200, 6
9400, 5
9124, 6
6016, 5
14800, 5
12400, 5
13700, 6
9000, 4
12800, 6
8748, 5
8500, 5
8200, 5
6648, 5
10300, 5
13100, 6
3849, 4
3828, 5
4448, 4
7548, 5
14100, 7
9100, 5
13048, 6
7824, 5
10100, 6
9600, 4
3279, 5
10700, 6
5400, 4
11200, 5
10300, 5
10024, 6
7552, 6
700, 2
9800, 6
14000, 6
13400, 6
5100, 4
11600, 6
10900, 5
9100, 5
8200, 5
11724, 5
8045, 5
10468, 6
6849, 4
11400, 4
8800, 5
10300, 5
12200, 6
12300, 4
12500, 6
15600, 7
12800, 6
14600, 6
72, 5
10500, 4
6500, 3
5200, 2
7400, 3
12300, 4
10800, 4
64, 3
18300, 7
13900, 5
4400, 3
9400, 5
7848, 5
10200, 4
7800, 4
12400, 5
16100, 6
2898, 4
13700, 6
12400, 5
14500, 5
10900, 5
7800, 4
14500, 5
1652, 4
3547, 5
12200, 6
8148, 5
10100, 6
13900, 5
13400, 6
17400, 7
9900, 4
1823, 4
11300, 6
9700, 5
9100, 5
5048, 4
9900, 4
6848, 4
6600, 4
12400, 5
13100, 6
6648, 5
8500, 5
5100, 4
12124, 6
10300, 5
12700, 5
5548, 5
7600, 5
13400, 6
4748, 4
2898, 4
11100, 4
8400, 4
70, 4
10000, 5
8648, 4
9100, 5
13600, 5
15800, 6
18700, 8
14300, 6
13100, 6
12298, 6
11500, 5
8700, 4
7498, 5
10300, 5
60, 3
9100, 5
21000, 7
11600, 6
1952, 4
11148, 5
11500, 5
7800, 4
18900, 7
10400, 6
11500, 5
3547, 5
10624, 6
12724, 6
7000, 5
10800, 4
14800, 5
12600, 7
11000, 6
15600, 7
8200, 5
8500, 5
11448, 5
8048, 4
13900, 5
11800, 5
10200, 4
9400, 5
10600, 5
8200, 5
13200, 4
9148, 6
6200, 3
8200, 5
15900, 7
10000, 5
12200, 6
16400, 6
11600, 6
10048, 6
15100, 5
15800, 6
13200, 4
10924, 6
9300, 4
7500, 4
8248, 6
12100, 5
13700, 6
68, 4
14200, 5
17200, 5
10500, 4
12700, 5
14200, 5
17900, 6
0, 1
7800, 4
8100, 4
7200, 4
16200, 7
16000, 8
6200, 3
14000, 6
2800, 2
10800, 4
14000, 6
10511, 6
13500, 7
14055, 7
12200, 6
12100, 5
18300, 7
13600, 5
10810, 7
15800, 6
13400, 6
11800, 5
8100, 4
4700, 3
11800, 5
15700, 5
11500, 5
12200, 6
11900, 6
8700, 4
11600, 6
8748, 5
14100, 7
13500, 4
11800, 5
8100, 4
6900, 4
13100, 6
6300, 4
3198, 4
7800, 4
15300, 7
12900, 7
6099, 4
4346, 6
14700, 7
13400, 6
6900, 4
8400, 4
10800, 4
11200, 5
14300, 6
10300, 5
9100, 5
6000, 4
10000, 5
14300, 6
10300, 5
9900, 4
2598, 4
11500, 5
10000, 5
9982, 6
9497, 6
17800, 8
11560, 7
16700, 6
11500, 5
13400, 6
3800, 3
10400, 6
10071, 5
18200, 6
12700, 5
8800, 5
10200, 4
11200, 5
10700, 6
2748, 4
10300, 5
8400, 4
14300, 6
10800, 4
7417, 5
6990, 5
10141, 7
3056, 5
7800, 4
6849, 4
13100, 6
10924, 6
6737, 6
9400, 5
10900, 5
17423, 7
10000, 5
4400, 3
13600, 5
8173, 6
6978, 6
10100, 6
10722, 6
10400, 6
7228, 6
10000, 5
10324, 6
11000, 6
9700, 5
7524, 5
9100, 5
14000, 6
16600, 5
14000, 6
10024, 6
4147, 5
6330, 5
10224, 5
8800, 5
7900, 5
10103, 5
10900, 5
10300, 5
13700, 6
18500, 6
8800, 5
11200, 5
13448, 7
10000, 5
3100, 2
7348, 5
10800, 4
11500, 5
13100, 6
11800, 5
13300, 5
14700, 7
13600, 5
13500, 7
7900, 5
11300, 6
6558, 6
11100, 4
11548, 6
754, 4
4100, 3
4182, 5
10900, 5
6898, 5
9413, 6
6628, 6
8500, 5
12100, 5
13200, 7
8200, 5
4346, 6
2265, 5
7224, 6
6900, 4
11200, 5
12100, 5
9400, 5
15200, 6
4347, 5
11500, 5
9400, 5
14900, 6
1052, 4
5352, 5
10700, 6
7548, 5
10300, 5
3824, 4
9700, 5
10000, 5
11200, 5
12100, 5
11900, 6
6309, 5
9100, 5
8800, 5
17300, 6
8500, 5
6252, 5
14900, 6
3348, 4
9300, 4
1960, 5
11000, 6
9500, 6
15500, 6
12800, 6
9400, 5
16300, 8
8646, 7
13600, 5
12100, 5
6900, 4
14300, 6
10000, 5
7848, 5
18900, 7
6900, 4
12500, 6
5500, 5
2249, 3
10400, 6
13400, 6
6900, 4
17100, 7
11800, 5
13100, 6
8200, 5
8700, 4
13900, 5
10524, 5
10600, 5
3547, 5
4803, 6
4347, 5
10924, 6
8300, 6
14300, 6
14900, 6
4148, 4
10400, 6
6300, 4
10224, 5
9455, 6
12400, 5
6355, 5
13300, 5
9024, 5
8897, 6
4448, 4
11900, 6
15000, 6
10900, 5
6300, 4
10300, 5
748, 3
9700, 5
14700, 7
15300, 7
9400, 5
14600, 6
6600, 4
16100, 6
9400, 5
8424, 5
13648, 6
5048, 4
11000, 6
3848, 4
6548, 4
3072, 5
11500, 5
15300, 7
14900, 6
8348, 4
11600, 6
9284, 5
10900, 5
12200, 6
10099, 5
8700, 4
14500, 5
13600, 5
10000, 5
10800, 4
11448, 5
8800, 5
12100, 5
14900, 6
13100, 6
11000, 6
6024, 6
8200, 5
7900, 5
11500, 5
7200, 4
4800, 4
12400, 5
9400, 5
7524, 5
9100, 5
10600, 5
11600, 6
4148, 4
7848, 5
12500, 6
8599, 5
6400, 5
16900, 5
11600, 6
14000, 6
3248, 4
12400, 5
13400, 6
8800, 5
3048, 4
10400, 6
9800, 6
5981, 5
12000, 7
3696, 5
5900, 3
10400, 6
12700, 5
6600, 4
13000, 5
9700, 5
9400, 5
13800, 7
10900, 5
10700, 6
12700, 5
11800, 5
3500, 3
12748, 6
12800, 6
9700, 5
10300, 5
4300, 2
10100, 6
9000, 4
9700, 5
9700, 5
12200, 6
15600, 7
14600, 6
8500, 5
9400, 5
8100, 4
8200, 5
14000, 6
9400, 5
11600, 6
9900, 4
8100, 4
9100, 5
11200, 5
14824, 6
11900, 6
6542, 5
7200, 4
10700, 6
10500, 4
7224, 5
15500, 6
5648, 4
9700, 5
7800, 4
7800, 4
1851, 5
9396, 7
8500, 5
12700, 5
13900, 5
13200, 7
15500, 6
9800, 6
10600, 5
3248, 4
13300, 5
14200, 5
17900, 6
12500, 6
11500, 5
7200, 4
6300, 4
2772, 5
11147, 7
9700, 5
8200, 5
10300, 5
11200, 5
3648, 4
10300, 5
11900, 6
12800, 6
7652, 6
7000, 5
8200, 5
14700, 7
14600, 6
7900, 5
16800, 7
13900, 5
4098, 4
8448, 5
2151, 5
11500, 5
3847, 5
11900, 6
5100, 4
5700, 4
8800, 5
11000, 6
10048, 6
10700, 6
10100, 6
12348, 5
7548, 5
3847, 5
5500, 5
5448, 5
748, 3
3597, 5
9142, 5
9800, 6
13400, 6
1673, 4
12808, 7
10100, 6
6000, 4
8224, 6
12400, 5
9700, 5
11300, 6
11300, 6
9100, 5
13700, 6
10000, 5
9200, 6
700, 2
11900, 6
7900, 5
6600, 4
9324, 5
5948, 4
10700, 6
2948, 4
7224, 5
7300, 5
10400, 6
10900, 5
4532, 4
7200, 4
6648, 5
7600, 5
13700, 6
11600, 6
11900, 6
7500, 4
14400, 7
14100, 7
8299, 5
9800, 6
13100, 6
9100, 5
9600, 4
5147, 6
10925, 7
10300, 5
18500, 6
6324, 5
13500, 7
7200, 4
11900, 6
7500, 4
14200, 8
10000, 5
11000, 6
748, 3
1948, 3
9624, 5
10900, 5
11600, 6
7300, 5
2005, 5
3301, 6
6548, 4
11200, 5
9245, 5
12200, 6
9100, 5
4439, 5
10400, 6
8600, 6
10900, 5
10700, 6
11600, 6
760, 5
2652, 5
13700, 6
2330, 5
1748, 4
7900, 5
12500, 6
10900, 5
6997, 6
9100, 5
11900, 6
764, 5
12400, 5
8400, 4
9348, 5
12200, 6
11400, 4
10948, 6
11600, 6
8500, 5
10000, 5
9100, 5
9000, 4
6548, 4
13400, 6
11448, 5
3547, 5
8800, 5
14100, 7
7099, 5
9300, 4
9900, 4
6600, 4
10100, 3
11900, 6
14000, 6
4100, 3
10900, 5
8400, 4
7900, 5
8294, 6
7126, 6
9700, 5
10000, 5
10329, 5
9100, 5
10600, 5
14300, 6
12200, 6
12500, 6
4498, 5
10700, 6
2954, 5
11800, 5
12800, 6
11200, 5
9429, 5
12424, 6
13284, 6
10900, 5
15300, 7
14800, 5
9348, 5
10400, 6
9400, 5
15148, 6
12100, 5
7500, 4
1048, 3
12900, 4
9000, 4
6400, 5
12724, 6
11900, 6
15500, 6
6800, 3
7800, 4
12400, 5
3548, 4
13900, 5
9400, 5
8500, 5
9400, 5
20300, 6
12200, 6
12700, 5
16500, 7
8200, 5
6552, 5
5100, 4
12400, 5
8248, 6
8800, 5
8800, 5
10148, 4
17100, 7
7448, 4
9400, 5
10700, 6
8500, 5
8500, 5
11248, 6
13400, 6
12500, 6
7600, 5
4048, 5
3598, 5
13700, 6
2054, 5
5748, 5
3224, 4
4196, 6
4097, 6
7029, 5
4530, 5
12200, 6
6184, 6
11900, 6
14000, 6
9100, 5
5700, 4
6558, 6
7600, 5
8800, 5
5024, 4
3200, 3
8900, 6
7200, 4
2352, 5
10000, 5
7200, 4
7300, 5
6348, 5
7000, 5
10600, 5
12100, 5
11200, 5
12500, 6
11800, 5
10300, 5
9800, 6
5700, 4
6300, 4
3048, 4
10700, 6
8524, 6
4124, 4
8200, 5
8800, 5
10400, 6
8700, 4
3522, 5
9124, 6
15000, 7
7897, 5
10900, 5
15200, 6
9100, 5
11600, 6
2115, 5
14300, 6
14524, 6
10900, 5
13400, 6
6500, 3
12700, 5
8500, 5
13700, 6
10400, 6
6900, 4
2010, 6
14600, 6
12500, 6
10100, 6
13400, 6
9400, 5
9400, 5
3858, 4
11600, 6
9800, 6
13700, 6
10424, 7
15200, 6
12200, 6
8929, 6
3247, 5
199, 3
2896, 5
2255, 5
1947, 4
17000, 6
6600, 4
10000, 5
8200, 5
2405, 5
1947, 4
2247, 4
1026, 5
6484, 4
8800, 5
12300, 7
7300, 5
1797, 4
1626, 5
3159, 5
2746, 5
13300, 5
7600, 5
6924, 5
7300, 5
1947, 4
2271, 5
2097, 4
3496, 5
6324, 5
456, 4
6300, 4
5748, 5
9424, 6
12800, 6
9148, 6
14000, 6
6600, 4
6600, 4
754, 4
10300, 5
13300, 5
13600, 5
9400, 5
5700, 4
7900, 5
9800, 6
6600, 4
5348, 4
6224, 4
10100, 6
11300, 6
2048, 4
6500, 3
10300, 5
6148, 6
8100, 4
12800, 6
11224, 6
7600, 5
8148, 5
12100, 5
13700, 6
11600, 6
10600, 5
2397, 4
2097, 4
3346, 5
3646, 5
17800, 5
11600, 6
13100, 6
6324, 5
1947, 4
2746, 5
2097, 4
223, 3
1054, 4
11600, 6
3500, 3
8200, 5
2896, 5
3496, 5
1772, 4
1352, 5
11300, 6
11300, 6
7300, 5
458, 4
231, 4
3646, 5
3049, 6
3196, 5
9100, 5
7800, 4
10600, 5
7900, 5
7600, 5
8548, 6
11500, 5
770, 6
7200, 4
11224, 6
5561, 5
2946, 5
13000, 5
10900, 5
9700, 5
9400, 5
6348, 5
9548, 7
11900, 6
2356, 5
8200, 5
8448, 5
10400, 6
11900, 6
9049, 5
7000, 5
9148, 6
8800, 5
8500, 5
8700, 4
8900, 6
6648, 5
7368, 5
6700, 5
7000, 5
11800, 5
3346, 5
2121, 5
1148, 3
3621, 5
11600, 6
9148, 6
9648, 5
11848, 6
3646, 5
233, 4
1298, 3
1196, 4
16400, 6
6700, 5
7900, 5
8200, 5
1647, 4
1298, 3
2746, 5
3845, 6
1052, 4
5054, 5
5348, 4
10700, 6
1322, 4
2595, 5
3496, 5
2596, 5
11900, 6
8800, 5
7252, 6
11248, 6
11600, 6
6648, 5
7600, 5
9100, 5
6000, 4
13900, 5
10700, 6
10900, 5
8400, 4
13300, 5
8200, 5
10300, 5
11200, 5
6352, 6
13100, 6
6600, 4
10100, 6
7900, 5
13900, 5
8500, 5
5561, 5
10600, 5
9100, 5
8600, 6
10900, 5
11300, 6
7648, 6
8200, 5
13900, 5
8500, 5
6600, 4
8800, 5
1456, 4
3196, 5
3496, 5
2397, 4
6300, 4
5948, 4
7948, 6
7300, 5
1797, 4
3471, 5
1652, 5
2746, 5
11400, 4
6300, 4
8800, 5
10600, 5
3171, 5
2895, 5
2097, 4
2571, 5
14500, 5
11200, 5
11300, 6
10924, 6
2247, 4
2746, 5
2697, 4
2097, 4
10955, 6
8500, 5
8500, 5
7300, 5
12800, 6
4660, 6
11274, 6
9100, 5
8800, 5
13400, 6
13900, 5
13600, 5
6900, 4
10400, 6
8400, 4
14948, 7
10300, 5
12500, 6
13700, 6
6348, 5
11600, 6
2000, 3
10700, 6
6248, 4
13339, 7
14300, 6
6900, 4
11300, 6
10600, 5
9400, 5
6900, 4
7900, 5
12100, 5
11600, 6
6948, 5
7200, 4
14300, 6
7597, 5
12900, 7
11300, 6
11500, 5
6347, 6
1673, 4
14600, 6
8200, 5
1657, 4
7013, 6
2630, 5
12500, 6
6100, 5
12800, 6
4452, 5
9648, 5
11900, 6
11300, 6
12500, 6
14000, 6
3200, 3
11800, 5
9500, 6
5800, 5
9100, 5
10300, 5
10300, 5
8200, 5
7900, 5
15500, 6
13700, 6
700, 2
4200, 4
5100, 4
5448, 5
10900, 5
8057, 5
9700, 5
11600, 6
9100, 5
2111, 4
14200, 5
6024, 5
16700, 6
10400, 6
10100, 6
13700, 6
758, 4
11300, 6
15200, 6
11600, 6
7800, 4
11600, 6
14300, 6
4498, 5
10400, 6
10900, 5
8100, 4
18200, 6
12400, 5
10400, 6
7000, 5
7948, 6
3878, 5
14000, 6
5700, 4
9100, 5
12800, 6
7426, 6
16800, 7
14400, 7
9400, 5
10700, 6
10324, 6
11500, 5
4452, 5
11900, 6
10400, 6
12148, 6
8400, 4
12800, 6
9700, 5
766, 5
10100, 6
11000, 6
12500, 6
8800, 5
7900, 5
8500, 5
2300, 3
9800, 6
12500, 6
7848, 5
11500, 5
6600, 4
7548, 5
11600, 6
14600, 6
11900, 6
10900, 5
10400, 6
10184, 5
12700, 5
8100, 4
15200, 6
8700, 4
6600, 4
9347, 6
8548, 5
5942, 5
14800, 5
9900, 4
3547, 5
14000, 6
10024, 6
15700, 5
12400, 5
6324, 5
12800, 6
10000, 5
12100, 5
11300, 6
11848, 6
10099, 5
8148, 5
8800, 5
2948, 4
3500, 3
12400, 5
6100, 5
12700, 5
10900, 5
10700, 6
9067, 6
8900, 6
13400, 6
3847, 5
13900, 5
10300, 5
13100, 6
12200, 6
15200, 6
11148, 5
10900, 5
13400, 6
14300, 6
9400, 5
5600, 3
14500, 5
14600, 6
4799, 5
12700, 5
7300, 5
1048, 3
16000, 5
12000, 4
6252, 5
7100, 3
9100, 5
3597, 5
5398, 5
748, 3
6048, 5
6452, 4
13100, 6
14300, 6
6900, 4
5448, 5
10400, 6
7549, 5
9148, 6
14800, 5
11800, 5
11900, 6
14600, 6
9700, 5
6700, 5
11300, 6
12800, 6
8800, 5
13700, 6
9700, 5
8500, 5
11600, 6
5997, 6
10300, 5
7900, 5
8800, 5
10400, 6
9149, 6
13500, 7
8365, 6
8524, 6
6700, 5
11800, 5
6000, 4
8500, 5
6324, 5
7029, 5
16700, 6
14900, 6
14000, 6
8524, 6
13300, 5
10300, 5
11000, 6
13500, 7
11000, 6
8800, 5
6400, 5
7848, 5
5400, 4
11300, 6
6348, 5
10000, 5
6648, 5
5116, 5
11500, 5
7600, 5
5187, 5
10649, 6
8900, 6
7648, 6
11900, 6
10600, 5
6600, 4
9048, 5
11600, 6
13000, 5
5348, 4
13900, 5
13087, 6
12100, 5
13000, 5
12500, 6
11600, 6
11049, 7
11000, 6
10100, 6
8800, 5
6924, 5
11000, 6
10600, 5
5948, 4
6700, 5
756, 4
13700, 6
11600, 6
7281, 6
2048, 4
10900, 5
17600, 6
11700, 7
11824, 6
10300, 5
1156, 4
1148, 3
3021, 5
3946, 5
13400, 6
10700, 6
2330, 5
10000, 5
1598, 3
1947, 4
2596, 5
1448, 3
11800, 5
10600, 5
6048, 5
9148, 6
1748, 3
3321, 5
2397, 4
1200, 5
9400, 5
10848, 5
8800, 5
11100, 7
2247, 4
2896, 5
1947, 4
223, 3
10012, 6
6924, 5
10700, 6
1949, 3
8800, 5
4252, 5
10300, 5
9100, 5
6900, 4
7742, 5
2922, 5
13800, 7
13900, 5
6914, 6
10900, 5
11529, 5
11800, 5
8500, 5
10400, 6
12200, 6
6924, 5
10581, 6
7600, 5
12200, 6
7500, 4
9100, 5
2300, 3
8684, 5
8500, 5
15200, 6
7924, 6
11900, 6
12400, 5
11600, 6
9100, 5
10300, 5
2113, 6
2405, 5
2446, 5
3046, 5
16100, 6
13400, 6
8271, 5
6371, 6
3346, 5
2571, 5
2896, 5
2896, 5
11400, 4
10624, 6
11200, 5
14300, 6
3021, 5
1148, 3
1614, 5
2097, 4
8500, 5
11300, 6
10700, 6
724, 3
1472, 4
2247, 4
3346, 5
2547, 4
10000, 5
9200, 6
9800, 6
7600, 5
8500, 5
12800, 6
6000, 4
8400, 4
11900, 6
14200, 5
11500, 5
9700, 5
12400, 5
8800, 5
10600, 5
9100, 5
14900, 6
11600, 6
13400, 6
8200, 5
7600, 5
8224, 6
2924, 4
6900, 4
6048, 5
10900, 5
5400, 4
9800, 6
11300, 6
10955, 6
10100, 6
7548, 5
8800, 5
8100, 4
8248, 6
5600, 3
3646, 5
3646, 5
3496, 5
1346, 4
10900, 5
9500, 6
12300, 7
8200, 5
2097, 4
2547, 4
2097, 4
3346, 5
15800, 6
10900, 5
7224, 5
8800, 5
3196, 5
2097, 4
1797, 4
1322, 4
10600, 5
7600, 5
2060, 6
12800, 6
1496, 4
2871, 5
2397, 4
1322, 4
11800, 5
8900, 6
5700, 4
8500, 5
5354, 5
10700, 6
8200, 5
9100, 5
10000, 5
9924, 5
10900, 5
10600, 5
8748, 5
8800, 5
11500, 5
7500, 4
5400, 4
760, 5
7624, 6
13400, 6
10400, 6
7168, 6
12200, 6
10300, 5
7300, 5
3200, 3
7500, 4
3092, 5
8800, 5
9200, 6
6648, 5
9500, 6
11000, 6
8752, 6
11500, 5
11600, 6
2896, 5
2247, 4
1496, 4
1322, 4
9400, 5
8824, 6
11000, 6
9724, 6
2896, 5
2397, 4
3496, 5
3346, 5
11200, 5
13148, 7
11000, 6
7600, 5
1502, 5
3046, 5
3946, 5
231, 4
9700, 5
10924, 6
14000, 6
7800, 4
2746, 5
2397, 4
3646, 5
3046, 5
12722, 6
7600, 5
6624, 5
11900, 6
13200, 7
10700, 6
2764, 6
7000, 5
10000, 5
5400, 4
14800, 5
9000, 4
11200, 5
14800, 5
13100, 6
7900, 5
12700, 5
11800, 5
13400, 6
13100, 6
5446, 6
11200, 5
7600, 5
11900, 6
9424, 6
8700, 4
1356, 4
7500, 4
7000, 5
10900, 5
8800, 5
8149, 5
9624, 5
8900, 6
9100, 5
756, 4
9700, 5
5948, 4
5400, 4
11848, 6
13400, 6
10000, 5
9748, 6
14700, 7
7300, 5
5623, 6
11900, 6
12800, 6
10028, 7
11000, 6
8200, 5
2922, 5
7000, 5
9400, 5
9245, 5
10300, 5
5000, 5
4748, 4
8200, 5
3147, 5
8200, 5
8100, 4
9300, 4
11900, 6
8800, 5
15300, 7
8100, 4
14000, 6
7400, 3
10600, 5
12800, 6
10100, 6
11200, 5
9400, 5
15900, 7
6924, 5
3200, 3
13600, 5
9981, 6
11300, 6
15900, 7
4997, 6
3847, 5
7552, 6
4748, 4
8848, 6
10100, 6
3552, 5
14700, 7
6000, 4
5352, 5
11600, 6
10049, 6
11300, 6
13400, 6
7900, 5
6948, 5
10000, 5
10600, 5
11200, 5
6924, 5
8800, 5
7600, 5
7300, 5
2001, 5
11000, 6
8500, 5
5700, 4
14500, 5
10000, 5
8500, 5
9100, 5
13800, 7
10694, 6
11000, 6
10400, 6
9200, 6
9800, 6
7600, 5
10100, 6
12500, 6
11600, 6
12100, 5
10700, 6
9700, 5
8748, 5
9200, 6
14600, 6
6924, 5
11448, 5
10924, 6
17300, 6
3252, 5
8101, 6
15200, 6
9700, 5
15300, 7
9000, 4
7547, 6
12900, 4
6600, 4
6900, 4
11300, 6
11000, 6
10582, 6
11300, 6
6616, 5
9124, 6
6300, 4
11324, 7
9016, 5
13000, 5
17300, 6
5652, 5
724, 3
3224, 4
13300, 5
10948, 6
10900, 5
12600, 4
6900, 4
8500, 5
10600, 5
7548, 5
6000, 4
9348, 5
12200, 6
7848, 5
10000, 5
10300, 5
4424, 4
11800, 5
15500, 6
8300, 6
9400, 5
10900, 5
12200, 6
14900, 6
10612, 6
17000, 6
11400, 4
12300, 7
4147, 5
8824, 6
10600, 5
3800, 3
14000, 6
6948, 5
12100, 5
8600, 3
13000, 5
15800, 6
12000, 7
11600, 6
9048, 5
4048, 5
6348, 5
11900, 6
2772, 5
7000, 5
12100, 5
15500, 6
10800, 4
15200, 6
6600, 4
8700, 4
13700, 6
6300, 4
13700, 6
10000, 5
5100, 4
430, 4
11300, 6
10799, 6
11300, 6
756, 4
11900, 6
14000, 6
10700, 6
13400, 6
5700, 4
14600, 6
5381, 5
10400, 6
8148, 5
8200, 5
2354, 5
10924, 6
11900, 6
3848, 4
7800, 4
13100, 6
8100, 4
2352, 5
12800, 6
11300, 6
7454, 5
4500, 4
11600, 6
7948, 6
16100, 6
6600, 4
9800, 6
4168, 6
5724, 5
7824, 5
10000, 5
12500, 6
9600, 4
9400, 5
10348, 6
4500, 4
2054, 5
7600, 5
12500, 6
4626, 5
11124, 5
7000, 5
13600, 5
8303, 7
8500, 5
11300, 6
10000, 5
7848, 5
6000, 4
6624, 5
8800, 5
9100, 5
8800, 5
11500, 5
9400, 5
12100, 5
8800, 5
760, 5
12800, 6
8500, 5
14000, 6
9448, 6
11300, 6
10000, 5
6000, 4
8600, 6
10000, 5
7800, 4
13100, 6
6700, 5
8800, 5
11200, 5
11100, 4
9700, 5
15200, 6
11900, 6
1797, 4
2697, 4
2097, 4
3046, 5
5448, 5
764, 5
2054, 5
10600, 5
3196, 5
2746, 5
3447, 4
1510, 6
6024, 5
8824, 6
6000, 4
5724, 5
3196, 5
3196, 5
2746, 5
2247, 4
10600, 5
11600, 6
7548, 5
6348, 5
3346, 5
2445, 5
2746, 5
1622, 4
13000, 5
2648, 4
8600, 6
12200, 6
7248, 5
11949, 6
11900, 6
8200, 5
3848, 4
12100, 5
12400, 5
7600, 5
13600, 5
14500, 5
11200, 5
12100, 5
6648, 5
11549, 6
7500, 4
9247, 6
7600, 5
15100, 5
11000, 6
11200, 5
12500, 6
5700, 4
12400, 5
8200, 5
6348, 5
11300, 6
2000, 3
760, 4
13900, 5
13400, 6
9348, 5
748, 3
223, 3
2271, 5
3496, 5
1298, 3
10600, 5
8500, 5
13024, 6
9700, 5
3196, 5
3646, 5
2559, 5
2596, 5
11800, 5
9400, 5
8200, 5
7600, 5
1797, 4
3046, 5
1955, 5
3196, 5
17300, 6
6556, 5
11900, 6
6000, 4
1346, 4
227, 4
2397, 4
1472, 4
9554, 6
11900, 6
12500, 6
9700, 5
11600, 6
6024, 5
15000, 7
8600, 6
13400, 6
2415, 5
7300, 5
7900, 5
9400, 5
10000, 5
11800, 5
11000, 6
18000, 7
10100, 6
3697, 5
5848, 5
7300, 5
7300, 5
10597, 5
11300, 6
9800, 6
11000, 6
8500, 5
8968, 6
13900, 5
9700, 5
5545, 4
11900, 6
14600, 6
9200, 6
9424, 6
10700, 6
1947, 4
227, 4
1955, 5
1322, 4
6924, 5
10000, 5
8800, 5
10700, 6
1947, 4
3845, 6
3046, 5
3646, 5
5868, 5
14300, 6
9400, 5
9400, 5
3046, 5
2596, 5
2547, 4
3196, 5
18124, 6
10324, 6
7828, 6
5400, 4
3046, 5
233, 4
1160, 5
4096, 5
8800, 5
758, 4
12300, 7
8300, 6
6948, 5
7800, 4
5400, 4
13300, 5
8500, 5
10300, 5
10000, 5
13700, 6
13000, 5
5700, 4
10700, 6
11500, 5
7200, 4
9384, 6
9400, 5
2348, 4
10548, 5
10600, 5
9400, 5
17100, 7
7600, 5
3198, 4
6948, 5
7300, 5
10700, 6
2948, 4
5249, 6
12200, 6
5952, 5
12400, 5
9948, 5
7500, 4
2896, 5
998, 3
1947, 4
1326, 5
10848, 5
8800, 5
10300, 5
7848, 5
1658, 6
1326, 5
223, 3
3946, 5
12700, 5
10324, 6
10000, 5
11000, 6
3646, 5
2596, 5
3496, 5
3346, 5
13000, 5
4065, 5
9800, 6
11600, 6
2746, 5
2547, 4
3033, 6
3346, 5
8968, 6
10000, 5
8500, 5
11900, 6
15300, 7
12700, 5
10600, 5
1499, 3
9947, 6
12600, 4
11300, 6
11300, 6
8700, 4
4100, 3
6300, 4
4046, 6
7824, 5
9300, 4
2598, 4
12900, 7
6348, 5
6948, 5
11000, 6
4198, 5
20100, 7
9000, 4
9100, 5
15200, 6
7300, 5
9700, 5
12800, 6
4800, 4
12800, 6
8047, 6
12500, 6
7999, 5
10024, 6
3248, 4
8800, 5
6024, 5
10024, 6
9700, 5
9100, 5
10600, 5
11300, 6
9400, 5
7948, 6
10000, 5
10300, 5
6000, 4
6948, 5
2352, 5
2000, 3
8200, 5
10048, 6
12999, 6
9129, 5
8200, 5
10700, 6
10000, 5
5100, 4
11900, 6
10600, 5
1649, 3
13400, 6
10100, 6
9600, 4
5348, 4
2054, 5
9448, 6
9300, 4
9100, 5
4124, 4
9400, 5
9400, 5
10597, 5
9700, 5
6000, 4
12773, 7
8800, 5
9900, 4
14900, 6
8500, 5
10548, 5
3258, 6
8848, 6
10648, 6
9500, 6
13400, 6
3847, 5
6848, 4
9900, 4
5052, 5
7900, 5
756, 4
11900, 6
3252, 5
11200, 5
458, 4
760, 5
3952, 5
10000, 5
12400, 5
14900, 6
13400, 6
8200, 5
6948, 5
3500, 3
7000, 5
13700, 6
4448, 4
15200, 6
4748, 4
12300, 7
7548, 5
9400, 5
7600, 5
2600, 3
12200, 6
5124, 5
11200, 5
7900, 5
9424, 6
11900, 6
9700, 5
11897, 6
12500, 6
14400, 7
9600, 4
17000, 6
11000, 6
11148, 5
11800, 5
8800, 5
3048, 4
12324, 5
9000, 4
6000, 4
12200, 6
9300, 4
6648, 5
5000, 3
13800, 7
16500, 7
7200, 4
10000, 5
11774, 5
7800, 4
12100, 5
12100, 5
8724, 5
10900, 5
9548, 4
9700, 5
11000, 6
14600, 6
12500, 6
10100, 6
3248, 4
8800, 5
8100, 4
7900, 5
8700, 4
7600, 5
12500, 6
11200, 5
12800, 6
13224, 5
10400, 6
7248, 5
18500, 6
13600, 5
3848, 4
12800, 6
11200, 5
10700, 6
4800, 4
10348, 6
6624, 5
9900, 4
9700, 5
11800, 5
10400, 6
8200, 5
11500, 5
6300, 4
10842, 6
10000, 5
14800, 5
9400, 5
11800, 5
11290, 6
8400, 4
10300, 5
5948, 4
11300, 6
9649, 5
7200, 4
10900, 5
10400, 6
8600, 3
10924, 6
10600, 5
11800, 5
18500, 6
15600, 7
12100, 5
2423, 4
16000, 5
1348, 3
11900, 6
14000, 6
6248, 4
748, 3
6047, 6
7600, 5
17300, 6
6300, 4
8200, 5
13100, 6
15200, 6
7900, 5
5724, 5
13700, 6
7000, 5
10700, 6
13100, 6
11500, 5
6900, 4
7300, 5
9348, 5
4524, 5
11500, 5
8400, 4
11600, 6
7900, 5
6848, 4
7824, 5
9800, 6
6924, 5
10000, 5
9100, 5
3901, 6
5124, 5
10000, 5
3848, 4
12400, 5
8500, 5
7900, 5
10300, 5
10400, 6
6600, 4
8200, 5
14600, 6
16300, 5
4953, 5
12200, 6
8248, 6
2600, 3
11248, 6
7900, 5
4800, 4
12748, 6
2924, 4
9300, 4
10924, 6
12100, 5
10600, 5
13000, 5
13000, 5
10900, 5
9300, 4
8800, 5
8599, 5
10300, 5
11600, 6
6924, 5
2048, 4
460, 4
4524, 5
12800, 6
9100, 5
11600, 6
11900, 6
10700, 6
11200, 5
7248, 5
7828, 6
9100, 5
7324, 6
5924, 4
9400, 5
2405, 5
2997, 4
2746, 5
2896, 5
9400, 5
7300, 5
9148, 6
448, 3
3496, 5
2397, 4
1346, 4
2247, 4
13400, 6
12400, 5
8600, 3
6848, 4
3496, 5
2247, 4
3946, 5
2596, 5
16700, 6
8124, 5
12700, 5
10400, 6
2859, 5
1326, 5
3046, 5
3346, 5
10624, 6
2348, 4
3999, 4
6000, 4
466, 5
6000, 4
2048, 4
11200, 5
10900, 5
13600, 5
8800, 5
4148, 4
12448, 6
10600, 5
15800, 6
15500, 6
15400, 5
5300, 3
6900, 4
5900, 3
748, 3
13000, 5
4748, 4
9100, 5
11600, 6
8200, 5
8400, 4
11000, 6
10000, 5
7600, 5
7000, 5
9124, 6
11200, 5
9700, 5
8500, 5
7900, 5
3796, 5
1298, 3
1800, 5
3046, 5
10600, 5
8800, 5
8500, 5
7000, 5
2397, 4
2097, 4
3346, 5
3646, 5
12000, 4
11200, 5
14700, 7
9500, 6
1506, 6
3046, 5
3346, 5
3496, 5
13100, 6
10900, 5
11300, 6
7924, 6
3646, 5
1314, 5
3496, 5
3346, 5
11200, 5
8800, 5
3548, 4
5754, 6
16800, 7
14900, 6
11300, 6
11000, 6
8848, 5
12800, 6
8200, 5
8700, 4
4400, 3
13600, 5
10900, 5
13300, 5
13300, 5
12400, 5
5424, 5
12800, 6
9100, 5
448, 3
7900, 5
7900, 5
9748, 6
6600, 4
7900, 5
9700, 5
9048, 5
11600, 6
13100, 6
9800, 6
4448, 4
8300, 6
11200, 5
6048, 5
3196, 5
2596, 5
3196, 5
223, 3
12100, 5
2954, 5
11000, 6
1754, 5
1352, 5
3046, 5
231, 4
3196, 5
14500, 5
9300, 4
9700, 5
12200, 6
1476, 5
2097, 4
2547, 4
1947, 4
14900, 6
12800, 6
10300, 5
10400, 6
1322, 4
2871, 5
2896, 5
2896, 5
11512, 6
9700, 5
9400, 5
10100, 6
11600, 6
12800, 6
11000, 6
6250, 6
15300, 7
8500, 5
7874, 6
12500, 6
9100, 5
7900, 5
10300, 5
8797, 5
9400, 5
10400, 6
10371, 5
13100, 6
15300, 7
6328, 6
11224, 6
10171, 6
11800, 5
9500, 6
11200, 5
1949, 3
10300, 5
14000, 6
5400, 4
9400, 5
8100, 4
16800, 7
7624, 6
7900, 5
3046, 5
2896, 5
3796, 5
2896, 5
9924, 5
7528, 6
8500, 5
19200, 7
3346, 5
3196, 5
3046, 5
1310, 5
7600, 5
11600, 6
8724, 5
7200, 4
3046, 5
2847, 4
3196, 5
2255, 5
10300, 5
7110, 5
9100, 5
8800, 5
2896, 5
1947, 4
1448, 3
1622, 4
3346, 5
11000, 6
10400, 6
2746, 5
4200, 4
10900, 5
11200, 5
10000, 5
13000, 5
6848, 4
8010, 5
2354, 5
3196, 5
1448, 3
12100, 5
11800, 5
5400, 4
13700, 6
16800, 7
8200, 5
6648, 5
12800, 6
9700, 5
11900, 6
7900, 5
9100, 5
10694, 6
11300, 6
5700, 4
14500, 5
11600, 6
7500, 4
3046, 5
9958, 5
4754, 5
10348, 6
5148, 5
9200, 6
3206, 5
16400, 6
5917, 5
8100, 4
7224, 5
4396, 5
4100, 3
9100, 5
5155, 5
6400, 5
11600, 6
11300, 6
10994, 6
12700, 5
7300, 5
16300, 5
9800, 6
4424, 4
7548, 5
11800, 5
11500, 5
8148, 5
72, 5
14200, 5
8700, 4
8100, 4
10000, 5
2930, 5
10800, 4
12200, 6
3558, 4
7000, 5
8400, 4
10849, 5
10300, 5
7000, 5
15800, 6
3046, 5
9724, 6
6300, 4
8449, 5
9700, 5
10900, 5
8248, 6
16700, 6
8500, 5
11500, 5
8548, 6
3301, 6
11200, 5
5697, 6
12500, 6
700, 2
4470, 5
12700, 5
6400, 5
9600, 4
8800, 5
12700, 5
14100, 7
7900, 5
16400, 6
11600, 6
9400, 5
10600, 5
3800, 3
8147, 6
12800, 6
19200, 7
2928, 5
1622, 4
14900, 6
6548, 4
10000, 5
7703, 5
9599, 5
10300, 5
15800, 6
4149, 4
11100, 4
16200, 7
9700, 5
8100, 4
10400, 6
8700, 4
10600, 5
7000, 5
13100, 6
15200, 6
754, 4
4798, 5
3496, 5
3697, 5
14500, 5
5048, 4
13100, 6
10300, 5
13400, 6
13100, 6
2354, 5
7800, 4
10700, 6
7200, 4
8279, 7
11800, 5
7948, 6
14000, 6
1298, 3
6648, 5
7148, 4
16700, 6
15100, 5
9100, 5
8600, 3
14100, 7
7800, 4
12100, 5
14900, 6
2048, 4
7548, 5
8200, 5
10848, 5
7800, 4
12500, 6
11600, 6
14300, 6
8200, 5
11200, 5
13100, 6
10600, 5
2896, 5
6624, 5
3023, 4
5557, 6
2896, 5
10400, 6
10700, 6
9100, 5
8800, 5
8500, 5
7600, 5
9500, 6
14700, 7
3496, 5
9400, 5
2823, 5
8200, 5
6600, 4
10000, 5
3597, 5
12349, 5
7900, 5
10400, 6
3997, 5
9100, 5
7900, 5
14000, 6
9648, 5
3147, 5
3048, 4
10000, 5
8800, 5
7600, 5
5381, 5
12700, 5
12924, 8
11500, 5
8500, 5
5648, 4
10300, 5
13500, 7
3056, 5
8128, 6
14600, 6
11300, 6
3196, 5
1354, 4
10000, 5
10000, 5
8148, 5
11900, 6
12200, 6
14600, 6
6400, 5
8800, 5
2048, 4
15800, 6
3196, 5
9100, 5
9100, 5
8700, 4
3997, 5
12200, 6
3196, 5
5187, 5
13100, 6
7200, 4
8892, 6
13000, 5
5698, 5
6242, 5
11000, 6
9700, 5
1914, 5
15400, 5
14800, 5
4626, 5
6700, 5
9500, 6
11300, 6
4048, 5
9700, 5
11524, 6
9800, 6
10800, 4
3046, 5
12200, 6
9000, 4
14900, 6
7900, 5
9100, 5
5448, 5
4124, 4
11200, 5
15100, 5
9000, 4
11800, 5
10900, 5
2898, 4
9800, 6
2652, 5
13000, 5
11300, 6
9300, 4
7900, 5
8200, 5
5100, 4
13800, 7
8200, 5
7500, 4
10300, 5
11600, 6
10524, 5
13300, 5
9424, 6
6400, 5
7900, 5
13700, 6
2099, 3
5100, 4
10949, 5
9400, 5
14300, 6
5561, 5
12400, 5
11800, 5
11000, 6
7924, 6
9048, 5
7524, 5
6000, 4
8200, 5
8448, 5
10300, 5
5724, 5
8148, 5
10648, 6
11300, 6
6324, 5
11200, 5
6861, 5
7600, 5
754, 4
9724, 6
10400, 6
7400, 6
5400, 4
13000, 5
4448, 4
9700, 5
10900, 5
11297, 6
3848, 4
10400, 6
12500, 6
9200, 6
8900, 6
13300, 5
10700, 6
10000, 5
6300, 4
12700, 5
8800, 5
12500, 6
7798, 5
10300, 5
2624, 4
6900, 4
4448, 4
15200, 6
3048, 4
5140, 5
8824, 6
15200, 6
10900, 5
10900, 5
8100, 4
11824, 6
3247, 5
3198, 4
10300, 5
4700, 3
3046, 5
6600, 4
10048, 6
12100, 5
6000, 4
1356, 4
11100, 4
12400, 5
11300, 6
17300, 6
9300, 4
8200, 5
10700, 6
10600, 5
10024, 6
7248, 5
11500, 5
13100, 6
10624, 6
6048, 5
8299, 5
10700, 6
10400, 6
9024, 5
7498, 5
2296, 5
11800, 5
6852, 5
12800, 6
11600, 6
6648, 5
6652, 6
10900, 5
3547, 5
10600, 5
7800, 4
8497, 5
3346, 5
5648, 4
10000, 5
6648, 5
8347, 6
756, 4
14000, 6
9900, 4
7300, 5
12200, 6
7200, 4
11900, 6
4797, 5
12500, 6
11600, 6
1348, 3
16200, 7
3601, 6
9400, 5
10324, 6
6900, 4
9100, 5
8800, 5
13100, 6
11621, 7
2354, 5
11800, 5
7848, 5
7900, 5
17800, 5
14300, 6
6900, 4
12200, 6
15200, 6
16200, 7
2271, 5
7000, 5
11500, 5
13000, 5
7232, 6
7400, 3
10000, 5
12500, 6
3695, 6
2796, 5
7828, 6
12200, 6
8200, 5
11800, 5
10700, 6
14700, 7
2997, 4
11500, 5
5700, 4
2748, 4
15600, 7
9348, 5
10600, 5
1952, 5
10900, 5
9500, 6
17473, 6
12100, 5
1622, 4
10000, 5
14700, 7
10000, 5
6300, 4
9700, 5
1598, 3
15600, 7
7224, 5
10900, 5
12324, 5
17800, 8
10400, 6
13192, 6
10400, 6
7800, 4
5155, 5
9700, 5
7900, 5
11748, 5
12400, 5
7900, 5
10300, 5
6600, 4
12200, 6
4148, 4
7234, 7
18000, 7
12500, 6
13600, 5
16000, 5
10300, 5
9700, 5
13700, 6
14600, 6
10000, 5
2924, 4
15500, 6
2247, 4
5048, 4
4948, 5
11800, 5
10300, 5
3198, 4
7800, 4
3048, 4
14800, 5
9800, 6
10900, 5
12900, 7
10300, 5
6048, 5
9100, 5
8500, 5
10000, 5
2048, 4
9100, 5
16500, 7
10700, 6
9700, 5
11000, 6
9449, 6
8800, 5
10700, 6
13400, 6
6042, 7
6000, 4
14500, 5
8424, 5
10700, 6
7500, 4
15800, 6
2628, 5
2924, 4
17700, 7
3196, 5
12200, 6
4128, 5
6000, 4
7848, 5
8700, 4
9100, 5
8748, 5
8500, 5
9648, 5
10624, 6
11600, 6
16700, 6
9148, 6
12500, 6
1622, 4
9100, 5
8384, 5
9924, 5
7300, 5
9400, 5
11600, 6
12800, 6
13700, 6
10624, 6
7924, 6
11252, 6
6348, 5
10900, 5
13100, 6
5448, 5
3196, 5
1350, 5
14800, 5
8400, 4
8224, 6
14100, 7
10000, 5
10700, 6
10600, 5
8500, 5
10700, 6
7317, 6
3496, 5
8500, 5
9000, 4
8800, 5
1654, 4
8500, 5
231, 4
7900, 5
5748, 5
11800, 5
12400, 5
7600, 5
15800, 6
11500, 5
10000, 5
8148, 5
8592, 6
12700, 5
5700, 4
4048, 5
10700, 6
8500, 5
7500, 4
12148, 6
13700, 6
12700, 5
7300, 5
13000, 5
10600, 5
12200, 6
13900, 5
12448, 6
11500, 5
8800, 5
7248, 5
1356, 4
3021, 5
14000, 6
5398, 5
7100, 3
9800, 6
11472, 7
758, 4
15200, 6
7500, 4
6000, 4
10900, 5
10300, 5
2796, 5
11300, 6
7900, 5
6348, 5
1472, 4
5654, 5
14400, 7
12400, 5
9100, 5
11800, 5
3346, 5
10000, 5
14700, 7
1973, 4
2656, 5
5100, 4
3252, 5
12200, 6
10300, 5
7600, 5
11900, 6
8100, 4
4145, 6
8100, 4
7955, 6
10900, 5
9800, 6
12800, 6
10600, 5
3246, 5
8748, 5
9700, 5
15500, 6
2896, 5
2898, 4
3800, 3
11200, 5
9700, 5
15100, 5
13400, 6
15500, 6
9100, 5
11000, 6
10900, 5
4346, 6
12900, 7
13100, 6
9800, 6
8448, 5
11800, 5
14300, 6
2648, 4
8500, 5
9500, 6
14300, 6
10600, 5
10400, 6
9800, 6
9700, 5
10000, 5
14300, 6
9148, 6
11100, 4
13900, 5
11500, 5
8600, 6
12500, 6
12100, 5
10700, 6
12100, 5
10700, 6
3346, 5
8500, 5
10000, 5
10900, 5
15500, 6
8200, 5
5603, 5
14000, 6
7600, 5
6600, 4
9400, 5
6542, 5
9400, 5
9308, 6
2721, 5
15200, 6
14900, 6
11000, 6
8500, 5
8200, 5
9400, 5
8200, 5
470, 6
752, 4
11800, 5
11600, 6
8500, 5
13300, 5
12500, 6
14600, 6
11500, 5
11000, 6
6948, 5
2271, 5
8800, 5
6900, 4
3847, 5
13300, 5
9400, 5
7600, 5
9200, 6
7600, 5
11000, 6
10000, 5
5024, 4
16500, 7
17800, 8
12600, 7
4148, 4
10252, 6
5700, 4
3748, 5
12800, 6
732, 4
7400, 6
9400, 5
6100, 5
6900, 4
15900, 7
11900, 6
8148, 5
10400, 6
12724, 6
13700, 6
10700, 6
5483, 6
12500, 6
8500, 5
2847, 4
12500, 6
5700, 4
12424, 6
11200, 5
10100, 6
12800, 6
5248, 5
10600, 5
7527, 6
2746, 5
3646, 5
3849, 4
10100, 6
7600, 5
8116, 7
6348, 5
11500, 5
1947, 4
14000, 6
9100, 5
456, 4
2596, 5
6699, 4
3247, 5
8100, 4
5400, 4
1354, 4
8200, 5
12500, 6
9700, 5
3196, 5
7800, 4
9500, 6
15500, 6
15724, 6
8500, 5
12600, 4
3849, 4
11000, 6
7300, 5
7300, 5
17000, 6
12200, 6
2882, 5
9024, 5
6948, 5
12700, 5
13100, 6
5100, 4
14800, 5
16700, 6
6300, 4
1772, 4
7300, 5
9500, 6
11300, 6
10700, 6
10600, 5
9400, 5
2648, 4
3096, 5
9700, 5
11500, 5
14300, 6
11700, 7
7600, 5
8800, 5
7148, 4
11500, 5
7552, 6
12100, 5
11600, 6
6000, 4
10900, 5
4196, 6
7548, 5
12200, 6
10100, 6
7300, 5
5124, 5
10624, 6
13300, 5
7200, 6
8200, 5
10600, 5
10600, 5
5171, 4
7100, 3
13700, 6
13300, 5
10900, 5
10700, 6
7948, 6
6300, 4
3496, 5
12400, 5
3196, 5
6348, 5
5648, 4
7900, 5
5348, 4
8300, 3
7248, 5
8148, 5
9400, 5
8800, 5
9400, 5
12100, 5
8806, 4
13100, 6
11800, 5
4948, 5
6700, 5
11147, 7
12800, 6
11499, 6
9400, 5
8200, 5
2896, 5
13200, 7
12500, 6
11000, 6
10400, 6
13900, 5
14900, 6
3848, 4
17600, 6
9700, 5
2411, 4
5700, 4
6152, 7
13100, 6
9624, 5
17100, 7
12800, 6
9500, 6
8748, 5
2948, 4
3397, 5
64, 3
10300, 5
2547, 4
11300, 6
4948, 5
14900, 6
12648, 5
13948, 6
9700, 5
