Evaluations, Played
532166, 10
974000, 8
384000, 7
524000, 8
1032320, 9
704160, 8
1632320, 9
846000, 7
1450000, 9
1202080, 10
410000, 8
578000, 8
882000, 10
602350, 8
1361440, 10
1121360, 9
990324, 10
1144000, 9
1244000, 8
650720, 9
1267440, 8
712160, 9
1114160, 9
892160, 9
1094000, 8
506000, 8
403440, 8
336000, 7
1984000, 9
924160, 10
1436324, 11
774724, 9
1096000, 9
560000, 8
682320, 8
672320, 9
340320, 8
740376, 9
1066640, 9
486000, 7
416720, 9
128760, 9
464160, 8
1008330, 10
1406720, 9
1148000, 8
1458320, 9
310300, 8
1986326, 10
674000, 8
950198, 9
828000, 10
812000, 8
2012000, 11
784000, 9
1084160, 9
998720, 9
1802000, 8
812000, 8
532000, 9
630000, 7
632000, 8
624000, 7
476000, 8
1510000, 9
1106000, 8
864320, 9
154560, 8
1144330, 9
728000, 8
1286000, 8
408160, 7
976160, 9
990720, 11
1134000, 7
992000, 8
592724, 8
560726, 10
932720, 9
1041440, 9
954330, 11
794000, 8
1220000, 8
782000, 8
642080, 9
1248160, 10
1188160, 10
1036160, 9
914000, 8
1420000, 9
574326, 9
508320, 8
1342166, 10
932000, 8
588320, 9
640320, 8
1010640, 8
916170, 10
654000, 10
930728, 9
603440, 9
1496000, 8
1222000, 9
348196, 8
652330, 9
930724, 9
266092, 8
788160, 8
540000, 7
602000, 8
1435684, 9
494160, 8
1726720, 10
1090160, 9
854000, 8
572160, 8
2088000, 10
518190, 10
722000, 8
474000, 7
504160, 7
552000, 7
526320, 8
552720, 8
590000, 8
842000, 8
408000, 7
998000, 8
554320, 7
610332, 9
1292160, 8
1336000, 9
1546000, 9
670160, 9
500000, 8
1161376, 10
1144000, 9
1518000, 10
758654, 9
1330170, 10
1298160, 8
736320, 8
844332, 9
844000, 9
1234000, 9
1120326, 9
1154000, 8
628000, 9
878000, 8
1408324, 9
1212320, 9
412000, 6
492176, 8
1070720, 9
920000, 8
978324, 10
662000, 8
1099450, 10
668000, 8
1452000, 7
402000, 7
606000, 7
942320, 9
482000, 8
1210000, 9
794000, 8
584000, 8
464160, 8
672080, 9
942000, 7
880000, 9
656000, 8
534720, 8
754328, 9
1190000, 8
398160, 8
1244000, 8
1480320, 8
1204000, 9
926000, 8
280000, 6
644652, 9
604160, 9
982164, 10
651450, 10
862646, 10
1434330, 10
628000, 9
996320, 9
724160, 9
1824640, 10
772338, 9
1006000, 9
444000, 7
832160, 9
1298720, 9
916000, 9
440000, 8
724000, 9
570000, 7
742000, 9
1840000, 9
1636000, 9
496000, 9
1344320, 9
1456640, 9
790000, 9
992000, 8
1012166, 10
252310, 8
684000, 7
1570000, 9
770000, 8
354000, 7
684320, 9
748320, 8
342000, 7
88978, 8
52217, 6
1570160, 9
1714330, 9
1120160, 9
860000, 8
444000, 7
464164, 9
584000, 8
1542000, 10
622000, 9
739458, 9
398320, 7
502000, 6
1120000, 9
710172, 9
858000, 7
1324640, 9
833440, 10
336164, 8
890000, 8
972728, 9
1264320, 8
578160, 8
1499440, 10
872640, 8
1004000, 8
834320, 9
1994324, 11
408000, 7
626000, 8
807440, 9
682000, 9
1072160, 9
816080, 9
491162, 10
1352000, 8
922332, 9
916000, 9
830104, 8
1390000, 9
1018000, 9
952160, 9
1338652, 8
716720, 9
1274000, 8
1752320, 9
788000, 8
972320, 9
928000, 9
500090, 8
334000, 6
856324, 9
896000, 8
1788000, 10
1932000, 9
1496160, 8
1086730, 10
902000, 8
716000, 8
1548000, 10
1022000, 8
482000, 8
1022000, 8
1048000, 9
658320, 8
526000, 9
878000, 8
512000, 8
954080, 9
682000, 6
998720, 9
905440, 10
1078000, 9
928000, 9
1744330, 9
534000, 7
302080, 7
356240, 8
1126320, 8
2440000, 9
772000, 9
1418320, 10
590000, 8
1702000, 9
1032342, 11
495754, 9
832640, 9
986000, 8
414000, 7
404000, 8
940000, 9
1084720, 10
1388320, 10
1028172, 10
972320, 9
684320, 9
748648, 10
812090, 8
560320, 7
682320, 8
852000, 7
946000, 9
1328000, 8
438000, 7
938644, 9
570000, 7
1486000, 9
790080, 8
336720, 8
1090332, 9
1006320, 8
794168, 9
812000, 8
650160, 8
667440, 8
732080, 9
1082000, 8
2378320, 10
688640, 9
926000, 8
1284080, 9
1110000, 7
660720, 8
312000, 7
572174, 9
914000, 8
704000, 8
1108160, 9
632000, 8
736160, 9
404000, 8
904000, 9
1234320, 8
940000, 9
1212320, 9
429046, 8
1422320, 9
595440, 8
860000, 8
656720, 9
602000, 8
890000, 8
592366, 11
786320, 9
1000000, 9
754000, 9
1035444, 10
674000, 8
404000, 8
776720, 9
950000, 8
648720, 8
834080, 9
1498160, 9
995440, 10
392164, 9
428000, 8
836000, 8
500000, 8
802000, 9
756320, 9
504720, 8
888326, 10
1034164, 9
206000, 5
611360, 9
650000, 8
939440, 9
400320, 8
1418000, 8
390000, 7
834332, 10
1374320, 9
611440, 7
414000, 7
857360, 9
810000, 7
342000, 7
1372000, 9
1056320, 9
1260724, 9
934334, 9
693440, 9
752000, 8
2202640, 10
1730184, 9
764160, 8
396000, 7
1106000, 8
562320, 8
799460, 10
1348640, 9
704000, 8
680000, 8
634000, 9
916000, 9
1798160, 9
812000, 8
394720, 7
604366, 10
330000, 7
214294, 8
548000, 8
830720, 9
1044160, 10
972320, 9
932000, 8
1426160, 9
1082320, 7
846336, 10
1410000, 10
578000, 8
528000, 7
596000, 8
1624166, 10
1174640, 9
666160, 7
688240, 9
658164, 10
440000, 8
700392, 9
1030320, 8
1028000, 8
1888160, 9
1024000, 9
524000, 8
494160, 8
1198000, 9
1312160, 9
1498160, 9
716000, 8
640000, 9
603360, 8
818000, 8
826164, 10
547040, 9
509333, 7
638000, 8
548172, 9
1134184, 8
1198644, 10
574000, 9
1251440, 9
1818080, 9
620000, 8
536320, 7
807366, 9
1058000, 8
1137446, 10
444000, 7
365448, 8
1350000, 10
774000, 10
735440, 9
896720, 9
324506, 9
1140326, 10
650000, 8
556160, 9
1862320, 10
378160, 7
532084, 9
2266000, 9
716000, 8
656000, 8
458386, 9
988000, 9
498000, 7
614000, 8
440000, 8
1066648, 10
1214000, 8
970338, 10
1492160, 9
838000, 9
350160, 8
670000, 9
740000, 8
1136000, 8
514387, 10
756320, 9
1300160, 9
