Evaluations, Played
1960, 5
6450, 6
7575, 6
6225, 6
5025, 5
4322, 6
1989, 5
2917, 6
4000, 7
5925, 5
8775, 7
3375, 4
6450, 6
4725, 4
3600, 4
5850, 7
5700, 5
6600, 5
3867, 6
8550, 7
7125, 6
7050, 5
4800, 5
3450, 5
5167, 5
6900, 6
5025, 5
5250, 5
5100, 6
8850, 8
6450, 6
3900, 5
2166, 5
8700, 6
6000, 6
8100, 7
2222, 5
4800, 5
2271, 5
6000, 6
1655, 5
6600, 5
4650, 6
5025, 5
3032, 5
4009, 6
1685, 5
3900, 5
5925, 5
6225, 6
5025, 5
4575, 5
5775, 6
2625, 3
2847, 6
2925, 4
2084, 4
5100, 6
2469, 5
5700, 5
5700, 5
5775, 6
6000, 6
4907, 6
1531, 5
6000, 6
5025, 5
5025, 5
9675, 7
5025, 5
6000, 6
5775, 6
8025, 6
2953, 6
9675, 7
14250, 8
5625, 4
5250, 5
8250, 6
8250, 6
8025, 6
3375, 4
3825, 4
66, 3
5700, 5
6150, 5
1950, 3
5475, 5
4275, 4
1524, 4
74, 4
7125, 6
1548, 4
4098, 5
5025, 5
4998, 5
6375, 5
1755, 5
6600, 5
4800, 5
7350, 6
1098, 4
4125, 5
2846, 5
10350, 7
7050, 5
8475, 6
4050, 4
7575, 6
5775, 6
5250, 5
5925, 5
5250, 5
3825, 4
6825, 5
6375, 5
8550, 7
2977, 6
4800, 5
4425, 6
9375, 6
3900, 5
6900, 6
300, 2
879, 5
1094, 5
5748, 6
5025, 5
7350, 6
12600, 7
6000, 6
9375, 6
4050, 4
6450, 6
5475, 5
5475, 5
8400, 5
4050, 4
7725, 5
68, 4
2625, 3
9225, 7
10125, 7
5625, 4
4062, 5
3600, 4
8475, 6
3300, 3
4725, 4
4050, 4
5925, 5
6900, 6
10800, 7
74, 5
6375, 5
3375, 4
10125, 7
8700, 6
7575, 6
5475, 5
7350, 6
7275, 5
6150, 5
9525, 8
6675, 6
7800, 6
879, 5
5475, 5
4950, 4
8250, 6
2724, 5
8925, 6
4173, 6
4125, 5
4800, 5
5925, 5
7575, 6
7098, 6
5700, 5
8550, 7
4800, 5
3423, 5
5700, 5
4800, 5
6174, 6
4200, 3
5925, 5
573, 3
7998, 6
8025, 6
1773, 4
5550, 6
4125, 5
6150, 5
11100, 8
4202, 6
324, 3
4125, 5
7875, 7
3675, 5
7350, 6
6600, 5
72, 4
13575, 8
8175, 5
5925, 5
8925, 6
4500, 4
7800, 6
66, 3
5250, 5
4800, 5
7350, 6
3825, 4
9450, 7
1548, 4
1643, 5
10125, 7
6675, 6
1755, 5
6000, 6
5025, 5
6450, 6
5550, 6
5700, 5
6150, 5
573, 3
1078, 5
9450, 7
2925, 4
6000, 6
5475, 5
7125, 6
5250, 5
3825, 4
3900, 5
1102, 5
5025, 5
3600, 4
4398, 6
4350, 5
2002, 5
5700, 5
4800, 5
2622, 5
617, 5
4575, 5
5025, 5
825, 3
3423, 5
1773, 4
5550, 6
6450, 6
3859, 5
5025, 5
7800, 6
5250, 5
6450, 6
5250, 5
7350, 6
4120, 6
2102, 5
8775, 7
5250, 5
2322, 4
3600, 4
9675, 7
7125, 6
3032, 5
1098, 4
4323, 5
6000, 6
1661, 4
2223, 4
6450, 6
579, 4
5550, 6
3198, 5
5250, 5
2073, 5
5925, 5
6900, 6
1275, 3
4350, 5
849, 4
7425, 7
6675, 6
6225, 6
3331, 6
5775, 6
4374, 6
8100, 7
7575, 6
5925, 5
6675, 6
5025, 5
4259, 6
1698, 6
505, 5
3825, 4
5025, 5
6675, 6
6900, 6
4098, 5
5775, 6
6675, 6
7350, 6
8550, 7
7875, 7
6000, 6
3900, 5
4800, 5
3150, 4
1430, 5
1806, 5
6225, 6
4074, 5
6900, 6
3375, 4
5049, 6
3150, 6
6600, 5
8025, 6
849, 4
5250, 5
3142, 5
5025, 5
4828, 7
7709, 7
5475, 5
9825, 6
1548, 4
2298, 5
5775, 6
6900, 6
4398, 6
4575, 5
3127, 5
4875, 6
1275, 3
4575, 5
6225, 6
4575, 5
8925, 6
5274, 6
1327, 5
10800, 7
5700, 5
2860, 5
1906, 5
5298, 6
4275, 4
4275, 4
4800, 5
1102, 5
8025, 6
5250, 5
4575, 5
4800, 5
1327, 5
2553, 5
7575, 6
4350, 5
5049, 6
1967, 5
2091, 5
5925, 5
4050, 4
7575, 6
7125, 6
3198, 5
4350, 5
2523, 5
8475, 6
5925, 5
3225, 5
7350, 6
3375, 4
4125, 5
4398, 6
5475, 5
8250, 6
7350, 6
3117, 5
6900, 6
5925, 5
7125, 6
7875, 7
6450, 6
4350, 5
1979, 5
2776, 5
4725, 4
7350, 6
7125, 6
4950, 4
3375, 4
3648, 5
3727, 6
873, 4
4800, 5
4848, 6
8700, 6
5925, 5
2130, 5
8250, 6
10350, 7
5775, 6
9675, 7
5925, 5
4950, 4
6000, 6
2775, 5
8775, 7
4350, 5
873, 4
6600, 5
2523, 5
1989, 5
4575, 5
7350, 6
5775, 6
4575, 5
6150, 5
5700, 5
360, 5
5475, 5
6000, 6
4125, 5
5775, 6
5025, 5
879, 5
4050, 4
5325, 6
6150, 5
9225, 7
3825, 4
853, 5
7350, 6
3375, 4
3900, 5
5250, 5
5025, 5
6600, 5
2700, 4
2973, 5
6399, 6
7374, 7
7050, 5
6000, 6
4350, 5
7350, 6
4125, 5
8025, 6
5550, 6
913, 5
6825, 5
6225, 6
9225, 7
4950, 4
7050, 5
1661, 4
7800, 6
9150, 6
5949, 6
5475, 5
4575, 5
8700, 6
8325, 7
2895, 6
5925, 5
5325, 6
7800, 6
6600, 5
5925, 5
2468, 5
5925, 5
3150, 4
9525, 8
6000, 6
3825, 4
2782, 6
5700, 5
3675, 5
7125, 6
4173, 6
4398, 6
332, 4
6450, 6
3873, 5
4575, 5
1050, 3
825, 3
6900, 6
3600, 4
6593, 6
6150, 5
6150, 5
825, 3
4998, 5
4350, 5
2475, 4
4800, 5
5025, 5
5925, 5
3900, 5
1755, 5
5601, 7
7350, 6
511, 4
5475, 5
2553, 5
6900, 6
4858, 5
9675, 7
4275, 4
5325, 6
3675, 5
6375, 5
6150, 5
6150, 5
8775, 7
2700, 4
5475, 5
5475, 5
5025, 5
6150, 5
7800, 6
8550, 7
6825, 5
5475, 5
48, 2
1548, 4
6675, 6
4575, 5
6150, 5
9450, 7
9900, 7
70, 4
4800, 5
1725, 3
6150, 5
1329, 5
1998, 4
5775, 6
7575, 6
8250, 6
6900, 6
3450, 5
358, 4
5925, 5
2298, 5
5700, 5
1531, 5
5250, 5
6600, 5
2250, 4
5475, 5
4575, 5
6900, 6
2891, 5
2245, 5
3600, 4
6825, 5
1694, 5
4323, 5
4125, 5
2700, 4
4350, 5
5250, 5
3150, 4
4500, 4
4623, 6
5073, 6
2622, 5
4800, 5
2505, 6
4324, 6
11550, 8
12225, 8
7350, 6
6225, 6
6150, 5
4125, 5
3249, 6
1334, 5
5250, 5
7350, 6
4350, 5
3173, 5
5475, 5
2917, 5
6900, 6
4350, 5
8487, 7
9450, 7
4125, 5
7350, 6
7125, 6
5475, 5
3150, 4
4575, 5
9000, 7
5700, 5
3675, 5
5475, 5
2625, 3
3450, 5
5325, 6
3116, 5
6000, 6
5250, 5
5475, 5
5250, 5
6900, 6
5775, 6
6900, 6
3924, 6
6450, 6
4800, 5
4125, 5
6900, 6
5025, 5
5325, 6
2925, 4
2271, 5
7350, 6
2975, 5
5700, 5
3900, 5
2203, 5
4125, 5
6675, 6
5022, 7
7800, 6
11475, 7
3675, 5
6450, 6
5274, 6
5475, 5
4275, 4
10875, 8
5250, 5
70, 4
7350, 6
3873, 5
6450, 6
5700, 5
3825, 4
5026, 5
5700, 5
6600, 5
4950, 4
8250, 6
3825, 4
10350, 7
8025, 6
8025, 6
3514, 6
6600, 5
6399, 6
5475, 5
4065, 6
4575, 5
68, 4
5700, 5
5925, 5
9000, 7
7575, 6
11475, 7
1998, 4
5475, 5
5400, 4
5025, 5
5475, 5
7125, 6
6900, 6
3648, 5
2175, 3
8475, 6
5400, 4
4800, 5
6000, 6
4050, 4
2729, 6
11175, 6
5025, 5
3600, 4
2175, 3
5925, 5
1299, 4
1779, 5
5550, 6
5925, 5
4350, 5
7500, 5
2673, 4
3825, 4
585, 4
573, 3
354, 4
4350, 5
6000, 6
7050, 5
9225, 7
4800, 5
74, 4
5250, 5
4500, 4
5073, 6
1548, 4
1548, 4
5625, 4
8700, 6
11550, 8
2691, 5
6600, 5
8025, 6
3924, 6
5925, 5
64, 3
6900, 6
7050, 5
7050, 5
1773, 4
8775, 7
5625, 4
4098, 5
6150, 5
1158, 4
9000, 7
2800, 6
5250, 5
4374, 6
1867, 5
7575, 6
3198, 5
5325, 6
3600, 4
4575, 5
5049, 6
5925, 5
5475, 5
877, 5
9225, 7
3675, 5
4575, 5
1755, 5
5100, 6
5325, 6
2523, 5
885, 6
9525, 5
3078, 6
4950, 4
2128, 6
7575, 6
3375, 4
5499, 6
5025, 5
9675, 7
5100, 6
7275, 5
2700, 4
3150, 4
3825, 4
6000, 6
6450, 6
3600, 4
1643, 5
3423, 5
3825, 4
8250, 6
4623, 6
5509, 6
4800, 5
6150, 5
8250, 6
1802, 4
2949, 5
2925, 4
3849, 5
330, 4
5250, 5
6075, 4
5700, 5
5250, 5
4050, 4
5475, 5
5172, 6
3948, 6
2475, 4
5925, 5
4575, 5
9000, 7
9150, 6
3675, 5
6000, 6
6675, 6
4882, 7
9000, 7
5285, 7
7800, 6
6399, 6
3977, 6
5025, 5
3249, 6
6225, 6
3423, 5
2724, 5
2973, 5
4173, 6
4299, 5
3600, 4
8025, 6
2748, 5
7575, 6
3699, 6
2700, 4
5700, 5
5775, 6
6600, 5
4650, 6
6273, 7
6675, 6
5100, 6
6225, 6
2925, 4
4575, 5
3648, 5
3150, 4
3586, 6
4050, 4
4350, 5
4275, 4
11550, 8
2356, 5
3450, 5
5475, 5
6675, 6
3201, 5
1726, 5
5475, 5
2356, 5
2700, 4
3050, 6
3174, 5
4350, 5
5475, 5
8100, 7
4275, 4
3423, 5
5025, 5
4308, 5
9600, 6
4725, 4
3825, 4
6675, 6
5925, 5
5775, 6
3648, 5
6600, 5
5250, 5
1698, 6
4125, 5
6900, 6
4398, 6
6900, 6
5274, 6
8250, 6
1104, 5
825, 3
4725, 4
5475, 5
4500, 4
5025, 5
6624, 6
6000, 6
5700, 5
5925, 5
4800, 5
3809, 6
5250, 5
8298, 7
654, 5
5250, 5
7125, 6
10050, 6
3423, 5
4575, 5
8925, 6
1904, 6
1098, 4
5550, 6
873, 4
6225, 6
6450, 6
6000, 6
1552, 5
2625, 3
3873, 5
5250, 5
1158, 4
6375, 5
1967, 5
7050, 5
1074, 4
4575, 5
3825, 4
6225, 6
1046, 4
6675, 6
8700, 6
4575, 5
4575, 5
4950, 4
2823, 6
6900, 6
2835, 5
3858, 5
4500, 4
3675, 5
3375, 4
2539, 5
5523, 6
4773, 5
5250, 5
2748, 5
7575, 6
4650, 6
6450, 6
3198, 5
1520, 4
7575, 6
7200, 7
5250, 5
3648, 5
8250, 6
7200, 7
5925, 5
4800, 5
6000, 6
7125, 6
9150, 6
5925, 5
2565, 6
5700, 5
3900, 5
4149, 6
3000, 5
3063, 6
6900, 6
1098, 4
4800, 5
2523, 5
6675, 6
873, 4
879, 5
4350, 5
1520, 4
3600, 4
6225, 6
5250, 5
7350, 6
6958, 6
883, 6
4350, 5
3699, 6
3375, 4
1759, 4
6600, 5
1867, 5
5700, 5
7350, 6
7125, 6
1606, 4
5925, 5
8025, 6
5325, 6
3600, 4
2925, 4
4173, 6
3375, 4
1966, 5
1777, 5
5025, 5
4098, 5
5775, 6
5083, 5
5100, 6
4575, 5
5025, 5
4323, 5
6225, 6
5060, 6
1323, 4
8250, 6
3198, 5
4848, 6
5250, 5
3163, 6
5025, 5
4350, 5
5250, 5
5700, 5
519, 5
6900, 6
3600, 4
4350, 5
2700, 4
2824, 6
2748, 5
6900, 6
4125, 5
855, 5
5250, 5
7350, 6
2091, 5
6450, 6
4575, 5
1463, 6
9150, 6
5250, 5
2712, 5
3586, 6
7350, 6
5550, 6
5700, 5
7575, 6
6900, 6
2609, 5
5775, 6
5175, 4
5475, 5
8700, 6
78, 5
6150, 5
1773, 4
3798, 4
7500, 5
8325, 7
10125, 7
7125, 6
5250, 5
4575, 5
5775, 6
1755, 5
6225, 6
6150, 5
66, 3
4050, 4
8025, 6
579, 4
6675, 6
525, 2
6150, 5
1294, 5
2227, 5
5250, 5
4275, 4
3675, 5
1646, 4
2925, 4
2077, 6
7800, 6
5475, 5
4374, 6
7350, 6
4050, 4
1783, 5
3825, 4
3723, 6
5700, 5
7650, 7
5775, 6
5025, 5
6675, 6
8100, 7
3600, 4
4875, 6
5475, 5
6600, 5
5475, 5
5700, 5
4623, 6
5060, 6
7350, 6
5325, 6
6900, 6
6075, 4
6375, 5
78, 5
3825, 4
4800, 5
2748, 5
4800, 5
9225, 7
2468, 5
4800, 5
4275, 4
2274, 5
4575, 5
3150, 4
6225, 6
9150, 6
6375, 5
7575, 6
10125, 7
4125, 5
3868, 6
7275, 5
4800, 5
64, 3
4500, 4
3375, 4
9000, 7
4275, 4
12000, 8
3375, 4
8925, 6
4773, 5
6450, 6
5724, 6
5025, 5
2203, 5
7575, 6
3375, 4
3675, 5
2850, 3
6000, 6
7350, 6
579, 4
6375, 5
6900, 6
825, 3
3450, 5
9900, 7
5250, 5
6900, 6
3873, 5
5250, 5
3423, 5
6000, 6
7050, 5
10800, 7
8925, 6
5475, 5
4500, 4
4398, 6
1158, 4
3150, 4
3900, 5
2818, 6
8400, 5
7800, 6
4725, 4
5025, 5
1755, 5
7275, 5
5925, 5
4725, 4
2209, 4
4050, 4
7050, 5
5925, 5
5475, 5
6150, 5
1018, 4
4103, 5
1755, 5
915, 4
1871, 4
4800, 5
4125, 5
1991, 5
7350, 6
6825, 5
5700, 5
8250, 6
5475, 5
4149, 6
9150, 6
2916, 5
4350, 5
3516, 6
4629, 6
5475, 5
6375, 5
2847, 6
6900, 6
6375, 5
4625, 6
2400, 3
7125, 6
3460, 5
6150, 5
5925, 5
6387, 6
7125, 6
1078, 5
5700, 5
9525, 8
2813, 5
6600, 5
6000, 6
4800, 5
5475, 5
6675, 6
6675, 6
10125, 7
2590, 4
5700, 5
4575, 5
5250, 5
2625, 3
6375, 5
4575, 5
70, 4
8025, 6
5025, 5
5175, 4
4575, 5
6900, 6
7800, 6
48, 2
7725, 5
9000, 7
8250, 6
3150, 4
4548, 5
12450, 8
525, 2
6150, 5
6225, 6
5775, 6
6600, 5
6825, 5
4824, 6
5700, 5
6525, 7
11250, 7
5400, 4
3445, 6
4350, 5
5025, 5
6000, 6
6225, 6
5550, 6
1773, 4
3150, 4
7125, 6
7500, 5
6675, 6
2091, 5
5475, 5
5250, 5
4275, 4
7575, 6
5550, 6
4575, 5
5175, 4
5100, 6
6225, 6
4623, 6
3150, 4
4050, 4
7050, 5
6450, 6
5475, 5
6000, 6
5949, 6
5025, 5
9225, 7
7575, 6
4800, 5
4875, 6
2523, 5
2510, 5
5223, 5
7125, 6
6825, 5
8250, 6
1979, 5
1323, 4
1406, 5
3225, 5
4998, 5
4575, 5
7500, 5
4350, 5
1050, 3
5700, 5
6675, 6
1098, 4
7350, 6
4050, 4
4800, 5
5700, 5
3726, 6
4275, 4
797, 4
5025, 5
8025, 6
6450, 6
9600, 6
585, 5
7875, 7
8550, 7
5499, 6
4535, 5
5700, 5
3648, 5
5550, 6
3900, 5
4197, 5
5550, 6
2271, 5
5025, 5
1685, 5
4800, 5
4275, 4
5025, 5
3304, 6
5250, 5
5025, 5
2925, 4
3900, 5
5550, 6
5700, 5
4125, 5
4350, 5
4398, 6
6900, 6
2527, 6
5700, 5
5700, 5
680, 5
5325, 6
7125, 6
8673, 6
8025, 6
4800, 5
6000, 6
7800, 6
2274, 5
5700, 5
479, 5
5475, 5
6375, 5
3849, 5
5700, 5
3123, 4
4275, 4
1050, 3
8100, 7
3825, 4
3427, 6
5250, 5
4050, 4
3225, 5
7575, 6
6000, 6
4547, 6
4206, 6
5700, 5
1270, 4
7125, 6
3450, 5
3648, 5
6150, 5
4125, 5
4575, 5
6150, 5
2724, 5
6525, 7
4125, 5
5025, 5
1318, 5
5775, 6
7125, 6
5775, 6
5775, 6
5073, 6
5748, 6
5025, 5
2356, 5
6257, 6
3675, 5
3900, 5
7042, 6
3900, 5
4575, 5
5700, 5
449, 3
3900, 5
1800, 4
6900, 6
4875, 6
6450, 6
7350, 6
1755, 5
5475, 5
5475, 5
3825, 4
5250, 5
8550, 7
5775, 6
6000, 6
5475, 5
9000, 7
8250, 6
1275, 3
1098, 4
873, 4
6450, 6
4770, 7
5400, 4
5475, 5
6451, 6
4050, 4
2077, 6
2523, 5
5475, 5
6198, 6
4575, 5
3375, 4
8700, 6
5025, 5
4125, 5
5917, 6
5775, 6
5775, 6
3648, 5
3375, 4
5025, 5
2925, 4
1918, 5
6900, 6
5325, 6
1275, 3
5250, 5
6150, 5
1882, 5
4125, 5
6000, 6
5925, 5
4575, 5
3150, 4
5325, 6
4800, 5
2250, 4
4398, 6
3648, 5
6150, 5
3900, 5
6900, 6
6450, 6
5550, 6
7880, 7
4575, 5
4575, 5
7125, 6
3409, 5
5700, 5
4350, 5
3375, 4
5323, 7
5700, 5
5073, 6
3648, 5
5475, 5
6000, 6
4725, 4
4098, 5
7350, 6
1773, 4
3900, 5
3150, 4
5025, 5
4500, 4
4500, 4
9225, 7
1755, 5
6600, 5
4800, 5
4323, 5
6150, 5
6375, 5
7575, 6
5025, 5
3340, 6
8060, 7
7200, 7
6900, 6
5475, 5
3117, 5
6825, 5
1998, 4
5700, 5
2949, 5
5550, 6
6450, 6
549, 6
2700, 4
3825, 4
4575, 5
5775, 6
9450, 7
6675, 6
2925, 4
4623, 6
7575, 6
7575, 6
3423, 5
9600, 6
5775, 6
5250, 5
2724, 5
4800, 5
5025, 5
2700, 4
3423, 5
3900, 5
6521, 6
3825, 4
7050, 5
3675, 5
6675, 6
2355, 5
7125, 6
8700, 6
6900, 6
3600, 4
300, 2
7800, 6
2937, 6
4832, 5
6375, 5
8250, 6
5323, 7
6450, 6
5700, 5
3173, 5
5775, 6
3525, 3
7125, 6
60, 3
8175, 5
4275, 4
4500, 4
8250, 6
7725, 5
6375, 5
74, 5
4749, 5
6150, 5
6900, 6
6150, 5
3600, 4
5850, 4
5250, 5
5625, 4
4800, 5
3059, 5
6375, 5
5250, 5
4575, 5
5250, 5
6375, 5
2700, 4
6450, 6
3900, 5
6450, 6
3825, 4
7575, 6
4350, 5
3300, 3
1552, 5
6825, 5
5100, 6
4800, 5
4350, 5
1998, 4
5250, 5
5475, 5
5073, 6
5175, 4
300, 2
7800, 6
5250, 5
5475, 5
6225, 6
4725, 4
579, 4
4350, 5
7050, 5
5700, 5
1104, 5
873, 4
7350, 6
2625, 3
324, 3
78, 5
6375, 5
7275, 5
7125, 6
577, 4
6825, 5
5400, 4
6600, 5
9450, 7
3142, 5
2279, 4
8325, 7
7350, 6
2652, 5
48, 2
9675, 7
4050, 4
6150, 5
4773, 5
4800, 5
7575, 6
5025, 5
6375, 5
1643, 5
5025, 5
7125, 6
3900, 5
4800, 5
8775, 7
7350, 6
7500, 5
6450, 6
2625, 3
5925, 5
6000, 6
3525, 3
4848, 6
3873, 5
4275, 4
4575, 5
6150, 5
4824, 6
5250, 5
3445, 6
3975, 3
4500, 4
8925, 6
9225, 7
5475, 5
1979, 5
1548, 4
1102, 5
4800, 5
5700, 5
5175, 4
5475, 5
5025, 5
1867, 5
2748, 5
2973, 5
5550, 6
2553, 5
9150, 6
60, 3
8400, 5
7800, 6
11925, 7
9825, 6
7275, 5
2673, 4
48, 2
5175, 4
12675, 8
8925, 6
13350, 8
9900, 7
10350, 7
12000, 8
4950, 4
5925, 5
5475, 5
7800, 6
6150, 5
3600, 4
3075, 3
2475, 4
4950, 4
4500, 4
6009, 6
4576, 5
5025, 5
3150, 4
3600, 4
5925, 5
4275, 4
8175, 5
3142, 5
7125, 6
8250, 6
6150, 5
1323, 4
5250, 5
2850, 3
11925, 7
3375, 4
4950, 4
5850, 4
2469, 5
2097, 4
7500, 5
2625, 3
4950, 4
6150, 5
5475, 5
4500, 4
8475, 6
2315, 5
8475, 6
6375, 5
9000, 7
5700, 5
1725, 3
8250, 6
2546, 4
3600, 4
6225, 6
4500, 4
4275, 4
5925, 5
9150, 6
2207, 4
3375, 4
5025, 5
1074, 4
8700, 6
8475, 6
4275, 4
9150, 6
4275, 4
3059, 5
5475, 5
8475, 6
6150, 5
6375, 5
2582, 5
2091, 5
12375, 7
3825, 4
4125, 5
5025, 5
5700, 5
1767, 5
8025, 6
2475, 5
1390, 5
5925, 5
4133, 6
6059, 6
1725, 3
5625, 4
2553, 5
8925, 6
3398, 5
5250, 5
8503, 7
5475, 5
4050, 4
2412, 5
8775, 7
4690, 7
2199, 4
5250, 5
7050, 5
4125, 5
3707, 5
1406, 5
8475, 6
2131, 5
3624, 5
4725, 4
5666, 6
4149, 6
3624, 5
2700, 4
4800, 5
2728, 6
7275, 5
5700, 5
3403, 6
801, 5
6600, 5
9225, 7
1950, 3
5475, 5
1755, 5
3117, 5
825, 3
4998, 5
3525, 3
5874, 5
9150, 6
8925, 6
5242, 6
3201, 5
3150, 4
6675, 6
4725, 4
8775, 7
4350, 5
4125, 5
3600, 4
5475, 5
6600, 5
9150, 6
6444, 7
5475, 5
7050, 5
5925, 5
3600, 4
3200, 5
1084, 6
3600, 4
2539, 5
825, 3
4575, 5
3642, 6
6675, 6
5550, 6
5250, 5
7350, 6
7575, 6
3445, 6
3948, 6
5025, 5
7125, 6
6375, 5
6198, 6
4350, 5
7800, 6
1275, 3
5250, 5
6174, 6
5475, 5
3648, 5
5250, 5
3150, 4
525, 2
2973, 5
2694, 5
658, 5
5700, 5
4098, 5
6825, 5
6900, 6
7800, 6
10125, 7
10725, 6
6225, 6
2925, 4
5250, 5
4050, 4
7350, 6
5175, 4
5700, 5
4950, 4
6150, 5
573, 3
5025, 5
4050, 4
4950, 4
1027, 4
6825, 5
3783, 6
8025, 6
5250, 5
5100, 6
3198, 5
6900, 6
7125, 6
5250, 5
7125, 6
3600, 4
4350, 5
1943, 4
5025, 5
3586, 6
573, 3
2091, 5
3375, 4
5625, 4
2925, 4
4800, 5
6825, 5
3198, 5
7350, 6
6450, 6
7125, 6
4739, 6
3257, 5
3032, 5
4111, 7
4500, 4
3627, 6
5250, 5
5025, 5
5700, 5
6000, 6
5925, 5
6400, 6
5775, 6
2625, 3
6900, 6
7125, 6
2835, 5
4350, 5
3586, 6
5475, 5
1435, 4
9375, 6
5700, 5
7800, 6
5949, 6
7950, 5
5175, 4
5550, 6
6225, 6
8250, 6
5025, 5
10350, 7
2428, 5
4275, 4
3600, 4
7350, 6
1050, 3
7050, 5
11025, 7
7575, 6
5025, 5
6675, 6
2448, 4
7350, 6
3198, 5
3952, 6
5025, 5
6375, 5
4008, 6
2700, 4
4149, 6
3025, 5
4350, 5
4323, 5
5700, 5
2468, 5
5700, 5
2925, 4
4848, 6
5025, 5
5475, 5
4093, 6
2475, 4
6825, 5
3900, 5
4050, 4
5475, 5
7575, 6
5475, 5
5475, 5
1800, 4
5175, 4
689, 5
4500, 4
3163, 6
2250, 4
6399, 6
3291, 6
1323, 4
6675, 6
5025, 5
4350, 5
1323, 4
5250, 5
5700, 5
4950, 4
5625, 4
6600, 5
3375, 4
6948, 7
6150, 5
3450, 5
7575, 6
2850, 3
4125, 5
6375, 5
5925, 5
2673, 4
3198, 5
7800, 6
8025, 6
8250, 6
5700, 5
5550, 6
7575, 6
5025, 5
4050, 4
3900, 5
9375, 6
3200, 5
6150, 5
8250, 6
2091, 5
3675, 5
1050, 3
4599, 6
6900, 6
7050, 5
7275, 5
4050, 4
2503, 6
4050, 4
6375, 5
4548, 5
3150, 4
2625, 3
4575, 5
4575, 5
6403, 6
1323, 4
2271, 5
2700, 4
4800, 5
7125, 6
4623, 6
5925, 5
6900, 6
4275, 4
6900, 6
3600, 4
4800, 5
4050, 4
7575, 6
12225, 8
3989, 5
5700, 5
6900, 6
5700, 5
2315, 5
1802, 4
7875, 7
4350, 5
6900, 6
10725, 6
6675, 6
4800, 5
5025, 5
7350, 6
4800, 5
9000, 7
2973, 5
6225, 6
2925, 4
6450, 6
5775, 6
7125, 6
5250, 5
3225, 5
3127, 5
6450, 6
877, 5
1854, 6
360, 5
5100, 6
8250, 6
7125, 6
5250, 5
5325, 6
2475, 4
4623, 6
3825, 4
3612, 5
5925, 5
1294, 5
5550, 6
4772, 6
2274, 5
5475, 5
3399, 5
3849, 5
6675, 6
358, 4
4875, 6
3900, 5
6450, 6
7575, 6
2700, 4
4524, 5
1102, 5
2304, 6
8250, 6
6375, 5
6675, 6
4149, 6
5250, 5
8475, 6
4350, 5
5250, 5
5700, 5
3675, 5
2748, 5
4800, 5
4149, 6
4800, 5
3900, 5
6375, 5
573, 3
11325, 8
4623, 6
5475, 5
2250, 4
6375, 5
5997, 5
4125, 5
300, 2
5847, 6
1050, 3
6900, 6
5700, 5
6375, 5
2728, 6
3675, 5
4050, 4
6150, 5
7650, 7
6498, 7
5025, 5
8025, 6
6000, 6
3600, 4
4125, 5
3924, 6
5475, 5
5700, 5
300, 2
4800, 5
2694, 5
4800, 5
4350, 5
1867, 5
3375, 4
5700, 5
6450, 6
4800, 5
4149, 6
1275, 3
881, 5
7125, 6
4350, 5
3648, 5
4575, 5
6375, 5
6900, 6
1270, 4
5925, 5
4125, 5
2448, 4
5700, 5
2977, 6
4800, 5
5325, 6
4350, 5
5775, 6
5700, 5
2175, 3
7800, 6
6225, 6
8250, 6
6675, 6
5049, 6
10575, 7
7650, 7
5973, 6
3427, 6
4125, 5
5175, 4
5475, 5
2651, 5
5475, 5
5175, 4
4500, 4
7575, 6
5700, 5
1718, 4
5025, 5
5925, 5
5475, 5
2315, 5
5025, 5
6225, 6
5250, 5
11550, 8
3573, 4
3399, 5
5775, 6
4299, 5
8748, 7
6000, 6
4275, 4
8325, 7
2576, 6
6116, 6
4575, 5
3764, 5
6375, 5
4350, 5
5025, 5
3648, 5
3648, 5
1826, 5
9150, 6
6225, 6
5025, 5
4500, 4
300, 2
2096, 4
6375, 5
2850, 3
5700, 5
7875, 7
3600, 4
5475, 5
5925, 5
5475, 5
7575, 6
4575, 5
8250, 6
5475, 5
5550, 6
4575, 5
6000, 6
5949, 6
3375, 4
356, 4
6225, 6
4125, 5
6450, 6
5475, 5
356, 4
2175, 3
7125, 6
7500, 5
5250, 5
4800, 5
4500, 4
6375, 5
3375, 4
2700, 4
6000, 6
4800, 5
4350, 5
4800, 5
3900, 5
3198, 5
2748, 5
4350, 5
5250, 5
4800, 5
4650, 6
6817, 6
5775, 6
8475, 6
5025, 5
5700, 5
7125, 6
6225, 6
7568, 7
2315, 5
4832, 5
5925, 5
5775, 6
2700, 4
5925, 5
1206, 5
2925, 4
7875, 7
6675, 6
3648, 5
4323, 5
7125, 6
4575, 5
362, 5
4800, 5
4725, 4
8025, 6
5550, 6
9375, 6
4800, 5
6948, 7
7650, 7
6900, 6
7350, 6
5475, 5
8925, 6
6225, 6
6375, 5
4824, 6
6450, 6
2840, 6
1679, 5
8025, 6
5325, 6
8325, 7
4740, 6
3900, 5
5250, 5
6225, 6
4350, 5
4575, 5
6825, 5
2700, 4
1406, 5
4125, 5
5700, 5
6900, 6
3874, 5
7125, 6
3825, 4
4350, 5
7575, 6
6225, 6
6450, 6
7575, 6
3258, 5
7200, 7
8925, 6
5550, 6
4656, 6
3367, 5
6375, 5
5346, 6
875, 5
1940, 5
1090, 4
1119, 4
6900, 6
6000, 6
4347, 6
3375, 4
1455, 4
1828, 5
895, 4
1828, 5
5925, 5
6225, 6
5025, 5
6225, 6
1791, 4
1828, 5
783, 4
1940, 5
6675, 6
2130, 5
7125, 6
6675, 6
1492, 5
1007, 4
2164, 5
870, 4
4575, 5
8100, 7
5250, 5
4350, 5
8250, 6
5700, 5
4575, 5
5550, 6
11250, 7
5250, 5
7125, 6
6600, 5
5100, 6
4725, 4
2475, 4
6600, 5
7350, 6
6198, 6
6450, 6
6150, 5
4800, 5
6150, 5
1102, 5
1552, 5
3198, 5
2298, 5
5925, 5
7125, 6
4125, 5
3450, 5
1104, 5
6375, 5
6675, 6
8025, 6
5475, 5
10125, 7
2015, 4
1679, 4
1143, 5
1343, 4
4575, 5
6000, 6
6450, 6
5700, 5
2276, 5
1492, 5
1604, 5
1119, 4
4098, 5
2077, 6
3375, 4
6648, 6
994, 4
183, 4
326, 5
474, 6
5925, 5
5550, 6
360, 4
1848, 5
1231, 4
1604, 5
458, 4
1940, 5
3375, 4
7650, 7
5100, 6
6225, 6
1275, 3
1725, 3
3900, 5
7125, 6
4500, 4
5925, 5
2223, 4
1323, 4
7125, 6
7800, 6
5775, 6
3198, 5
8550, 7
7575, 6
5250, 5
1766, 5
7599, 7
6825, 5
5475, 5
4398, 6
7575, 6
5748, 6
5475, 5
4125, 5
2412, 5
8025, 6
3900, 5
348, 3
4724, 6
4575, 5
1078, 5
5049, 6
1007, 4
1567, 4
2052, 5
2761, 6
5523, 6
6048, 7
4125, 5
6000, 6
1143, 5
1591, 5
1007, 4
1604, 5
5025, 5
4575, 5
4232, 6
4875, 6
1485, 6
1604, 5
1679, 4
2164, 5
1548, 4
6675, 6
3600, 4
3423, 5
2276, 5
458, 4
1007, 4
2164, 5
3289, 5
7200, 7
3727, 7
4800, 5
2700, 4
6648, 6
5250, 5
5250, 5
4275, 4
7800, 6
5325, 6
2077, 6
7050, 5
5925, 5
1098, 4
6000, 6
4350, 5
4350, 5
4800, 5
5250, 5
6675, 6
3648, 5
2700, 4
3849, 5
4125, 5
4800, 5
4350, 5
5475, 5
6900, 6
6450, 6
2973, 5
6900, 6
5925, 5
5475, 5
8550, 7
7125, 6
2164, 5
2164, 5
1492, 5
1940, 5
9300, 5
1050, 3
6900, 6
1098, 4
322, 4
1343, 4
1130, 4
1604, 5
5025, 5
4623, 6
7125, 6
1848, 5
1679, 4
1018, 4
1716, 5
434, 4
7350, 6
4374, 6
6900, 6
3900, 5
1791, 4
1119, 4
1604, 5
1716, 5
2750, 5
8250, 6
5025, 5
5025, 5
5325, 6
1858, 4
6150, 5
5025, 5
5250, 5
5049, 6
4548, 5
4050, 4
6150, 5
2925, 4
5775, 6
1050, 3
5199, 5
3375, 4
4125, 5
4050, 4
2925, 4
6225, 6
4125, 5
879, 5
4575, 5
5025, 5
354, 4
6900, 6
7350, 6
7575, 6
6675, 6
4575, 5
3600, 4
2223, 4
4350, 5
1694, 5
6932, 6
2949, 5
5250, 5
5700, 5
6059, 6
4800, 5
5475, 5
1270, 4
6399, 6
3340, 6
4875, 6
6675, 6
5199, 5
877, 5
2527, 6
2959, 5
4575, 5
5049, 6
5775, 6
2752, 6
7875, 7
7800, 6
879, 5
6225, 6
1402, 6
2475, 4
3648, 5
4950, 4
3375, 4
5349, 7
3825, 4
5250, 5
2700, 4
7350, 6
4275, 4
4800, 5
9150, 6
1278, 5
5025, 5
6900, 6
8250, 6
9150, 6
6375, 5
3600, 4
2448, 4
2243, 5
5175, 4
4275, 4
7800, 6
6000, 6
4398, 6
3450, 5
5175, 4
6900, 6
1050, 3
1800, 4
7800, 6
7800, 6
7125, 6
4942, 5
1098, 4
5250, 5
356, 4
4098, 5
5250, 5
5100, 6
873, 4
4173, 6
8475, 6
1398, 6
4149, 6
6825, 5
1074, 4
3343, 7
9675, 7
3699, 6
5700, 5
6000, 6
3600, 4
4875, 6
6450, 6
5132, 6
4050, 4
5700, 5
5700, 5
5925, 5
6675, 6
4575, 5
4125, 5
6900, 6
5700, 5
5550, 6
6150, 5
4500, 4
8475, 6
4323, 5
3150, 4
3716, 6
6825, 5
2692, 5
9150, 6
2315, 5
5475, 5
5400, 4
3375, 4
6450, 6
2175, 3
4950, 4
5025, 5
6150, 5
3399, 5
5925, 5
4599, 6
5925, 5
5475, 5
5475, 5
6600, 5
7125, 6
7350, 6
5475, 5
2700, 4
4800, 5
1323, 4
348, 3
1725, 3
6600, 5
4275, 4
7800, 6
2599, 6
6950, 7
4125, 5
6000, 6
8025, 6
3900, 5
2684, 6
3450, 5
5250, 5
2923, 6
4800, 5
4125, 5
9225, 7
5475, 5
6000, 6
9000, 7
4350, 5
7350, 6
7050, 5
4800, 5
6675, 6
4323, 5
7125, 6
5025, 5
1548, 4
2248, 5
3873, 5
5250, 5
6675, 6
3825, 4
5025, 5
4350, 5
1850, 5
1158, 4
4623, 6
5925, 5
6075, 4
6225, 6
8475, 6
3675, 5
1694, 5
9600, 6
3825, 4
9900, 7
1327, 5
7050, 5
4575, 5
9900, 7
4800, 5
6900, 6
4800, 5
1206, 5
6975, 7
5925, 5
2128, 6
7042, 6
7800, 6
8159, 7
3675, 5
2049, 5
7800, 6
3600, 4
300, 2
4425, 6
1685, 5
5025, 5
3450, 5
5250, 5
4575, 5
7050, 5
8550, 7
7125, 6
4575, 5
6707, 6
4050, 4
6750, 7
6450, 6
5700, 5
4575, 5
5025, 5
4323, 5
5100, 6
6900, 6
5925, 5
7197, 6
5850, 4
1979, 5
8100, 7
4800, 5
4125, 5
7275, 5
5025, 5
6600, 5
5898, 5
3150, 4
5325, 6
6900, 6
4425, 6
5250, 5
3825, 4
8325, 7
6450, 6
4575, 5
2400, 3
7275, 5
2392, 4
7725, 5
5925, 5
5475, 5
4350, 5
2049, 5
5475, 5
5925, 5
4125, 5
3825, 4
5475, 5
1854, 6
4098, 5
3648, 5
4125, 5
5400, 4
4125, 5
3375, 4
879, 5
5550, 6
7575, 6
4125, 5
6450, 6
1716, 5
1679, 4
1255, 5
177, 4
6450, 6
1824, 5
6600, 5
6150, 5
1455, 4
1604, 5
1828, 5
1679, 4
5475, 5
6675, 6
4800, 5
4098, 5
895, 4
1143, 5
1940, 5
1507, 6
7350, 6
6675, 6
3150, 4
1852, 6
1716, 5
1255, 5
1167, 5
1604, 5
3129, 6
4800, 5
2467, 5
5025, 5
3174, 5
5775, 6
6000, 6
5475, 5
8100, 7
3450, 5
4800, 5
8700, 6
5925, 5
2091, 5
5475, 5
6000, 6
7350, 6
1406, 5
3367, 5
5250, 5
6225, 6
6900, 6
6225, 6
5475, 5
2091, 5
4800, 5
3675, 5
3890, 6
2424, 4
5974, 6
3399, 5
6150, 5
3150, 4
3924, 6
6450, 6
6375, 5
1567, 4
1679, 4
2873, 6
1828, 5
5475, 5
3450, 5
785, 3
2659, 6
2276, 5
2015, 4
660, 5
1492, 5
5250, 5
2553, 5
3624, 5
5475, 5
1231, 4
1716, 5
1119, 4
2313, 6
6789, 7
7575, 6
1967, 5
5100, 6
522, 3
1911, 5
1716, 5
1604, 5
1080, 5
1206, 5
6225, 6
5925, 5
5100, 6
5048, 6
2700, 4
5775, 6
3150, 4
5700, 5
10575, 7
7800, 6
2175, 3
3445, 6
5475, 5
4098, 5
11400, 6
5172, 6
5025, 5
6423, 6
654, 5
3600, 4
4800, 5
4350, 5
5973, 6
3675, 5
4309, 5
3304, 6
358, 4
6750, 7
5475, 5
1327, 5
6900, 6
2073, 5
5475, 5
6000, 6
2164, 5
1255, 5
2052, 5
858, 3
5925, 5
7374, 7
4875, 6
7350, 6
2164, 5
1492, 5
895, 4
1119, 4
4800, 5
4575, 5
6225, 6
2140, 4
1604, 5
982, 4
1492, 5
1479, 5
5298, 6
5775, 6
4350, 5
6150, 5
943, 5
2052, 5
1940, 5
183, 4
3900, 5
7125, 6
4623, 6
2475, 4
5325, 6
6450, 6
6225, 6
2700, 4
4421, 7
5475, 5
7125, 6
2700, 4
5175, 4
2925, 4
5250, 5
4766, 6
6375, 5
6675, 6
2175, 3
5700, 5
5700, 5
6225, 6
1725, 3
8700, 6
6000, 6
2073, 5
2523, 5
5475, 5
8025, 6
6825, 5
6675, 6
2700, 4
4350, 5
3423, 5
6150, 5
5925, 5
1119, 4
2052, 5
794, 4
1031, 5
6600, 5
7125, 6
7800, 6
6000, 6
1567, 4
2127, 4
1255, 5
2015, 4
6150, 5
4350, 5
5325, 6
5523, 6
1018, 4
1604, 5
1031, 5
1231, 4
7800, 6
4800, 5
5175, 4
7125, 6
434, 4
1903, 4
1828, 5
1082, 3
2377, 6
4800, 5
5775, 6
2840, 6
6825, 5
4575, 5
7125, 6
4125, 5
2850, 3
5925, 5
1998, 4
6150, 5
3457, 6
5250, 5
4575, 5
3873, 5
7800, 6
7275, 5
2949, 5
4725, 4
2925, 4
5475, 5
449, 3
1548, 4
4725, 4
3375, 4
5925, 5
4425, 6
2523, 5
4800, 5
6150, 5
5025, 5
6000, 6
348, 3
4398, 6
4398, 6
6300, 7
1773, 4
5325, 6
5250, 5
6900, 6
5073, 6
5925, 5
3450, 5
2302, 6
7125, 6
4800, 5
9600, 6
4927, 6
6675, 6
7350, 6
3450, 5
6000, 6
7074, 6
6900, 6
5250, 5
6600, 5
1810, 6
4575, 5
6225, 6
8025, 6
4350, 5
3200, 5
332, 4
3675, 5
7125, 6
5475, 5
4800, 5
7800, 6
9675, 7
2729, 6
4800, 5
4500, 4
4800, 5
3849, 5
2949, 5
3399, 5
3399, 5
3627, 6
5025, 5
6150, 5
11550, 8
3900, 5
5925, 5
2748, 5
3948, 6
1967, 5
2250, 4
7725, 5
5775, 6
6675, 6
7350, 6
3423, 5
825, 3
6675, 6
2250, 4
6900, 6
5775, 6
6450, 6
6150, 5
1824, 5
6900, 6
1074, 4
2748, 5
5025, 5
3924, 6
4800, 5
3948, 6
3723, 6
4575, 5
5475, 5
2973, 5
4125, 5
3508, 5
5550, 6
6375, 5
4350, 5
6375, 5
2975, 5
8925, 6
4323, 5
10800, 7
2475, 4
3723, 6
6375, 5
3375, 4
3173, 5
5925, 5
8700, 6
11325, 8
2604, 6
9450, 7
348, 3
7275, 5
7950, 5
5025, 5
10125, 7
7575, 6
6375, 5
4500, 4
5748, 6
2523, 5
3900, 5
6600, 5
8925, 6
7800, 6
1520, 4
2925, 4
3624, 5
4800, 5
1238, 4
853, 5
2223, 4
5673, 5
7125, 6
5325, 6
5700, 5
2748, 5
1967, 5
7125, 6
3150, 4
4848, 6
5475, 5
2973, 5
1074, 4
6675, 6
5250, 5
3375, 4
10350, 7
3825, 4
652, 4
3900, 5
4725, 4
4125, 5
3375, 4
883, 6
7800, 6
4575, 5
8025, 6
6450, 6
4074, 5
4275, 4
3399, 5
7800, 6
3375, 4
2752, 6
7575, 6
1422, 4
4800, 5
5700, 5
3675, 5
6675, 6
2167, 4
348, 3
525, 2
6225, 6
2847, 5
6000, 6
3375, 4
2700, 4
8700, 6
4725, 4
2452, 5
8475, 6
5523, 6
5073, 6
2132, 5
6825, 5
8025, 6
1548, 4
5925, 5
2925, 4
1323, 4
8250, 6
3474, 6
4125, 5
5025, 5
6900, 6
4800, 5
5551, 6
6225, 6
5250, 5
5326, 6
5100, 6
4050, 4
6675, 6
5025, 5
4575, 5
7575, 6
4398, 6
5325, 6
6423, 6
4098, 5
7950, 5
4098, 5
5775, 6
2298, 5
5700, 5
7425, 7
3375, 4
6450, 6
5250, 5
5025, 5
2684, 6
5700, 5
6900, 6
5025, 5
4800, 5
8100, 7
6900, 6
883, 6
6000, 6
1323, 4
1102, 5
4650, 6
4125, 5
6225, 6
7350, 6
4800, 5
7350, 6
2492, 6
6225, 6
2740, 6
3150, 4
5748, 6
3150, 4
6225, 6
7575, 6
4575, 5
2850, 3
7243, 6
5475, 5
7950, 5
1919, 5
2724, 5
8775, 7
5700, 5
2748, 5
5475, 5
4350, 5
1104, 5
5325, 6
4173, 6
6450, 6
1943, 4
5925, 5
5250, 5
3423, 5
5475, 5
2503, 6
4125, 5
4125, 5
1679, 4
1492, 5
1828, 5
1604, 5
3375, 4
5700, 5
3600, 4
3450, 5
1604, 5
1828, 5
1567, 4
1395, 6
3399, 5
2475, 4
3501, 6
6900, 6
1679, 4
1828, 5
895, 4
783, 4
2700, 4
3825, 4
4800, 5
2748, 5
1567, 4
746, 3
1343, 4
1604, 5
4374, 6
6198, 6
5973, 6
5025, 5
5925, 5
6900, 6
4800, 5
3198, 5
7050, 5
3174, 5
2475, 4
3198, 5
4275, 4
7350, 6
5250, 5
1725, 3
2523, 5
1924, 6
5325, 6
4575, 5
1098, 4
4125, 5
6900, 6
7125, 6
8775, 7
5100, 6
2894, 6
7800, 6
3600, 4
6000, 6
5499, 6
5025, 5
5475, 5
364, 5
5250, 5
5475, 5
1791, 4
1604, 5
2052, 5
354, 5
5250, 5
2553, 5
5025, 5
3675, 5
1380, 5
1911, 5
1119, 4
1031, 5
6900, 6
4800, 5
3450, 5
6600, 5
1716, 5
1567, 4
2015, 4
919, 5
5475, 5
300, 2
5025, 5
2073, 5
1343, 4
2052, 5
1255, 5
1828, 5
2694, 5
2025, 4
4800, 5
5475, 5
4350, 5
7125, 6
4800, 5
2458, 6
8025, 6
4573, 6
5700, 5
3375, 4
3600, 4
7575, 6
2697, 6
7575, 6
5475, 5
4599, 6
3173, 5
5025, 5
2084, 4
3642, 6
6375, 5
4575, 5
8025, 6
1643, 5
6675, 6
3367, 5
2925, 4
8250, 6
3220, 6
7875, 7
6825, 5
5775, 6
5325, 6
5639, 6
1231, 4
181, 4
2388, 5
2276, 5
2130, 5
4575, 5
4875, 6
5250, 5
1492, 5
1567, 4
1119, 4
1479, 5
5026, 5
3095, 5
3220, 6
3320, 5
2052, 5
1127, 5
149, 3
1492, 5
7950, 5
5925, 5
6000, 6
7575, 6
546, 4
1231, 4
1799, 5
1604, 5
5250, 5
8700, 6
5298, 6
2298, 5
5148, 7
6375, 5
3825, 4
4575, 5
8775, 7
2533, 4
4575, 5
1548, 4
6150, 5
3375, 4
8250, 6
6900, 6
2673, 4
3345, 6
853, 5
2298, 5
2073, 5
5475, 5
6675, 6
6450, 6
6150, 5
2782, 6
6900, 6
7800, 6
6600, 5
2077, 6
8475, 6
9225, 7
4575, 5
8325, 7
7350, 6
2073, 5
1492, 5
1018, 4
1119, 4
1119, 4
3150, 4
6675, 6
2748, 5
2079, 6
1018, 4
1828, 5
410, 3
1231, 4
4800, 5
324, 3
4350, 5
4350, 5
1380, 5
1940, 5
1604, 5
1807, 6
8025, 6
5475, 5
6900, 6
4350, 5
322, 4
2425, 6
1567, 4
2052, 5
4800, 5
2115, 6
4125, 5
8475, 6
2949, 5
6225, 6
4800, 5
5025, 5
7350, 6
4800, 5
6225, 6
4800, 5
8025, 6
3450, 5
4800, 5
6000, 6
5025, 5
5475, 5
5250, 5
5475, 5
4575, 5
4575, 5
4173, 6
2579, 5
1074, 4
5700, 5
5025, 5
5325, 6
5475, 5
8100, 7
6600, 5
934, 4
4599, 6
4173, 6
2700, 4
4800, 5
9150, 6
5700, 5
6675, 6
4149, 6
1685, 5
3198, 5
3184, 5
5325, 6
4623, 6
5775, 6
5073, 6
7125, 6
4575, 5
4173, 6
8700, 6
6225, 6
6450, 6
2748, 5
4875, 6
3900, 5
2130, 5
7599, 7
5550, 6
2925, 4
5700, 5
4824, 6
3900, 5
2694, 5
8925, 6
6675, 6
579, 4
4575, 5
6600, 5
4800, 5
2077, 6
7800, 6
3825, 4
3375, 4
4050, 4
5323, 7
7350, 6
5274, 6
2505, 6
3257, 5
8550, 7
8025, 6
6225, 6
354, 4
3900, 5
3900, 5
3150, 4
5550, 6
8850, 5
6225, 6
1323, 4
8775, 7
3450, 5
5625, 7
6600, 5
4425, 6
4950, 4
5100, 6
1587, 6
4323, 5
6900, 6
5373, 7
6225, 6
4350, 5
300, 2
9600, 6
4575, 5
4050, 4
4350, 5
324, 3
2973, 5
8025, 6
6375, 5
7350, 6
5775, 6
6900, 6
7575, 6
3423, 5
4875, 6
6000, 6
1606, 4
3868, 6
4800, 5
7125, 6
2553, 5
5250, 5
8025, 6
5776, 6
3375, 4
4500, 4
4599, 6
7800, 6
5073, 6
5700, 5
4548, 5
8250, 6
2625, 3
6825, 5
3600, 4
2850, 3
5475, 5
7500, 5
2369, 5
5475, 5
769, 3
1979, 5
2553, 5
3375, 4
7885, 6
4275, 4
2400, 3
5625, 4
5025, 5
2973, 5
849, 4
4800, 5
3423, 5
2973, 5
6110, 5
7350, 6
6150, 5
5475, 5
4800, 5
3423, 5
7125, 6
3900, 5
4800, 5
9225, 7
4800, 5
497, 4
5700, 5
3423, 5
4350, 5
6600, 5
5925, 5
5779, 6
8250, 6
5700, 5
3375, 4
348, 3
5250, 5
5925, 5
8100, 7
2412, 5
7575, 6
9000, 7
5925, 5
6150, 5
6000, 6
4575, 5
5724, 6
2580, 5
6225, 6
6375, 5
1102, 5
5250, 5
3873, 5
873, 4
1102, 5
1518, 5
2448, 4
6000, 6
2223, 4
6900, 6
7050, 5
4575, 5
6225, 6
3375, 4
5925, 5
3600, 4
3225, 5
4725, 4
2580, 5
4800, 5
1806, 5
5475, 5
6450, 6
8025, 6
5025, 5
3445, 6
4800, 5
3399, 5
7125, 6
1999, 4
9675, 7
1323, 4
1848, 5
3675, 5
825, 3
4350, 5
5025, 5
8075, 7
6600, 5
2400, 3
4876, 6
6450, 6
360, 4
7575, 6
4575, 5
6225, 6
4800, 5
6675, 6
6675, 6
3675, 5
5250, 5
4173, 6
4350, 5
5250, 5
5775, 6
5925, 5
3900, 5
6539, 6
5475, 5
3174, 5
6000, 6
2365, 4
3399, 5
7575, 6
4575, 5
3675, 5
3375, 4
4627, 7
5925, 5
8475, 6
3600, 4
5925, 5
3900, 5
6000, 6
2647, 4
5025, 5
4050, 4
4575, 5
5025, 5
4350, 5
4149, 6
8922, 8
4800, 5
6600, 5
887, 6
4847, 7
5025, 5
3900, 5
4275, 4
7575, 6
6675, 6
7125, 6
4800, 5
5025, 5
6450, 6
5025, 5
6600, 5
5475, 5
2276, 5
173, 3
2052, 5
1380, 5
4350, 5
3600, 4
2527, 6
4575, 5
1940, 5
783, 4
462, 5
1828, 5
4275, 4
4575, 5
3423, 5
2529, 6
1828, 5
1279, 5
1343, 4
440, 5
7050, 5
5025, 5
4425, 6
5775, 6
1455, 4
1492, 5
1007, 4
2276, 5
5499, 6
4998, 5
3723, 6
879, 5
5325, 6
8025, 6
5418, 6
5025, 5
3600, 4
6450, 6
5475, 5
2925, 4
2850, 3
3825, 4
4575, 5
5636, 6
6900, 6
5700, 5
6150, 5
348, 3
2973, 5
2835, 5
5025, 5
7575, 6
7725, 5
4575, 5
4323, 5
4125, 5
879, 5
5025, 5
873, 4
4800, 5
3450, 5
825, 3
3600, 4
5775, 6
1119, 4
1828, 5
458, 4
173, 3
4575, 5
3197, 6
6900, 6
6675, 6
1143, 5
1231, 4
2015, 4
1803, 5
1102, 5
1275, 3
8025, 6
1800, 4
1940, 5
1455, 4
1604, 5
1143, 5
5700, 5
4599, 6
5925, 5
6900, 6
1604, 5
1455, 4
783, 4
1231, 4
3600, 4
5298, 6
5700, 5
8475, 6
2775, 5
5475, 5
4824, 6
5025, 5
4275, 4
6675, 6
4125, 5
6675, 6
5475, 5
5114, 5
7125, 6
9450, 7
5925, 5
358, 4
3675, 5
3948, 6
6150, 5
5475, 5
7800, 6
4050, 4
5172, 6
5475, 5
5025, 5
6600, 5
4800, 5
4848, 6
4875, 6
2475, 4
3150, 4
5775, 6
7500, 5
5775, 6
1143, 5
906, 4
1455, 4
895, 4
4575, 5
8700, 6
6225, 6
883, 5
346, 4
1828, 5
1231, 4
1604, 5
5025, 5
6450, 6
4275, 4
3249, 6
410, 3
1604, 5
1492, 5
2127, 4
6150, 5
5325, 6
4824, 6
5100, 6
1940, 5
1828, 5
1716, 5
895, 4
5723, 6
7575, 6
4875, 6
6624, 6
6225, 6
6675, 6
5025, 5
2468, 5
8700, 6
3600, 4
6825, 5
1531, 5
4350, 5
4500, 4
5025, 5
4576, 5
5700, 5
4650, 6
3737, 5
4350, 5
6000, 6
4800, 5
1074, 4
2891, 5
2987, 5
6600, 5
7425, 7
2203, 5
2949, 5
2499, 5
3900, 5
4350, 5
5700, 5
4800, 5
4074, 5
3675, 5
2164, 5
2276, 5
1119, 4
1940, 5
4575, 5
3675, 5
5925, 5
8925, 6
1367, 5
2052, 5
1679, 4
1940, 5
6600, 5
3375, 4
5025, 5
8550, 7
2164, 5
1716, 5
982, 4
2612, 5
7125, 6
2680, 6
2860, 5
6450, 6
2052, 5
1903, 4
1455, 4
1324, 4
2052, 5
4575, 5
4599, 6
1716, 5
2748, 5
6900, 6
2925, 4
7800, 6
6675, 6
1323, 4
5074, 6
4350, 5
895, 4
2052, 5
8250, 6
5775, 6
8475, 6
1661, 4
1318, 5
2250, 4
4173, 6
3150, 4
3150, 4
4050, 4
2694, 5
5609, 6
5250, 5
4575, 5
3825, 4
5700, 5
7800, 6
8775, 7
1591, 5
3304, 6
5700, 5
2925, 4
3423, 5
5782, 7
1979, 5
9000, 7
5581, 6
4942, 5
3173, 5
1940, 5
7575, 6
1394, 6
7350, 6
7350, 6
6900, 6
6450, 6
6675, 6
5224, 5
4008, 6
5250, 5
7425, 7
3849, 5
5250, 5
577, 4
7950, 5
3423, 5
68, 4
4800, 5
5025, 5
2452, 5
1050, 3
4149, 6
3525, 3
6450, 6
4350, 5
8325, 7
5700, 5
541, 5
4800, 5
2327, 5
4575, 5
2023, 5
6000, 6
5625, 4
4623, 6
4323, 5
4800, 5
6825, 5
7974, 6
3675, 5
5025, 5
3198, 5
7350, 6
5775, 6
4778, 7
6450, 6
5523, 6
3783, 6
7950, 5
7350, 6
5925, 5
3675, 5
4350, 5
3450, 5
6675, 6
5250, 5
3225, 5
6900, 6
4575, 5
3198, 5
8100, 7
6375, 5
2973, 5
6375, 5
1143, 5
7350, 6
4098, 5
5325, 6
7875, 7
6900, 6
6000, 6
6225, 6
2298, 5
1998, 4
2976, 5
4398, 6
3024, 6
9675, 7
6375, 5
5700, 5
5250, 5
5100, 6
4125, 5
5700, 5
5550, 6
1579, 5
4125, 5
4275, 4
5475, 5
8550, 7
2700, 4
5073, 6
7575, 6
3600, 4
4050, 4
6375, 5
6900, 6
5550, 6
5025, 5
2243, 5
7275, 5
1604, 5
7950, 5
1998, 4
5550, 6
6525, 4
6675, 6
8475, 6
3600, 4
7800, 6
2925, 4
547, 6
6225, 6
4350, 5
3624, 5
3648, 5
1329, 5
1725, 3
6225, 6
6000, 6
2298, 5
2298, 5
2724, 5
4575, 5
1492, 5
5025, 5
915, 5
4800, 5
2164, 5
4484, 6
4899, 7
3174, 5
5025, 5
6000, 6
5925, 5
5298, 6
3423, 5
1791, 4
5250, 5
6375, 5
5250, 5
9900, 7
8550, 7
2840, 6
6675, 6
3423, 5
4800, 5
4200, 6
2891, 5
4350, 5
7350, 6
4575, 5
360, 5
4350, 5
4575, 5
3399, 5
676, 4
6900, 6
5700, 5
6675, 6
1548, 4
9450, 7
5700, 5
7125, 6
5025, 5
3733, 5
6174, 6
8925, 6
6675, 6
434, 4
1725, 3
4275, 4
1050, 3
348, 3
3675, 5
6225, 6
5250, 5
5700, 5
4800, 5
5700, 5
5700, 5
1455, 4
1074, 4
9375, 6
4800, 5
6225, 6
5550, 6
1343, 4
477, 5
3375, 4
7125, 6
5250, 5
5750, 6
5475, 5
5775, 6
360, 5
3059, 5
1567, 4
11250, 7
4548, 5
5475, 5
4350, 5
4149, 6
3675, 5
5325, 6
1275, 3
4575, 5
5475, 5
7125, 6
1031, 5
6600, 5
3825, 4
8025, 6
5550, 6
4125, 5
356, 4
8325, 7
14775, 9
7275, 5
4050, 4
5925, 5
5250, 5
4350, 5
1379, 4
5775, 6
4275, 4
5000, 5
3825, 4
1098, 4
5250, 5
7350, 6
5925, 5
7350, 6
5250, 5
1275, 3
7125, 6
2475, 4
3198, 5
5775, 6
1518, 5
3064, 6
3423, 5
825, 3
7159, 7
7275, 5
4275, 4
2271, 5
6225, 6
4275, 4
5949, 6
5025, 5
7050, 5
1548, 4
7575, 6
5475, 5
2925, 4
3652, 6
2412, 5
4425, 6
6225, 6
8700, 6
4323, 5
853, 5
3825, 4
3387, 5
6900, 6
8250, 6
8550, 7
4599, 6
3174, 5
4350, 5
7350, 6
1500, 3
4125, 5
1050, 3
3482, 5
5700, 5
5925, 5
1755, 5
4800, 5
449, 3
5475, 5
5025, 5
5475, 5
7500, 5
5475, 5
3150, 4
3375, 4
1872, 4
505, 5
6450, 6
4050, 4
5625, 4
1582, 5
5925, 5
6600, 5
6900, 6
4575, 5
4350, 5
5925, 5
5250, 5
662, 6
3600, 4
3624, 5
5925, 5
8850, 5
2620, 6
9450, 7
3423, 5
4575, 5
8025, 6
4050, 4
1299, 4
5925, 5
881, 5
9000, 7
4275, 4
7350, 6
6648, 6
4183, 5
6975, 7
2748, 5
5250, 5
2976, 5
2271, 5
6375, 5
1275, 3
6450, 6
5700, 5
5250, 5
5925, 5
894, 5
4800, 5
1500, 3
5250, 5
3273, 6
5025, 5
5025, 5
6825, 5
2475, 4
5250, 5
3300, 3
1533, 4
322, 4
2527, 6
4800, 5
1323, 4
1098, 4
6900, 6
4800, 5
2400, 3
1848, 5
4125, 5
2700, 4
2049, 5
1318, 5
7500, 5
5250, 5
6423, 6
3445, 6
2973, 5
358, 4
5025, 5
3648, 5
4875, 6
1643, 5
7350, 6
6450, 6
4848, 6
3900, 5
5775, 6
2976, 5
7575, 6
3375, 4
4500, 4
3900, 5
4735, 6
4050, 4
1740, 6
2049, 5
5700, 5
7125, 6
3360, 6
5250, 5
1430, 5
7125, 6
1492, 5
5475, 5
2700, 4
6000, 6
7125, 6
2449, 4
5475, 5
4350, 5
2164, 5
7500, 5
5400, 4
8025, 6
3600, 4
8550, 7
6675, 6
794, 4
3375, 4
5025, 5
4104, 5
5973, 6
1679, 4
2748, 5
6375, 5
1773, 4
6975, 7
300, 2
1604, 5
2925, 4
4599, 6
358, 4
4500, 4
4200, 3
1806, 5
6375, 5
6000, 6
7350, 6
5327, 6
5025, 5
5550, 6
5025, 5
6900, 6
7125, 6
3600, 4
3549, 4
6000, 6
2673, 4
2250, 4
7875, 7
4125, 5
9000, 7
8025, 6
4350, 5
5700, 5
3150, 4
4050, 4
7050, 5
6150, 5
3423, 5
1130, 4
7425, 7
9150, 6
4717, 5
5475, 5
6825, 5
6184, 6
9000, 7
2483, 5
5025, 5
9225, 7
7074, 6
6150, 5
6409, 6
4125, 5
5925, 5
3675, 5
5298, 6
2700, 4
5325, 6
7125, 6
10575, 7
5700, 5
5700, 5
2700, 4
1294, 5
2898, 4
3860, 5
561, 3
5925, 5
4824, 6
1318, 5
2475, 4
8475, 6
5325, 6
9675, 7
5625, 4
1492, 5
4800, 5
5100, 6
3375, 4
5700, 5
3600, 4
6600, 5
5250, 5
328, 4
3675, 5
7800, 6
4350, 5
7800, 6
1773, 4
5025, 5
2052, 5
3174, 5
2248, 6
6675, 6
3032, 5
3900, 5
4575, 5
3825, 4
7125, 6
6450, 6
2553, 5
4800, 5
11100, 8
5700, 5
8475, 6
2748, 5
2052, 5
1354, 4
6450, 6
6000, 6
5025, 5
4350, 5
3375, 4
6150, 5
5250, 5
3177, 6
2250, 4
4800, 5
181, 4
5550, 6
7125, 6
5298, 6
806, 4
3849, 5
1604, 5
6900, 6
5025, 5
4800, 5
581, 4
5550, 6
5325, 6
7800, 6
5700, 5
2700, 4
4824, 6
5475, 5
5400, 4
5025, 5
4800, 5
4824, 6
3150, 4
7875, 7
5700, 5
6075, 4
5250, 5
356, 4
7875, 7
6225, 6
7074, 6
4575, 5
5574, 7
1867, 5
4098, 5
6225, 6
1119, 4
5850, 4
5475, 5
628, 3
6225, 6
6675, 6
5700, 5
5250, 5
8550, 7
6900, 6
7800, 6
1323, 4
7350, 6
6975, 7
5775, 6
4535, 5
322, 4
3648, 5
4950, 4
7575, 6
7875, 7
4323, 5
1604, 5
1050, 3
5475, 5
4800, 5
6450, 6
5475, 5
3860, 5
5025, 5
8100, 7
4425, 6
4800, 5
5700, 5
1604, 5
6525, 4
4125, 5
1548, 4
4050, 4
8325, 7
5925, 5
6375, 5
2673, 4
5700, 5
6225, 6
2052, 5
5925, 5
8700, 6
9375, 6
5550, 6
6825, 5
5073, 6
1500, 3
2782, 6
7725, 5
4800, 5
5250, 5
4350, 5
3600, 4
7425, 7
5775, 6
6225, 6
8925, 6
1694, 5
10800, 7
5250, 5
1991, 5
6900, 6
6450, 6
300, 2
2925, 4
6375, 5
7575, 6
3825, 4
5550, 6
5475, 5
8175, 5
2186, 5
4575, 5
1979, 5
4623, 6
5250, 5
7575, 6
434, 4
4173, 6
6150, 5
4974, 5
9675, 7
2666, 5
3540, 5
2357, 5
6900, 6
873, 4
5475, 5
3163, 6
5475, 5
4233, 6
1119, 4
4050, 4
5925, 5
3399, 5
7350, 6
4950, 4
1867, 5
5700, 5
4575, 5
6375, 5
5338, 5
8700, 6
4800, 5
5250, 5
5025, 5
2223, 4
628, 3
4575, 5
6150, 5
1799, 5
4206, 6
3648, 5
4150, 6
6450, 6
1500, 3
6675, 6
5025, 5
5049, 6
5925, 5
5250, 5
6245, 7
11475, 7
3075, 3
3624, 5
5025, 5
3450, 5
4875, 6
4050, 4
358, 4
7575, 6
4125, 5
5274, 6
2975, 5
3375, 4
5475, 5
1500, 3
4800, 5
6450, 6
3851, 6
6450, 6
7875, 7
3608, 5
5250, 5
4398, 6
798, 5
3032, 5
2952, 6
8250, 6
4575, 5
5475, 5
1802, 4
7575, 6
7125, 6
4034, 6
2052, 5
1716, 5
3924, 6
5510, 6
4575, 5
8325, 7
2625, 3
6150, 5
1455, 4
5925, 5
2243, 5
879, 5
895, 4
5925, 5
5475, 5
6000, 6
7125, 6
7350, 6
5700, 5
6150, 5
6675, 6
1828, 5
4350, 5
5298, 6
4725, 4
4350, 5
4800, 5
5250, 5
8775, 7
825, 3
1777, 5
5025, 5
6375, 5
8250, 6
1687, 5
7125, 6
3873, 5
1661, 4
4800, 5
2203, 5
6900, 6
5550, 6
5523, 6
183, 4
6825, 5
3375, 4
3675, 5
3825, 4
3056, 6
3948, 6
3225, 5
3600, 4
6225, 6
9225, 7
6225, 6
5550, 6
4524, 5
6375, 5
1548, 4
5025, 5
6150, 5
6450, 6
3900, 5
5775, 6
1773, 4
8550, 7
5298, 6
3375, 4
4800, 5
4275, 4
3849, 5
4575, 5
4500, 4
5775, 6
6450, 6
2130, 5
2874, 4
11025, 7
6825, 5
2693, 5
4950, 4
5925, 5
7050, 5
3723, 6
4125, 5
1940, 5
5475, 5
1679, 4
4098, 5
6375, 5
5550, 6
5298, 6
4725, 4
5700, 5
5475, 5
2077, 6
6675, 6
4950, 4
7275, 5
6600, 5
5700, 5
7575, 6
2531, 5
2700, 4
3652, 6
7500, 5
5700, 5
6675, 6
6375, 5
2276, 5
5025, 5
360, 5
4173, 6
3173, 5
3900, 5
3900, 5
2475, 4
6450, 6
853, 5
3612, 5
2523, 5
2925, 4
8550, 7
6450, 6
5175, 4
4800, 5
4050, 4
5550, 6
2527, 6
2596, 6
82, 6
2073, 5
1940, 5
5949, 6
6900, 6
5700, 5
8025, 6
573, 3
5475, 5
