Evaluations, Played
995000, 9
847500, 7
1015672, 9
635940, 8
1172500, 8
762676, 10
1145320, 9
930940, 9
1217728, 9
467580, 8
1785320, 10
721720, 9
1017668, 9
812500, 8
1240000, 8
973360, 9
942500, 9
991720, 9
752500, 8
751726, 10
1600000, 8
872500, 8
907500, 7
1592500, 8
1082500, 8
612500, 6
552500, 9
957820, 9
367500, 7
1065160, 9
1537820, 10
970000, 8
792664, 9
972500, 9
1220000, 9
1402500, 7
590402, 8
1467836, 11
1190000, 9
715000, 8
745000, 8
1340000, 9
1040160, 8
875000, 9
749220, 8
517500, 7
2300000, 9
1625166, 9
690392, 10
1047660, 8
1107664, 9
950000, 9
456726, 9
1355000, 9
987500, 9
1802664, 11
1064220, 8
1287500, 9
737706, 8
670650, 8
815160, 8
700000, 8
835000, 8
827586, 9
685000, 8
885160, 9
1007834, 9
1052820, 8
1345320, 8
431750, 8
435000, 7
1260160, 9
1255160, 10
1367500, 8
402500, 6
692500, 8
542500, 8
1346730, 8
434220, 8
545968, 10
405344, 9
397500, 7
1152500, 9
825640, 9
435000, 7
1112500, 8
882660, 8
500160, 8
1202834, 9
942500, 9
700320, 8
1137820, 9
1815160, 9
567660, 8
387994, 9
932826, 9
1185640, 9
1135160, 7
482660, 7
1250000, 9
595000, 8
715000, 8
890000, 9
700000, 8
1280320, 9
351720, 8
702580, 9
490174, 8
1165000, 8
1097500, 8
757500, 7
1032500, 9
420000, 7
2410172, 11
505320, 8
1427660, 10
2015320, 9
1117660, 9
977500, 8
587500, 8
1062660, 8
1502500, 8
1202500, 8
897500, 9
2682500, 9
872500, 8
865000, 8
682500, 7
890342, 10
1230452, 9
627660, 8
1520160, 11
1045000, 8
1922660, 10
1325320, 9
495000, 7
1165084, 9
1127820, 8
1035640, 9
347660, 7
337684, 8
1325324, 10
99052, 7
1565640, 8
972500, 9
825320, 7
1142500, 8
587664, 8
527500, 8
1080320, 10
950320, 9
1247580, 8
687660, 8
867500, 9
1255324, 9
662842, 9
430210, 9
685940, 7
1820000, 8
767500, 8
1175174, 9
1262500, 5
655320, 8
1265000, 9
520944, 8
1750000, 8
1167500, 9
882500, 6
1107590, 10
1162660, 9
967660, 9
1220000, 9
841720, 9
1430350, 11
617682, 8
1080160, 9
547500, 7
890328, 10
742660, 6
1720320, 8
810940, 9
1190646, 9
1062500, 9
680160, 8
1040948, 9
2588170, 11
1535320, 9
2719220, 10
1895328, 10
1065174, 10
1520000, 9
570320, 7
1330000, 8
705000, 7
610000, 8
1202500, 8
1015000, 8
860174, 9
1497500, 9
1785940, 9
997660, 9
1482828, 10
2280000, 10
903444, 11
1295320, 9
838180, 10
1475000, 9
848440, 9
1092500, 9
995000, 9
842500, 8
912500, 9
1180000, 8
995000, 9
2202820, 9
577500, 7
485000, 6
1850000, 9
232618, 7
1047660, 8
1277500, 8
1825000, 8
780940, 9
420324, 8
992686, 8
760160, 7
1567820, 10
898440, 8
775000, 8
1990320, 8
1179224, 10
560000, 6
445176, 9
1362500, 9
815644, 9
1460952, 9
1145000, 9
465324, 8
915000, 7
1052500, 8
1347500, 9
968440, 9
1070666, 9
1211720, 10
640000, 8
1055330, 10
640000, 8
665164, 9
1855000, 8
1047674, 9
947500, 8
925084, 9
427500, 7
1010000, 9
1107820, 9
1111720, 9
487598, 8
827500, 8
412500, 7
1627660, 9
885640, 9
636720, 8
985000, 8
927820, 9
965160, 8
1207820, 10
1295000, 9
730000, 8
2355160, 9
555320, 7
2055328, 11
545000, 6
755000, 9
867660, 8
781726, 10
892580, 10
336680, 7
1825000, 8
830000, 9
308366, 8
600000, 7
1120160, 10
622928, 8
1010940, 8
1932826, 10
1190320, 9
562580, 7
783140, 7
414232, 8
1472500, 8
677500, 8
435000, 7
690330, 8
793440, 8
932500, 8
1144740, 9
1760320, 9
587820, 8
407500, 8
495372, 8
910000, 8
975164, 10
1935328, 11
1785080, 10
491260, 10
1157500, 8
985000, 8
637500, 7
526720, 9
1595000, 9
1015000, 8
1425160, 9
1362820, 9
852500, 9
1395640, 9
877580, 10
515330, 7
922826, 11
992500, 8
863440, 9
765160, 9
1902500, 9
1683140, 10
587500, 8
575164, 9
1145080, 9
652500, 7
800320, 9
1100340, 11
1160168, 9
2280000, 10
132660, 5
735940, 9
827580, 8
1090000, 8
677500, 8
1343140, 9
1043144, 10
685086, 9
792660, 8
970000, 8
684011, 10
1175000, 9
366684, 8
742500, 7
575164, 9
925000, 8
680160, 8
942820, 9
607848, 8
2067500, 9
822500, 9
1145000, 9
772500, 7
782500, 8
795940, 9
827500, 8
532500, 7
1665320, 10
1460086, 10
747820, 9
1332820, 9
1152580, 9
757836, 8
1163440, 9
610324, 9
920000, 6
869228, 9
3207830, 10
711724, 9
720000, 7
1570160, 10
1887500, 9
567676, 9
1247500, 8
1602820, 9
636720, 8
1370320, 9
1865354, 10
794230, 9
373028, 9
995000, 9
957500, 9
897500, 9
740000, 9
1830940, 9
1067820, 8
1172500, 8
852820, 9
1225320, 8
1942500, 7
778440, 8
1012588, 8
940000, 8
442500, 7
1455160, 9
396720, 8
820330, 9
1086720, 8
610320, 8
1415952, 9
923440, 9
910748, 9
812500, 8
940160, 7
1350160, 9
1800000, 10
797500, 8
883448, 9
1343140, 9
1685336, 10
465000, 7
463975, 9
534186, 9
655000, 8
1218440, 10
859220, 10
875320, 9
437580, 8
1225160, 10
1760330, 10
1352500, 8
1270000, 8
1385332, 10
777660, 8
612674, 9
1357892, 9
1255000, 8
587500, 8
720000, 7
720000, 7
1247500, 8
1882686, 10
1410644, 10
1642660, 9
842500, 8
955172, 9
937500, 7
1557500, 9
1210328, 9
632590, 9
2085174, 10
925000, 8
622660, 9
465000, 7
375000, 7
317670, 8
720160, 9
1050160, 9
757500, 7
490000, 8
1160000, 9
442660, 6
530040, 8
176246, 6
1655000, 9
1170160, 9
1347500, 9
668148, 10
1145080, 9
992500, 8
1152580, 9
1302500, 9
1242820, 9
760000, 8
1525340, 10
1052500, 8
320560, 7
1017500, 9
827838, 10
1070640, 8
1410946, 10
1270000, 8
1805320, 9
1377840, 11
842500, 8
1342660, 9
695000, 6
555000, 7
975080, 10
530160, 8
1360164, 11
770160, 8
1377842, 11
2495178, 10
1205320, 9
1250320, 9
1135000, 8
800658, 9
908140, 9
1545320, 10
1117660, 9
1242580, 9
1442660, 10
450000, 7
610000, 8
1122660, 8
655000, 8
747500, 9
1277500, 8
