Evaluations, Played
2845, 6
5453, 6
2138, 5
1898, 5
2155, 5
3373, 5
3827, 5
3518, 6
5700, 5
4800, 6
6900, 6
2900, 5
4900, 5
3924, 5
6200, 7
4600, 5
5200, 5
8300, 7
3600, 5
7800, 7
3600, 5
5400, 5
1547, 5
4900, 5
3384, 5
5200, 6
6800, 6
6200, 6
5400, 6
5900, 6
2800, 4
6400, 6
2142, 4
4300, 6
1700, 4
3300, 5
5800, 6
8700, 8
4900, 5
1124, 4
3100, 5
6700, 7
1397, 5
5100, 5
3800, 5
4252, 6
3259, 6
5500, 6
3464, 6
4000, 5
1924, 5
4900, 5
5200, 6
3800, 5
4291, 6
4400, 6
3779, 5
4000, 5
2698, 5
5700, 6
7000, 6
5400, 6
6500, 6
1165, 5
6200, 6
2769, 5
4000, 5
4800, 4
6000, 7
4300, 5
3200, 5
5400, 5
3174, 5
2448, 5
5600, 5
2700, 4
2800, 4
2900, 5
5500, 6
6400, 7
6300, 5
4100, 4
6800, 6
70, 4
1848, 4
5800, 6
548, 3
3400, 5
4800, 5
8800, 7
74, 4
2000, 3
5800, 5
2900, 4
4900, 5
7200, 6
1624, 4
4600, 6
4900, 5
5600, 5
7600, 6
4000, 5
464, 5
1048, 4
1700, 4
6200, 6
3900, 4
656, 4
3700, 5
1700, 4
4400, 5
2500, 4
3300, 4
5200, 6
5400, 6
3600, 4
6000, 6
4900, 5
3900, 5
4648, 6
4800, 6
1697, 5
1648, 4
3200, 3
4448, 6
3099, 5
456, 4
3700, 6
5000, 5
5000, 5
5800, 6
9100, 7
3800, 5
4100, 6
4100, 5
4500, 5
8700, 7
10000, 7
2700, 4
60, 3
9200, 6
9600, 7
9900, 7
3700, 4
6200, 6
3800, 4
6000, 6
3700, 4
6400, 6
4600, 5
3628, 6
2498, 5
5200, 5
78, 5
5700, 5
9100, 7
1348, 4
4800, 5
4900, 5
4200, 4
2600, 4
7200, 6
4900, 5
600, 2
1465, 4
3100, 4
4600, 4
4700, 6
4600, 5
5400, 4
2997, 6
3500, 4
4900, 5
5000, 5
3900, 4
6000, 6
3100, 3
4400, 5
428, 4
4200, 5
4252, 6
6000, 6
5224, 6
3600, 5
4400, 6
4348, 5
2424, 5
8000, 7
2200, 4
5900, 5
5400, 6
8400, 7
1148, 4
2800, 4
3900, 4
2341, 6
5500, 6
4000, 5
4100, 5
6500, 6
5400, 5
2400, 3
48, 2
5900, 6
2748, 4
4500, 5
5900, 6
3648, 5
4300, 4
74, 4
5600, 6
5800, 6
660, 5
3800, 4
3448, 5
560, 5
3702, 6
6500, 7
7200, 7
5600, 7
1998, 5
5000, 5
6000, 7
5800, 5
5524, 6
6300, 5
6800, 7
1024, 4
2647, 6
2800, 5
2048, 5
5300, 5
4600, 6
4000, 4
6100, 6
4800, 6
3548, 5
4100, 5
2600, 4
1652, 5
5800, 5
3600, 5
2254, 5
6000, 6
5700, 6
5349, 7
4300, 5
3548, 5
8000, 6
3548, 5
9600, 5
6200, 6
1087, 4
2700, 4
4300, 5
4217, 6
3273, 5
2324, 5
4600, 6
6500, 6
5176, 6
4324, 6
4300, 5
5700, 6
7900, 6
8000, 6
752, 4
6100, 6
2701, 5
5500, 5
4500, 5
3600, 5
4800, 5
5200, 5
4200, 5
3300, 4
5400, 6
6700, 6
1997, 5
5300, 5
4400, 5
3600, 5
4200, 4
4200, 5
4700, 6
948, 4
1848, 4
1252, 5
2528, 5
3600, 5
6600, 6
679, 5
1457, 5
5800, 6
6700, 7
3824, 5
2496, 6
4448, 6
5000, 6
3248, 6
5000, 5
6724, 6
2900, 4
4700, 5
5224, 6
2648, 5
5600, 5
1999, 4
6100, 6
3700, 5
1800, 4
2448, 5
3524, 6
3548, 6
3500, 5
1797, 5
3224, 5
5200, 6
1452, 5
6100, 7
1798, 4
1847, 5
6800, 7
2900, 5
6400, 6
1676, 5
5800, 6
6200, 7
2700, 3
7800, 6
3548, 5
5600, 6
4800, 6
6800, 6
5048, 6
3000, 4
3800, 5
4800, 6
4500, 5
4900, 5
954, 5
5400, 7
3600, 4
3800, 5
3000, 5
5300, 5
6400, 5
2500, 5
3452, 6
5500, 6
1848, 4
1148, 4
4400, 5
3800, 5
3800, 6
5799, 6
5100, 5
3300, 5
1448, 4
4548, 6
5600, 5
6700, 7
3600, 5
6400, 6
7100, 6
1747, 5
2324, 5
5500, 5
4227, 5
4200, 4
2017, 5
7400, 6
1648, 4
5700, 6
5000, 5
5300, 5
742, 5
3900, 5
3948, 6
5149, 6
4400, 5
4800, 5
1500, 3
11700, 6
3695, 5
3800, 5
6024, 7
3600, 4
3102, 6
4500, 5
1165, 5
1111, 5
2147, 5
3828, 6
2600, 4
5300, 5
5448, 6
6248, 7
4900, 6
4700, 6
3300, 5
3100, 5
2700, 4
6000, 5
3652, 6
2300, 4
629, 5
4600, 5
3210, 5
7100, 6
2100, 3
7200, 7
3100, 5
4100, 4
5800, 6
3900, 5
4800, 5
3448, 5
2948, 5
8400, 7
6900, 6
3000, 4
1228, 5
3848, 6
5024, 6
1752, 6
5400, 6
5049, 6
1248, 4
2155, 5
7500, 7
6400, 7
3247, 5
4000, 5
673, 4
5000, 5
4300, 5
3300, 5
2719, 6
4600, 6
2060, 6
1897, 5
7200, 6
5649, 6
1548, 4
1648, 4
2200, 4
3200, 4
3927, 5
5200, 5
4500, 6
4100, 6
3097, 6
3900, 5
3700, 6
4453, 5
3600, 5
4400, 5
1948, 4
648, 3
3838, 5
3548, 5
2200, 4
6500, 6
1000, 3
3148, 5
8300, 7
748, 3
1196, 5
5100, 5
2800, 4
4400, 5
3900, 5
6800, 5
648, 3
4300, 5
4900, 6
3799, 5
6500, 6
6300, 6
3100, 5
3948, 5
1453, 6
2452, 6
7000, 6
4400, 5
3800, 5
5000, 6
6300, 6
4348, 6
1056, 5
6599, 7
3948, 6
3900, 5
5300, 6
4424, 5
6300, 6
1499, 4
5000, 5
3252, 6
8000, 7
4100, 5
3041, 7
5200, 5
4400, 5
7100, 7
4347, 7
7400, 6
4700, 6
3800, 4
6300, 6
2631, 5
2148, 5
1397, 5
4600, 5
8300, 7
4400, 5
7700, 6
6400, 6
6000, 6
2497, 5
3200, 5
6500, 6
4400, 5
5100, 5
1048, 4
1324, 4
7300, 6
7700, 6
5400, 5
7000, 6
74, 4
4048, 5
6800, 5
600, 2
3600, 4
624, 3
3800, 4
66, 3
4500, 5
6800, 6
3700, 4
5500, 5
4000, 4
2600, 5
3600, 5
3400, 4
6400, 6
5900, 6
5500, 6
4300, 5
3600, 5
8400, 7
6300, 7
3600, 5
4700, 6
4548, 6
6100, 6
1948, 5
3748, 7
5100, 5
8300, 7
3948, 5
6900, 7
3348, 6
3148, 5
6600, 6
5600, 6
3449, 5
4500, 6
3748, 6
3400, 4
5500, 5
1146, 5
3252, 6
2149, 4
7100, 6
1497, 5
3100, 4
2800, 4
4300, 5
6000, 6
4400, 5
7100, 7
5600, 6
1273, 5
5900, 6
2900, 5
6500, 6
5220, 5
2092, 5
7800, 7
8700, 8
6800, 6
2958, 5
5200, 5
4800, 6
4600, 5
5900, 7
5500, 6
8300, 7
6100, 6
3400, 5
5900, 6
3900, 5
4500, 6
4900, 7
5500, 5
6300, 7
3300, 5
5100, 6
3900, 5
6700, 6
2624, 5
4500, 5
2092, 5
6700, 7
1348, 4
2732, 5
5600, 6
6800, 6
5240, 7
5900, 6
6300, 6
6300, 6
2796, 6
5600, 6
3600, 5
3700, 5
4800, 5
3071, 6
6300, 6
2797, 6
4216, 5
4700, 6
4000, 5
3600, 5
3224, 5
4900, 5
2498, 5
3000, 3
6800, 7
9100, 7
78, 5
3500, 4
2948, 5
1300, 3
3000, 4
3300, 3
3300, 4
2000, 3
8000, 7
5700, 6
6100, 6
4752, 6
5200, 7
7800, 7
3548, 6
8400, 6
3024, 5
12100, 7
4324, 6
5300, 6
6100, 6
68, 4
5000, 5
7900, 7
6300, 6
4800, 4
3100, 4
1948, 4
2848, 4
7100, 7
1224, 4
1724, 4
4600, 5
5600, 5
2548, 5
4100, 5
6248, 7
5600, 4
5200, 5
3924, 6
654, 4
5400, 6
2029, 5
4448, 5
5900, 6
6500, 5
4200, 6
5200, 5
4800, 4
6000, 7
5800, 6
5900, 5
5000, 4
4600, 4
2300, 4
3000, 5
4900, 5
8800, 7
4600, 5
3600, 4
4700, 5
2800, 4
6700, 6
70, 4
4200, 4
2200, 3
548, 3
3900, 4
2748, 5
5600, 5
3700, 5
6800, 7
2199, 5
6500, 6
2155, 5
1497, 5
3200, 5
82, 6
3200, 4
4300, 5
7100, 7
3400, 4
4000, 5
3648, 4
6500, 6
5500, 4
1897, 5
5800, 5
4038, 6
7500, 6
1800, 4
2847, 6
6700, 6
4500, 5
4300, 6
4500, 5
5500, 5
5100, 5
4300, 6
4900, 6
4900, 6
7300, 6
2198, 5
4000, 5
5800, 6
2400, 4
6100, 6
4000, 5
5648, 7
2048, 4
4600, 5
6600, 5
4900, 5
2300, 4
5900, 5
6300, 7
448, 3
3300, 4
3477, 6
2948, 5
4300, 6
1152, 5
4900, 5
4048, 5
6800, 6
3700, 5
2700, 5
2800, 4
4500, 6
5800, 5
3700, 5
5000, 6
1551, 6
4700, 4
4500, 5
4800, 6
3300, 5
6300, 5
1500, 3
6100, 6
4200, 6
3800, 4
5200, 5
6700, 6
460, 5
4000, 5
3548, 5
7948, 7
2500, 4
2948, 4
4400, 5
4200, 5
4500, 5
5224, 6
5800, 5
6200, 6
1897, 5
5200, 5
2155, 5
4300, 5
4400, 5
3912, 6
4200, 5
1124, 4
3924, 5
4448, 5
8900, 6
4848, 5
2548, 5
5524, 7
3300, 5
5900, 6
5600, 6
6800, 6
2024, 5
6500, 6
5600, 6
4000, 5
3548, 5
2666, 6
2648, 5
6300, 6
3000, 4
3200, 4
6300, 5
3600, 4
2200, 4
4848, 7
2624, 5
17600, 5
5700, 5
5700, 6
5800, 5
9500, 7
4600, 6
4200, 6
5100, 6
2700, 4
2618, 7
6800, 6
6100, 5
3134, 6
3454, 6
3045, 6
6500, 6
5500, 5
4200, 5
1697, 5
5700, 6
3052, 6
5700, 5
4600, 5
1052, 5
5400, 6
5200, 6
5100, 5
4700, 6
5900, 6
1272, 5
4500, 6
2200, 4
5100, 5
3524, 5
3748, 6
4600, 4
1900, 4
5900, 6
4400, 4
6248, 7
1946, 6
1897, 5
4500, 5
3600, 5
3585, 6
4938, 5
5900, 6
5800, 6
3900, 5
3800, 5
2000, 4
2281, 5
1048, 4
6600, 6
3400, 5
448, 3
2652, 5
7300, 7
456, 4
2719, 6
6900, 7
4600, 4
3752, 6
5100, 6
3900, 5
5000, 5
5000, 5
554, 4
1154, 5
7700, 6
2797, 6
4400, 6
7300, 7
2549, 5
4024, 5
4800, 5
4000, 5
4028, 6
5300, 6
3000, 4
6100, 6
1647, 5
6800, 6
3452, 5
6900, 6
3300, 5
3700, 5
5500, 6
1900, 3
5400, 6
3748, 5
5700, 6
1648, 4
5600, 5
5400, 7
2748, 5
3900, 5
6200, 6
5400, 5
4700, 5
6900, 7
4900, 5
6000, 7
4500, 6
4900, 5
6000, 6
7049, 7
4448, 6
2248, 5
2630, 6
4400, 5
3100, 4
2900, 4
2029, 5
5300, 5
1176, 6
5700, 5
4200, 5
2932, 5
3234, 7
5048, 6
5800, 5
2148, 5
3348, 5
4900, 6
3348, 5
4900, 6
4400, 6
4124, 6
5300, 6
4500, 4
5600, 5
3600, 5
4600, 5
7000, 6
3424, 6
2523, 5
1714, 5
5400, 5
4200, 5
8000, 6
1900, 4
2124, 5
1225, 5
7100, 8
6200, 6
5424, 7
1600, 3
3800, 5
5800, 6
5600, 6
4900, 6
8200, 8
2800, 5
4700, 6
8000, 7
4048, 5
3248, 5
2800, 5
8000, 7
5600, 5
6471, 8
4100, 5
5500, 6
2924, 6
4500, 5
3448, 5
7500, 6
3748, 5
4900, 6
7500, 6
3800, 4
1348, 4
4800, 5
2400, 4
7500, 7
4400, 5
6500, 6
5500, 6
448, 3
3000, 5
8700, 7
5000, 5
3100, 5
6500, 7
2398, 5
4100, 6
5424, 6
4400, 5
6100, 5
4900, 5
3490, 5
7500, 6
6300, 6
6600, 6
6100, 6
4300, 6
4300, 5
1348, 4
3300, 4
6400, 6
7200, 6
5500, 6
70, 4
3300, 4
3000, 5
166800, 5
4400, 5
7000, 6
6600, 6
2717, 5
8300, 7
3600, 4
2908, 6
5200, 5
7800, 7
628, 4
74, 4
6400, 6
3800, 5
2748, 4
2400, 4
2052, 5
2748, 4
6900, 7
5600, 4
3500, 5
4200, 5
6600, 6
3400, 5
2700, 4
1547, 5
6200, 6
4148, 5
4000, 5
2100, 4
4348, 6
6000, 6
2948, 5
1246, 5
6500, 6
3900, 5
3300, 5
3948, 5
6300, 6
4700, 6
2624, 5
5200, 5
5500, 6
7600, 6
6300, 6
3248, 4
3200, 4
5000, 6
3648, 6
2798, 5
2600, 4
8100, 5
8300, 6
48, 2
2148, 4
2500, 4
4700, 5
4500, 6
5500, 5
1697, 5
7000, 6
4100, 5
4600, 5
4500, 6
5900, 6
4300, 5
7300, 7
1647, 5
6700, 6
4700, 6
3624, 5
4300, 5
2700, 4
6700, 7
64, 3
2300, 4
5100, 6
7400, 7
1548, 4
648, 3
5000, 6
2948, 4
5600, 5
4600, 6
2500, 5
7400, 6
3300, 4
3900, 5
4948, 6
4900, 6
4100, 4
5600, 5
5800, 6
3600, 4
1154, 5
6000, 5
5600, 6
460, 5
648, 3
6800, 6
2347, 6
5900, 5
2648, 5
4400, 5
2724, 5
6500, 7
1448, 4
6800, 7
7600, 7
5200, 5
2700, 4
1852, 5
2700, 4
3800, 5
4535, 7
4900, 5
3700, 5
5500, 6
7600, 6
1724, 5
9400, 7
1148, 4
4300, 3
6000, 6
3874, 5
4800, 5
2900, 4
3300, 4
8400, 7
7000, 7
5400, 6
7900, 7
3500, 4
3800, 5
4201, 5
5700, 6
1847, 5
4769, 6
8600, 6
7100, 7
6800, 6
4975, 7
2400, 4
4100, 5
3500, 5
5100, 5
4200, 4
4800, 6
2845, 6
3300, 5
2933, 6
1900, 4
3229, 6
4600, 5
2097, 5
1222, 5
3438, 5
2124, 5
3134, 7
3300, 5
4500, 5
5700, 5
5280, 6
4300, 5
2500, 4
5600, 6
2995, 5
4600, 5
3384, 6
4100, 5
2400, 4
4500, 5
2268, 4
2700, 5
7100, 6
2200, 3
3924, 5
5000, 6
5500, 6
66, 3
5800, 6
3700, 4
3700, 4
2548, 4
3300, 4
4200, 4
60, 3
7800, 7
7400, 6
6700, 7
2148, 4
3500, 4
4200, 4
4948, 6
5700, 6
4100, 5
1897, 5
2046, 6
4800, 6
2146, 6
5400, 5
1447, 5
7900, 7
4600, 5
3738, 5
5300, 5
5100, 6
3500, 5
2400, 4
5800, 6
4348, 6
554, 4
4200, 4
3259, 6
2200, 4
4349, 5
448, 3
4300, 5
5900, 6
5100, 5
6100, 6
4200, 5
5600, 6
6600, 6
3200, 5
3648, 5
4800, 6
554, 4
4700, 6
4300, 4
2287, 6
948, 4
3999, 5
7700, 7
4000, 4
4800, 5
6800, 6
2606, 5
5448, 7
464, 5
2600, 5
6000, 5
5800, 5
5400, 5
2352, 6
500, 2
4900, 6
3000, 5
1248, 4
4200, 5
6500, 7
1421, 6
2673, 6
5648, 5
4924, 6
5500, 5
5600, 5
448, 3
4400, 6
6400, 6
2398, 5
7800, 7
7900, 7
4800, 6
6100, 6
7200, 6
1852, 5
4000, 4
8200, 6
6000, 5
7900, 7
4100, 4
7100, 7
4548, 6
6300, 6
4400, 6
4500, 5
4000, 5
4136, 7
5100, 7
924, 4
2824, 5
1396, 5
3451, 7
3600, 5
4348, 6
5000, 5
3500, 5
3448, 6
3400, 5
5500, 5
4700, 6
3700, 6
1458, 6
3000, 4
3652, 6
5600, 5
4548, 6
1152, 5
8000, 5
5300, 6
4300, 5
4800, 5
4248, 6
4300, 5
4424, 6
1124, 4
2148, 4
4200, 5
2648, 4
2700, 4
7900, 7
3100, 5
5600, 6
6800, 5
4224, 6
3200, 5
4600, 5
2500, 4
6500, 7
4300, 5
5400, 5
6100, 6
5800, 5
5000, 5
4300, 5
2821, 5
2969, 5
6700, 7
4100, 4
3100, 3
2800, 4
7200, 7
5700, 6
4231, 7
4700, 5
4900, 6
3248, 6
3500, 5
1548, 4
5500, 6
6300, 6
2300, 4
5900, 6
4800, 5
4600, 5
3624, 5
5400, 6
3435, 7
4600, 5
4500, 6
6500, 6
4000, 5
2470, 5
4200, 5
5600, 5
3900, 5
1700, 4
458, 4
1030, 5
3900, 5
5700, 6
4900, 5
4400, 5
6400, 7
5800, 6
2948, 5
6400, 7
1900, 3
5700, 6
3500, 5
7900, 5
3800, 4
4600, 5
1948, 4
5600, 6
5700, 6
2148, 4
2100, 3
1447, 5
3349, 6
3400, 5
3700, 5
1448, 4
2900, 4
1948, 5
4800, 6
2072, 6
1248, 4
4800, 5
5000, 6
4153, 6
9400, 7
3900, 5
6548, 6
1200, 3
1997, 5
3324, 5
1348, 4
2900, 4
3900, 5
4200, 6
3600, 5
5000, 5
3124, 6
6600, 6
4624, 6
464, 5
7692, 8
2300, 4
3348, 5
5200, 6
3336, 5
2548, 5
2052, 6
5724, 7
6100, 6
6100, 7
5000, 5
4324, 5
7400, 7
7700, 8
1966, 5
5100, 6
4648, 6
7100, 6
5600, 5
6800, 7
8300, 6
5500, 5
1354, 5
2900, 4
1134, 6
4500, 5
6400, 5
4800, 5
2302, 5
5500, 6
4600, 5
5000, 6
3448, 6
5600, 6
4800, 5
3024, 5
2700, 5
3900, 5
4400, 6
8100, 6
3448, 5
3838, 6
5400, 6
5500, 5
1847, 5
5300, 6
3000, 5
6247, 7
4600, 5
2097, 5
3900, 4
5200, 5
4000, 5
5600, 5
7600, 6
3700, 5
6200, 6
3700, 4
753, 5
4900, 6
3700, 5
1652, 6
5200, 6
5300, 5
4800, 5
6700, 6
1346, 5
7900, 7
2900, 5
3497, 6
7000, 6
5100, 5
1948, 5
3359, 6
4000, 5
6800, 6
4800, 4
5500, 7
5800, 6
3348, 5
5800, 6
5300, 7
8800, 7
4500, 5
1916, 4
8100, 7
4100, 5
5800, 5
4500, 5
1448, 4
4900, 5
4100, 4
5700, 5
5600, 6
6300, 6
5300, 5
5900, 6
7800, 7
3500, 3
6400, 4
68, 4
2200, 3
5400, 6
3148, 4
4100, 5
1052, 4
6000, 5
64, 3
6500, 6
3600, 4
4700, 4
1500, 3
7000, 6
3100, 4
2261, 5
4500, 5
3800, 4
4100, 5
9200, 7
5000, 6
4735, 8
3600, 4
4224, 5
7100, 6
1700, 3
7300, 6
2593, 6
2948, 5
4000, 4
1348, 4
4566, 7
4800, 5
4200, 4
2700, 4
3799, 5
3900, 5
2700, 4
2948, 5
4000, 4
6100, 7
5400, 6
6700, 5
3500, 5
4300, 5
3300, 5
7500, 7
2824, 5
548, 3
5600, 5
5200, 5
7600, 6
3100, 5
3848, 6
4300, 6
5800, 5
6800, 7
70, 4
2400, 4
8600, 7
3700, 4
5300, 5
6900, 7
10100, 6
6100, 6
4600, 5
6000, 6
7900, 6
3512, 6
3749, 4
4200, 5
72, 5
4100, 5
6000, 6
2800, 4
4748, 5
3548, 5
4800, 5
5900, 6
10000, 8
4800, 5
4200, 5
6800, 7
5600, 6
2149, 4
5000, 6
2200, 4
2000, 3
4100, 4
5200, 5
6500, 7
5300, 5
1800, 4
1700, 3
6400, 6
7300, 5
9400, 7
448, 3
4324, 6
2200, 4
6300, 6
1400, 3
6000, 5
5700, 4
2643, 5
5900, 6
5100, 6
6300, 6
6200, 5
3200, 5
3948, 5
5600, 4
4200, 5
5800, 6
4300, 5
5499, 6
4048, 5
3848, 5
5000, 5
12600, 8
48, 2
5900, 5
5800, 6
3100, 4
8000, 7
1900, 3
3700, 5
48, 2
4400, 3
5300, 5
8700, 6
6700, 5
5600, 5
6800, 5
9700, 8
8000, 6
3900, 5
3348, 5
1909, 6
8300, 7
6200, 7
6900, 6
3600, 4
3400, 3
5100, 4
2358, 4
4100, 4
6800, 6
2200, 4
4817, 6
1503, 4
2500, 2
7500, 7
5700, 6
6700, 7
4654, 6
3200, 5
5000, 5
4300, 4
6800, 5
3000, 3
4300, 5
5200, 6
4948, 6
6300, 6
5900, 5
3600, 4
1900, 2
6100, 6
3696, 7
7300, 6
2800, 4
1300, 3
4877, 7
3500, 4
5400, 4
7700, 7
6500, 6
4600, 5
4900, 5
3748, 5
3600, 4
5300, 5
2498, 5
5700, 6
3000, 3
4500, 5
7000, 6
9800, 7
6300, 6
5800, 6
9900, 6
1997, 5
5300, 4
7700, 6
7300, 7
4700, 6
5500, 5
4300, 5
7500, 5
7100, 5
4100, 6
5000, 5
5000, 5
3800, 4
2899, 5
6800, 7
2698, 5
6600, 6
7000, 6
1572, 5
2005, 6
3154, 7
2800, 4
7900, 7
6600, 7
4000, 6
5000, 5
1356, 5
1792, 5
3400, 5
3224, 5
7000, 6
4700, 6
1497, 5
6000, 5
6000, 6
4824, 6
7600, 7
5300, 5
4200, 6
3324, 5
5500, 6
5124, 6
4516, 7
4600, 6
6900, 6
4498, 6
2000, 4
7300, 7
4800, 5
1000, 3
2971, 6
1128, 5
2722, 5
2324, 5
6000, 6
3300, 4
548, 3
4000, 5
3500, 4
6800, 6
5700, 6
4600, 5
4252, 6
4500, 4
2300, 4
3148, 4
6000, 6
5400, 6
2747, 5
4000, 4
2148, 4
5900, 6
4100, 5
2396, 6
10400, 6
2497, 6
2248, 5
5700, 6
4248, 7
1800, 3
4300, 5
3100, 5
2600, 3
2929, 6
6200, 5
6300, 6
4562, 6
5900, 6
2797, 6
5600, 5
2700, 4
5600, 6
6000, 5
3129, 5
5700, 5
4300, 5
4500, 5
4900, 5
4400, 4
5300, 6
6600, 7
1248, 4
3548, 5
1398, 4
3200, 4
454, 4
2800, 5
3700, 4
4900, 5
5800, 6
4148, 5
5200, 5
4900, 6
3548, 5
6100, 5
3900, 5
448, 3
3200, 4
3400, 5
4200, 5
6000, 5
658, 5
3900, 5
1252, 5
6200, 5
3700, 5
4200, 6
6000, 6
5900, 7
2700, 4
7600, 7
1700, 3
3600, 4
6100, 5
5600, 5
3500, 4
5100, 6
3800, 6
1547, 5
4300, 5
5300, 5
4900, 6
5200, 5
2197, 5
3400, 5
3400, 5
2538, 5
5900, 6
2717, 5
5500, 5
7200, 7
3300, 4
448, 3
4700, 5
9100, 6
4100, 5
2801, 5
5600, 4
7100, 5
2047, 5
6800, 6
9400, 7
1542, 5
4000, 5
1598, 4
3000, 4
5500, 5
6100, 5
3600, 4
3548, 4
4600, 5
7100, 5
4400, 6
5700, 5
5000, 5
2000, 3
6300, 6
2400, 4
2924, 5
3248, 5
3097, 6
5000, 5
5400, 6
3500, 5
2700, 4
4900, 5
424, 3
10300, 6
3100, 4
3900, 5
7100, 6
2500, 3
1947, 5
4500, 5
4100, 5
4900, 5
6900, 6
6600, 6
3800, 4
1348, 3
6500, 5
4000, 4
3300, 5
4900, 5
4900, 5
5100, 6
8100, 6
6900, 7
8600, 6
4900, 5
2388, 6
4900, 6
3124, 5
4200, 5
6700, 5
3600, 4
4400, 5
4949, 6
4100, 5
4000, 5
4100, 6
3395, 5
6600, 6
8300, 7
5600, 5
3600, 5
5548, 6
4500, 5
5300, 5
4000, 6
1800, 4
8100, 6
5500, 6
2247, 5
2407, 5
5200, 5
3800, 4
3306, 6
4900, 5
4500, 4
2000, 4
4500, 5
862, 4
2900, 4
5100, 6
2800, 4
3097, 6
2000, 3
3600, 4
2548, 4
5900, 6
5548, 6
1248, 4
7200, 5
7100, 6
11000, 8
4024, 6
1900, 3
2600, 4
3800, 5
4253, 5
4100, 5
7900, 7
5900, 7
5900, 6
3097, 6
6100, 6
6300, 6
2300, 4
2500, 4
2600, 4
4600, 6
4200, 4
4200, 5
2265, 6
3600, 4
4023, 6
4300, 5
3184, 5
5400, 5
3100, 5
5200, 5
2600, 3
5000, 5
400, 2
6100, 5
5400, 6
4600, 4
3800, 4
3600, 5
6800, 6
1700, 3
2177, 5
5200, 6
3500, 5
548, 3
1452, 5
7700, 5
5200, 6
2348, 4
2700, 5
6600, 6
4900, 6
6700, 6
5000, 5
1697, 5
2029, 5
5800, 5
4100, 5
3500, 4
6800, 6
4172, 6
1847, 5
2372, 6
5300, 5
2747, 6
3500, 5
16300, 6
2845, 6
5000, 6
1298, 4
2348, 5
4148, 5
3800, 5
5948, 6
5200, 6
4800, 4
3124, 6
5600, 6
6200, 6
2848, 4
673, 4
1452, 5
3248, 5
8500, 7
5700, 7
4300, 5
5000, 5
1746, 6
8200, 7
3300, 4
3348, 6
3100, 5
4200, 5
4100, 5
4400, 5
5600, 6
1835, 5
5900, 6
4000, 5
2200, 4
3724, 5
1348, 4
1500, 3
2400, 4
2100, 4
5400, 5
3200, 4
3448, 5
4600, 5
5700, 6
5600, 5
8400, 7
4700, 6
3548, 5
1024, 4
2948, 5
6300, 6
4300, 5
3948, 6
655, 5
4224, 5
5200, 5
2500, 4
4624, 5
4800, 6
6100, 7
1752, 5
5400, 6
4400, 5
2148, 5
1797, 5
3600, 5
2648, 5
2900, 4
5100, 6
6200, 7
2971, 6
3600, 5
3200, 5
4143, 6
4200, 5
6624, 6
7000, 6
3848, 6
673, 4
5200, 6
3348, 5
6200, 6
5300, 5
6500, 6
656, 4
6400, 6
4500, 5
3748, 6
3952, 6
7849, 7
4300, 5
6300, 6
1148, 4
2700, 4
5100, 5
4200, 5
4900, 6
4000, 5
4800, 6
4791, 6
5148, 7
3800, 5
4024, 5
4100, 5
8600, 6
4900, 5
3700, 4
900, 3
5200, 6
3248, 5
2000, 4
4100, 4
6000, 6
460, 4
6300, 7
5600, 6
5600, 6
2600, 4
5224, 6
3600, 5
3400, 5
3400, 5
2624, 5
3000, 4
3500, 5
3900, 4
1447, 5
4827, 5
2648, 5
4438, 6
6500, 5
4600, 5
5300, 5
2500, 3
8200, 7
3900, 4
5500, 6
3108, 6
2800, 4
4200, 5
3800, 4
4849, 6
4700, 5
4024, 6
5900, 6
5800, 5
4500, 4
6200, 5
4200, 5
5200, 5
2795, 5
2848, 5
7700, 7
2548, 5
6000, 7
4124, 6
4700, 5
6600, 6
2948, 5
3000, 5
7000, 7
4838, 6
3947, 6
2500, 4
3824, 5
3800, 5
3476, 5
5200, 5
5700, 5
3900, 5
4600, 5
3900, 4
4200, 5
4000, 5
7800, 6
5900, 5
3034, 6
4500, 5
5400, 6
4100, 5
5400, 6
4200, 5
3500, 5
2348, 4
3000, 5
6000, 6
6400, 7
2600, 4
1900, 3
1597, 5
7200, 9
3748, 6
7500, 6
4848, 6
5500, 4
4600, 6
4300, 4
7400, 6
3700, 4
4100, 5
3600, 5
3900, 5
656, 4
648, 3
1547, 5
7000, 5
4500, 6
2800, 5
5600, 6
3900, 5
2165, 5
1497, 5
5400, 6
1840, 5
1528, 4
3600, 5
4000, 5
4900, 6
7000, 6
2100, 4
5300, 6
3132, 5
4238, 5
4200, 5
1424, 4
5000, 6
1947, 5
3448, 5
7900, 6
6100, 6
5200, 6
6824, 7
4400, 5
958, 5
1248, 4
5500, 6
2549, 5
2600, 4
4600, 5
5500, 5
3624, 5
2900, 5
5500, 6
2848, 5
4100, 5
6200, 7
6000, 7
3848, 7
5500, 6
7500, 6
3212, 5
4800, 5
4600, 5
1600, 4
2047, 5
4400, 5
4100, 5
5524, 6
8600, 6
3400, 5
3124, 5
2924, 5
2344, 5
4800, 5
7500, 6
7800, 7
3058, 5
5400, 7
2092, 5
5900, 6
5074, 6
4700, 6
3400, 4
5700, 6
4100, 5
3424, 5
5300, 5
4258, 6
4748, 6
4024, 5
4800, 6
4900, 6
2155, 5
1449, 4
2400, 4
3928, 6
1497, 4
2146, 5
1705, 5
2046, 5
8000, 6
4324, 6
4500, 6
3324, 5
1296, 5
1221, 5
1496, 5
1097, 4
7100, 7
3924, 5
3924, 6
5600, 6
1346, 5
1496, 5
847, 4
1047, 4
4500, 6
1500, 4
5500, 5
4399, 6
1247, 4
522, 4
1347, 4
847, 4
3296, 6
1948, 4
1853, 6
1148, 4
5600, 6
3900, 5
2800, 5
2548, 6
5700, 6
4100, 4
6700, 7
6500, 6
3100, 4
4400, 5
2000, 4
4500, 5
3548, 5
2300, 4
2000, 4
2848, 5
1228, 5
4024, 7
5000, 5
5900, 6
3000, 5
3897, 6
1948, 4
3900, 5
5100, 5
6400, 6
6000, 6
3500, 5
4600, 5
6700, 7
3900, 5
4700, 5
997, 4
1447, 4
897, 4
1746, 5
677, 5
4000, 5
5400, 5
5100, 6
1409, 5
1446, 5
1147, 4
1297, 4
6000, 5
1600, 3
3900, 4
3800, 5
1297, 4
1447, 4
1597, 4
998, 3
4200, 4
470, 6
1056, 5
6000, 7
1021, 5
1496, 5
1596, 5
1246, 5
2600, 4
448, 3
4199, 5
3052, 6
3200, 5
3900, 5
4900, 5
4000, 5
4448, 6
5500, 5
4800, 6
5600, 5
3400, 4
3100, 5
5700, 5
2700, 4
2000, 3
3100, 3
5424, 6
5800, 6
2900, 5
3800, 5
5400, 6
2652, 6
4700, 6
1752, 6
448, 3
4200, 5
2700, 5
2548, 5
3800, 5
7500, 7
6000, 6
6700, 6
5000, 6
5700, 6
1405, 5
1175, 6
1247, 4
1146, 5
3000, 4
5600, 5
860, 6
5200, 5
227, 4
1121, 5
572, 4
946, 4
4500, 5
3138, 5
5800, 6
4824, 6
847, 4
223, 3
1246, 5
1196, 5
2100, 4
5000, 5
5648, 6
4700, 6
897, 4
596, 4
1147, 4
1670, 6
5300, 6
6300, 6
2848, 5
4007, 8
5700, 6
4000, 5
3648, 5
3824, 6
5300, 5
4200, 5
5148, 6
8000, 7
4100, 5
448, 3
5300, 5
5317, 6
1947, 5
5500, 5
6000, 6
2049, 4
9000, 8
1848, 5
6200, 6
5424, 6
5700, 6
3597, 6
5200, 5
2824, 5
3600, 5
3300, 5
958, 5
3700, 6
2200, 4
5300, 6
4173, 7
4300, 6
1246, 5
1646, 5
1346, 5
1596, 5
7000, 6
6500, 6
3800, 4
2248, 4
1896, 5
1347, 4
796, 4
1796, 5
6900, 6
3700, 6
4400, 5
3200, 5
1496, 5
1396, 5
921, 5
1396, 5
1777, 5
2700, 4
4500, 5
6300, 6
1296, 5
199, 2
1446, 5
1496, 5
4500, 4
4600, 5
8200, 7
5100, 6
5700, 6
1213, 4
3900, 6
5600, 5
4200, 5
4400, 6
3300, 4
2352, 5
4500, 4
7100, 6
7800, 6
6300, 6
4900, 6
5700, 5
4800, 5
3200, 4
2800, 4
6000, 5
3999, 6
5000, 6
5300, 6
5500, 5
5200, 6
2317, 5
1345, 6
6000, 6
448, 3
4800, 5
4900, 5
4300, 6
5600, 6
3900, 5
4900, 6
6700, 5
3200, 5
5200, 6
3700, 4
1198, 4
6000, 6
7300, 5
6000, 7
2493, 6
3200, 5
3400, 5
4800, 6
3900, 5
6400, 7
8300, 7
5100, 5
6700, 7
3223, 6
2848, 5
4500, 5
2248, 5
2448, 5
3248, 6
5900, 7
4000, 5
3800, 5
4400, 5
9100, 7
6200, 6
1648, 4
7700, 7
3400, 5
5100, 5
3948, 5
3997, 6
4124, 5
1585, 7
4500, 5
7200, 7
5900, 6
3600, 5
3400, 4
3300, 4
748, 3
5200, 6
4000, 5
5900, 6
3148, 5
3800, 5
5500, 5
3348, 4
3200, 5
1597, 5
2452, 5
4600, 5
1196, 5
424, 3
2900, 5
3100, 4
6700, 6
4800, 6
3548, 5
3400, 4
3000, 4
3524, 5
7000, 6
460, 4
5300, 5
3700, 5
4624, 6
2700, 5
4700, 5
1349, 4
7400, 6
8200, 7
4400, 5
6400, 6
3648, 5
1549, 4
1448, 4
4700, 5
4400, 5
6200, 5
3600, 4
5000, 5
4000, 5
5300, 5
5600, 6
3200, 5
400, 2
3124, 6
7900, 7
2200, 3
4700, 7
5800, 5
5248, 6
4100, 5
3848, 5
2000, 4
5000, 4
5800, 6
4796, 7
4800, 5
3800, 5
3423, 6
2900, 4
3400, 4
3423, 6
6100, 5
1977, 5
3600, 4
2192, 5
1797, 5
6800, 6
3800, 5
6100, 5
5900, 5
4300, 5
5500, 6
4900, 5
4300, 5
4700, 6
2344, 5
1200, 3
3648, 5
5700, 6
2948, 5
6600, 6
6100, 5
4100, 4
3148, 5
3390, 5
3700, 5
2561, 5
6400, 6
2800, 5
2656, 6
3300, 5
3232, 5
2300, 4
6100, 6
3538, 5
5800, 5
4100, 5
6700, 6
4600, 6
3700, 5
3800, 4
3848, 5
3719, 6
5200, 5
2100, 3
4600, 5
6400, 6
4000, 4
3800, 4
8500, 7
3348, 5
3500, 5
4897, 7
2900, 4
4100, 5
4200, 5
4000, 5
4400, 5
5600, 4
5000, 6
4200, 5
7300, 6
4500, 5
7400, 6
4348, 5
3500, 4
5500, 6
4900, 6
3700, 6
6400, 6
456, 4
2900, 5
4000, 5
4200, 5
6900, 6
5800, 6
6417, 7
1398, 4
5600, 6
4400, 5
4648, 6
4100, 5
1447, 5
5400, 6
5700, 6
2155, 5
3900, 5
4400, 6
3024, 6
3024, 5
4100, 5
1448, 4
7200, 6
4300, 5
3100, 5
4700, 5
4100, 5
6100, 6
4600, 5
6700, 7
3900, 5
3324, 6
4500, 5
4700, 5
2100, 4
3500, 4
3200, 4
5373, 6
458, 4
4100, 5
4148, 6
6600, 6
2800, 4
3752, 6
3400, 4
2800, 4
4100, 6
5600, 6
5948, 6
2600, 4
3600, 4
2900, 3
2500, 4
649, 3
5600, 7
3500, 5
448, 3
7000, 7
6800, 6
3300, 5
5800, 6
4900, 5
3300, 5
673, 4
6100, 6
2900, 4
4200, 4
1048, 4
1098, 4
6200, 6
4024, 5
4700, 6
5800, 5
4000, 5
1424, 4
5300, 5
4900, 5
4424, 5
1446, 5
810, 4
1297, 4
1446, 5
4400, 6
3500, 5
8700, 7
3724, 5
1246, 5
1246, 5
1196, 5
772, 4
3048, 5
3348, 6
3800, 5
5600, 6
1097, 4
872, 4
1596, 5
1195, 5
4000, 5
2800, 5
2152, 6
4800, 5
1396, 5
971, 5
1199, 6
231, 4
4089, 6
4100, 4
5624, 7
3600, 5
5100, 5
5700, 5
5773, 7
3624, 6
9200, 7
3094, 6
2747, 6
4124, 6
4900, 6
3448, 5
3338, 6
6600, 6
2800, 4
3838, 5
4340, 7
4700, 5
5700, 7
2289, 6
3800, 5
2824, 6
5100, 6
623, 4
5000, 6
3200, 5
2500, 4
8800, 7
4400, 5
5100, 5
2500, 4
1777, 5
4024, 6
6600, 7
1796, 5
1255, 5
1147, 4
1570, 6
3930, 6
4327, 6
5900, 6
2695, 5
2054, 6
2196, 5
1296, 5
1396, 5
2300, 4
4200, 5
4800, 5
3400, 5
1596, 5
1696, 5
1497, 4
1098, 3
1714, 5
4600, 5
2624, 5
4900, 5
1171, 5
1197, 4
1546, 5
1296, 5
1867, 5
3600, 6
2500, 5
1000, 3
2600, 5
2924, 5
3400, 5
460, 4
8300, 8
4000, 5
1727, 4
1146, 5
4448, 5
6500, 6
2800, 4
1448, 4
4800, 6
4300, 5
7800, 6
4300, 5
8100, 6
4100, 5
6900, 6
2852, 6
3300, 5
4400, 6
4600, 6
3778, 7
5900, 5
6700, 7
309300, 5
5700, 7
3900, 4
3652, 6
4100, 5
1248, 4
1846, 5
522, 4
1246, 5
945, 5
6700, 6
4324, 5
7000, 7
4700, 6
897, 4
2196, 5
1259, 5
223, 3
4900, 5
2400, 4
6700, 6
7600, 6
1496, 5
1247, 4
1346, 5
1396, 5
5100, 5
3052, 6
5500, 6
3900, 5
846, 4
2096, 5
1196, 5
947, 4
736, 4
2848, 5
5700, 6
2700, 4
1452, 5
5600, 6
4300, 6
2659, 5
5400, 5
5000, 5
5100, 5
4700, 5
4100, 5
2600, 4
4100, 5
8100, 7
3248, 5
3600, 5
5700, 6
3800, 4
4400, 6
7000, 6
464, 5
5600, 6
5100, 5
5600, 6
3900, 5
3600, 6
1200, 3
3000, 5
5500, 5
4400, 5
2000, 4
1048, 4
3500, 4
1454, 5
1446, 5
1447, 4
1896, 5
1346, 5
3900, 5
6500, 6
5700, 6
4600, 6
947, 4
1850, 5
1646, 5
1346, 5
2800, 4
5048, 6
1200, 3
470, 6
1145, 5
237, 5
871, 5
1296, 5
3990, 4
4300, 5
3700, 5
5700, 7
476, 5
1995, 6
1646, 5
1560, 5
3400, 4
5400, 6
6800, 6
4800, 7
5200, 6
4500, 6
8100, 7
6600, 6
4100, 5
1997, 5
8100, 5
4000, 4
5200, 5
4200, 5
4500, 5
2200, 4
4700, 6
7400, 7
6400, 6
4500, 5
1048, 4
4500, 5
4600, 5
5300, 5
2155, 5
2400, 4
6600, 6
5900, 6
5300, 5
5249, 6
5824, 6
3748, 5
5100, 4
4600, 5
3948, 5
3448, 5
5224, 6
5300, 6
6200, 6
4148, 6
7800, 7
3552, 6
4800, 5
4148, 6
4300, 5
1700, 4
6200, 6
1954, 5
2112, 5
2656, 6
3300, 5
4500, 5
3000, 5
1300, 3
5598, 7
2724, 5
4100, 4
1647, 5
6300, 6
5500, 6
1554, 5
6500, 6
6600, 7
4800, 6
3300, 5
3400, 5
5200, 5
3800, 5
2897, 6
2400, 4
7600, 6
3300, 5
4200, 4
1598, 4
5300, 5
5200, 6
2500, 4
4700, 5
1798, 4
3700, 6
8400, 7
1797, 5
1748, 5
6000, 6
4600, 5
4838, 6
629, 5
1296, 5
1748, 4
4700, 5
4800, 5
3700, 5
3500, 5
3700, 6
5400, 6
5900, 6
3900, 5
4024, 5
3548, 5
5649, 6
4500, 6
2700, 4
3000, 5
3100, 4
4800, 5
3300, 5
1148, 4
4800, 5
5000, 5
6200, 6
2124, 5
4700, 5
6000, 6
2248, 5
9100, 6
4400, 6
5400, 6
2500, 5
1777, 5
2324, 4
7100, 6
2400, 4
3600, 5
458, 4
1354, 5
2748, 5
4400, 5
4700, 5
6200, 6
5700, 5
1547, 5
1900, 3
4700, 5
2200, 4
4800, 6
4700, 5
8400, 5
6700, 6
5300, 6
4900, 4
5400, 5
5848, 6
5146, 8
2100, 3
5800, 7
2530, 6
2966, 6
6100, 7
5400, 5
5200, 6
3296, 6
6500, 6
6400, 6
3300, 4
4100, 6
4300, 5
5600, 6
6800, 6
4400, 6
3900, 4
2700, 3
4200, 4
5300, 5
4648, 7
3500, 4
4500, 5
3824, 5
4200, 6
4400, 5
3400, 4
5300, 6
4400, 5
3400, 5
4600, 4
4189, 6
7600, 7
4065, 6
2700, 4
1661, 5
5600, 6
2700, 4
3700, 5
3274, 5
3900, 5
4200, 4
3900, 5
5024, 6
3448, 5
4500, 5
4400, 5
4054, 6
3496, 6
3500, 5
2800, 4
4500, 5
6100, 6
464, 5
2500, 4
6600, 6
6200, 7
9600, 7
7800, 7
4400, 5
1700, 4
3248, 6
4800, 6
5000, 5
2900, 5
7300, 6
1700, 3
4800, 6
4400, 6
6700, 6
4348, 6
5500, 6
5200, 5
2298, 5
5200, 5
4800, 5
4879, 7
4424, 6
4200, 5
6100, 6
6300, 6
2048, 4
8249, 8
5548, 7
6400, 6
4600, 4
6200, 6
4800, 5
5600, 5
2554, 6
4100, 4
2052, 5
6100, 6
2648, 5
4600, 6
3500, 5
2200, 4
1000, 3
4200, 5
2900, 5
3044, 6
2100, 4
7400, 6
4300, 5
5800, 6
3448, 5
1052, 5
3100, 4
5024, 6
6600, 6
5000, 6
4800, 5
5800, 7
1134, 6
657, 5
3900, 4
4949, 6
5100, 6
4700, 5
4900, 5
2748, 4
3638, 5
2300, 4
6000, 6
4800, 5
3444, 6
3400, 5
5100, 5
4700, 5
454, 4
2100, 3
6200, 6
1748, 4
3024, 5
4500, 5
2624, 5
5100, 6
4300, 5
2738, 5
4700, 5
6024, 7
6524, 7
6500, 5
6100, 7
3200, 4
5400, 5
3300, 4
1034, 6
6400, 6
1396, 5
822, 4
1346, 5
971, 5
458, 5
5300, 5
6600, 6
6400, 5
1396, 5
1370, 6
1746, 5
946, 4
5600, 5
5500, 6
2985, 5
4300, 5
2495, 6
1446, 5
1247, 4
2046, 5
4500, 5
5748, 6
3148, 5
4000, 5
2096, 5
902, 5
847, 4
997, 4
8300, 7
3448, 6
4000, 5
6648, 7
2648, 5
7000, 7
5724, 6
5400, 5
5297, 7
3330, 6
4600, 6
5700, 5
1800, 4
4000, 5
2700, 4
4300, 6
5100, 5
3900, 5
4224, 6
3400, 4
3448, 6
4300, 5
5124, 6
466, 5
4000, 4
4048, 5
1150, 6
4098, 6
3900, 5
3107, 6
4300, 5
5300, 6
1452, 5
2900, 5
3748, 5
5900, 5
1846, 5
1097, 4
498, 3
602, 5
5685, 7
5600, 6
3733, 6
6000, 7
871, 5
2296, 5
2021, 5
2246, 5
4600, 5
3600, 4
5200, 6
5124, 6
1271, 5
1559, 5
1896, 5
1797, 4
3700, 5
4348, 5
7000, 6
4348, 5
748, 3
1071, 5
1496, 5
1596, 5
3213, 6
4200, 6
679, 5
5900, 6
4628, 6
4800, 6
3100, 5
5224, 6
4799, 5
3421, 5
6200, 6
6900, 6
7200, 7
5500, 6
2942, 4
6500, 6
5600, 6
5000, 5
5000, 5
5800, 6
5400, 6
1900, 4
5900, 5
3010, 5
3400, 5
3700, 5
4500, 5
2569, 5
7000, 6
4600, 5
2438, 5
5249, 6
5117, 6
4800, 5
5400, 6
1714, 5
859, 5
1396, 5
1646, 5
1171, 5
4500, 5
3300, 5
7000, 6
2424, 5
997, 4
2595, 6
2096, 5
871, 5
4600, 5
4800, 6
3500, 5
6000, 6
2046, 5
1355, 5
1097, 4
1647, 4
1500, 3
4100, 5
3424, 5
1330, 5
1596, 5
1696, 5
1147, 4
1796, 5
6300, 6
3200, 5
2248, 4
4749, 6
3648, 4
5300, 5
1124, 4
5300, 6
7400, 6
4900, 5
2500, 4
5600, 5
3600, 5
448, 3
2344, 5
4598, 6
5248, 6
3800, 5
6400, 7
5500, 6
1252, 5
3600, 4
4200, 5
4200, 5
1400, 3
7000, 6
4100, 5
2800, 4
4700, 6
4300, 5
5624, 6
4300, 5
4000, 5
4800, 6
5400, 5
5000, 6
1520, 6
996, 4
1496, 5
1347, 4
5700, 5
4800, 5
2748, 5
1152, 5
1395, 5
1646, 5
223, 3
1446, 5
3024, 5
5600, 6
5900, 6
7800, 7
1396, 5
1396, 5
1446, 5
1247, 4
4400, 5
3700, 5
3324, 5
3400, 5
1347, 4
1646, 5
1596, 5
1396, 5
2405, 4
5300, 5
6900, 6
6800, 7
7000, 7
2824, 5
4200, 5
4238, 5
3700, 5
4500, 5
4800, 5
3200, 4
2300, 4
5001, 5
5100, 5
2300, 4
3647, 6
654, 4
1497, 5
2648, 4
1701, 6
1296, 5
5500, 6
5700, 5
1797, 5
4900, 5
3500, 3
6900, 6
4300, 5
4300, 5
2258, 6
5400, 6
3000, 4
4747, 7
4100, 5
4800, 6
6000, 6
3600, 5
6100, 6
3500, 5
5700, 5
4200, 5
3648, 5
7748, 7
4100, 5
5700, 5
5800, 6
5500, 6
3243, 5
1748, 5
456, 4
6100, 6
1848, 4
3100, 4
3900, 5
3900, 5
5900, 6
6200, 6
1848, 5
7900, 7
2600, 5
2800, 5
5200, 6
1966, 5
3800, 4
5100, 6
7400, 7
3600, 4
1046, 5
2197, 5
4348, 6
7200, 7
4000, 5
2146, 5
4000, 5
4500, 5
1906, 4
3124, 5
4000, 5
1947, 5
7200, 6
4124, 6
4100, 5
5900, 5
1148, 4
4000, 5
2800, 5
5300, 5
6948, 7
2824, 5
4000, 5
3300, 4
3300, 4
5549, 6
6300, 6
677, 5
1600, 4
5900, 6
6199, 7
5100, 5
3700, 6
3400, 5
3300, 5
2600, 4
5048, 6
4700, 6
3600, 5
1000, 3
7800, 6
4300, 6
3000, 4
3800, 5
2800, 4
3600, 5
5700, 6
4900, 6
4000, 5
4000, 5
6300, 6
7200, 6
8200, 7
1939, 5
5700, 6
5700, 6
3924, 6
1524, 4
3300, 5
2055, 6
4200, 5
4100, 5
4900, 6
4800, 5
4048, 5
4600, 4
697, 4
5200, 5
4600, 4
4100, 5
4991, 6
1152, 4
2248, 5
5300, 5
9500, 7
9300, 7
7000, 6
3700, 5
6600, 6
3032, 5
5724, 6
3381, 6
1402, 4
1898, 4
4800, 4
3400, 4
5800, 6
5500, 6
5148, 6
4300, 5
5200, 6
5800, 6
7700, 7
452, 4
5100, 5
2800, 4
6200, 6
3200, 4
1548, 4
2155, 5
4900, 6
5700, 6
3024, 5
4700, 5
3700, 5
6700, 6
5500, 6
3785, 6
6700, 5
1840, 5
6300, 6
4500, 6
4300, 4
1748, 4
8400, 6
4700, 5
4300, 6
3284, 5
4600, 5
4100, 6
5300, 6
5000, 5
4623, 6
2502, 6
3700, 4
5300, 6
6400, 5
5900, 6
5400, 5
4900, 5
8600, 6
2700, 5
4800, 4
5800, 6
8100, 6
4500, 5
2032, 4
3000, 5
3200, 5
5000, 7
4700, 4
3400, 4
4100, 5
4500, 6
3548, 5
6048, 6
2900, 5
4200, 5
3800, 4
5300, 7
3700, 5
2398, 5
4800, 6
3300, 5
5300, 5
3169, 5
1154, 5
2000, 3
4800, 4
5000, 6
4324, 6
4300, 5
2700, 5
3574, 6
4600, 6
1447, 5
1652, 5
4800, 6
5000, 6
5200, 6
5600, 6
6100, 6
7200, 6
3800, 5
6400, 6
6300, 7
1554, 5
3500, 4
2624, 5
7500, 6
2100, 4
3700, 5
3924, 6
2098, 5
5200, 5
4600, 5
5300, 6
2668, 6
5600, 5
3747, 6
3301, 7
1348, 4
8300, 8
3800, 4
3248, 5
4800, 6
4047, 6
5300, 6
1639, 5
6000, 5
4300, 6
1448, 4
4800, 6
4148, 6
5400, 6
2648, 5
2580, 5
1098, 4
4600, 6
7000, 6
9600, 6
3204, 6
2448, 4
3548, 5
2548, 6
5980, 6
7624, 7
3448, 5
4800, 5
4400, 6
5500, 5
924, 4
4400, 6
3300, 5
1496, 5
1595, 6
2146, 5
1197, 4
1148, 4
6300, 6
4200, 5
4900, 5
598, 3
1171, 5
847, 4
2096, 5
4000, 5
4500, 5
458, 4
1748, 4
1446, 5
546, 4
676, 5
971, 5
4700, 6
4000, 5
3924, 5
3224, 5
1109, 5
1097, 4
233, 4
1646, 5
2200, 4
4100, 5
3700, 4
3597, 6
4700, 5
6164, 7
3200, 4
6100, 6
1700, 3
4200, 5
4000, 4
6300, 5
4748, 7
4700, 6
2048, 4
2400, 4
4000, 4
3653, 5
7300, 7
3600, 5
3348, 5
4100, 5
3248, 5
1524, 4
8400, 7
5949, 6
3138, 5
5000, 5
6400, 6
4554, 6
3248, 5
3600, 5
4400, 5
2600, 4
5600, 6
3400, 5
848, 3
1895, 6
748, 3
1346, 5
5800, 6
3000, 5
5700, 6
5800, 7
598, 3
1547, 4
2395, 6
1209, 5
5100, 6
5900, 6
3100, 4
5500, 5
1396, 5
1221, 5
1446, 5
1796, 5
2500, 4
4279, 5
4300, 5
4424, 6
1546, 5
1071, 5
522, 4
748, 3
7900, 6
5097, 7
456, 4
4148, 6
4148, 6
6448, 7
2700, 4
3700, 6
2800, 4
1400, 3
3300, 4
3800, 5
4400, 5
4800, 5
5300, 5
2305, 4
2100, 4
2048, 5
2100, 4
3000, 4
3300, 4
3848, 5
432, 4
7000, 7
4152, 6
2048, 4
4400, 5
2618, 6
448, 3
4700, 5
5800, 6
3200, 5
5200, 6
3800, 5
3200, 5
4100, 5
572, 4
848, 3
847, 4
1946, 5
3900, 4
4900, 5
464, 5
4000, 5
952, 5
1146, 5
1146, 5
821, 5
2700, 4
2566, 6
6700, 6
6800, 6
472, 4
1497, 4
1196, 5
1996, 5
4000, 5
8100, 7
2600, 4
7200, 6
199, 2
1846, 5
1197, 4
1495, 6
3532, 6
6800, 6
1122, 5
3424, 5
8000, 6
2400, 5
3600, 5
2895, 5
6500, 5
3000, 4
4466, 7
6200, 7
4024, 5
2500, 3
4500, 5
2584, 6
5600, 7
1298, 4
4900, 6
2096, 6
2218, 5
4400, 5
2500, 4
1947, 5
8200, 7
4900, 5
4300, 5
3614, 7
6000, 6
2500, 4
4700, 5
6300, 6
3100, 4
2200, 4
7800, 5
5100, 5
1147, 4
2096, 5
1246, 5
1197, 4
6900, 5
3300, 4
4800, 6
3024, 5
1146, 5
860, 4
1945, 6
1845, 6
4000, 4
5000, 5
4400, 5
5524, 7
1846, 5
1496, 5
1446, 5
1197, 4
3984, 6
3316, 5
4035, 7
2671, 5
2496, 5
1896, 5
1346, 5
199, 3
1071, 5
5700, 6
4600, 5
997, 4
470, 6
4400, 4
2800, 4
2900, 5
3500, 4
556, 4
3158, 5
6600, 6
1455, 5
1447, 4
4148, 5
7500, 6
2800, 4
3000, 4
3223, 6
6700, 6
3000, 4
3948, 6
3800, 5
4448, 5
3400, 4
4500, 5
7000, 7
2100, 4
4200, 5
5300, 6
6900, 6
2100, 3
237, 5
4300, 6
2348, 5
2648, 4
3601, 6
3252, 6
4900, 5
8000, 6
1792, 6
3700, 5
2900, 4
1596, 5
9200, 7
4153, 5
3100, 4
1497, 5
7200, 6
4048, 5
5200, 6
2348, 5
3700, 4
5500, 5
3700, 5
4624, 5
7600, 6
10800, 5
3700, 4
4200, 5
60, 3
6500, 5
4300, 5
3097, 6
8200, 6
4900, 6
7400, 7
5100, 5
4300, 5
3524, 5
6300, 6
3800, 5
3748, 6
6000, 6
6400, 7
1305, 5
4600, 5
4200, 4
5300, 6
3348, 5
5700, 6
452, 4
5600, 5
5400, 6
8400, 6
464, 5
2652, 7
7700, 7
5438, 6
2500, 4
3048, 5
1947, 5
2748, 5
5900, 6
7600, 7
3533, 6
8200, 6
6600, 5
6200, 6
4100, 5
6000, 6
3286, 6
3500, 4
4800, 5
2670, 5
5900, 6
4000, 5
3300, 4
1047, 4
7500, 6
4448, 5
3273, 5
3147, 6
6000, 6
6900, 5
4400, 5
3048, 5
6448, 6
2600, 3
3800, 5
3924, 5
6900, 6
5700, 7
1697, 5
5400, 5
5400, 6
11200, 5
6500, 6
7748, 6
1596, 5
5600, 6
4100, 4
4300, 5
1900, 3
6600, 7
8600, 7
4800, 5
3252, 6
4300, 5
4000, 5
1847, 5
4500, 6
5300, 6
5400, 6
3700, 5
1247, 4
6100, 6
7100, 7
3888, 7
2000, 3
2500, 5
3500, 4
8600, 7
2200, 4
5000, 5
3200, 5
1000, 3
3748, 5
3200, 4
2300, 4
2300, 3
2200, 3
6700, 7
3900, 5
4800, 6
5500, 6
1624, 5
6700, 6
1346, 5
4700, 5
2014, 6
2699, 6
1047, 4
3700, 5
2200, 4
5500, 6
7400, 7
5900, 6
8300, 7
400, 2
2348, 5
1297, 4
4824, 6
1946, 6
464, 5
5000, 6
3800, 6
4400, 5
2448, 5
6300, 6
6000, 6
7400, 7
5024, 6
8500, 7
5600, 6
4148, 6
1848, 4
2795, 5
6000, 6
2724, 5
4348, 5
4200, 5
1352, 5
2244, 5
4748, 5
1046, 5
3400, 5
3700, 4
6200, 7
1306, 5
4000, 5
4624, 6
5300, 6
1896, 5
1548, 4
7000, 6
5000, 6
954, 5
6800, 6
1848, 4
3148, 5
4100, 5
6900, 7
3700, 5
2997, 6
1721, 5
6200, 7
5600, 6
2546, 6
4700, 6
3800, 6
1246, 5
4900, 6
5548, 6
6700, 6
6700, 6
4700, 5
6600, 6
3238, 6
2752, 6
4200, 5
1896, 5
4300, 5
1600, 3
6000, 6
2997, 6
4800, 6
4200, 5
4500, 5
3900, 5
4891, 6
5200, 6
4300, 5
1447, 4
4924, 6
5800, 6
4200, 6
5300, 6
6900, 7
9000, 6
7400, 8
4000, 4
8400, 7
4848, 6
1900, 4
5424, 5
3500, 5
7400, 7
1100, 3
4800, 5
5500, 6
6500, 6
6700, 6
3195, 5
5900, 6
3184, 5
2900, 5
7400, 7
3748, 5
6000, 6
3000, 5
4500, 5
6800, 6
5900, 5
4900, 5
6900, 7
5700, 5
5900, 6
5900, 6
2800, 4
3500, 5
7800, 6
4300, 5
4100, 5
4848, 6
5896, 7
4648, 5
2700, 5
6000, 6
1748, 5
5100, 5
4700, 6
3400, 5
3652, 6
3949, 5
8300, 7
3324, 6
2900, 4
4600, 5
5400, 6
2048, 5
1828, 6
5400, 6
5200, 6
1700, 4
5000, 5
2152, 5
4748, 6
5500, 5
2297, 5
6600, 5
3400, 5
4776, 6
460, 5
4800, 5
5000, 5
4600, 5
5500, 6
2000, 3
7800, 7
4800, 6
8300, 7
4200, 5
2800, 4
5400, 6
3286, 6
2200, 3
3848, 6
4500, 5
4200, 5
6200, 6
3148, 5
4700, 5
4100, 5
5248, 6
2700, 4
4522, 6
3300, 4
5100, 6
2448, 4
1696, 5
3596, 7
5200, 6
6100, 6
9600, 8
7000, 6
4800, 5
4500, 5
1848, 4
652, 4
1224, 4
4324, 6
4900, 6
5200, 6
4424, 6
6400, 6
2700, 4
2928, 6
7000, 7
3300, 4
3249, 5
5300, 6
5400, 6
2148, 5
5500, 6
1447, 4
5000, 5
5800, 6
4300, 5
3400, 4
760, 4
4648, 6
5800, 5
2895, 6
1347, 5
6100, 4
4053, 5
1147, 4
5900, 5
4000, 4
2700, 4
448, 3
2500, 5
4824, 6
4700, 5
3700, 5
4500, 5
4024, 5
6900, 7
1947, 5
6233, 7
1122, 5
5600, 6
6900, 6
6299, 7
3400, 5
1697, 5
3100, 5
2100, 4
2042, 4
1348, 4
3900, 5
1500, 3
3596, 6
1152, 5
5100, 6
5700, 5
2700, 5
6000, 5
6100, 6
3600, 5
3500, 4
1796, 5
5600, 6
6800, 6
6300, 6
2659, 5
1500, 3
1600, 3
4324, 6
947, 4
4200, 5
5600, 5
7000, 6
4400, 5
6200, 5
5300, 6
4100, 5
2096, 5
4500, 4
2897, 6
4300, 5
2700, 4
2548, 4
3600, 5
654, 5
5100, 6
2724, 5
4200, 5
7500, 7
1022, 4
2548, 5
673, 4
2348, 5
5600, 6
5400, 5
1047, 4
7700, 7
3500, 5
3648, 5
3700, 4
6800, 5
3100, 5
4000, 5
1098, 4
2000, 4
3180, 6
2600, 5
2900, 5
4900, 5
1698, 4
4000, 4
3800, 5
1717, 4
1847, 5
4300, 5
1400, 3
7200, 6
5900, 7
5600, 6
4500, 5
7600, 7
3997, 6
4300, 5
4900, 5
4400, 4
5600, 6
4348, 6
1345, 5
1800, 3
7200, 6
8800, 7
4200, 5
3034, 6
4500, 5
6500, 6
3808, 5
3400, 5
5300, 6
1647, 5
5600, 5
1348, 4
3400, 5
6648, 6
4200, 5
7100, 6
1447, 5
7000, 6
4300, 5
4800, 5
4600, 5
5600, 6
3300, 5
6200, 5
2700, 4
2832, 5
5400, 6
3400, 5
6300, 6
5400, 5
4500, 5
7200, 7
2354, 5
6700, 6
6900, 7
1247, 4
4900, 6
4900, 6
2500, 4
460, 5
7000, 6
4200, 5
5000, 6
1402, 4
5100, 6
1428, 5
6100, 6
5000, 6
5948, 7
3600, 4
1396, 5
1700, 4
2400, 4
3900, 4
4700, 5
1752, 5
1054, 5
5500, 5
4800, 5
4600, 6
6400, 6
5500, 5
5500, 6
7200, 7
1048, 4
4300, 5
2395, 6
1052, 5
4600, 5
3100, 5
2242, 6
1148, 4
3500, 4
697, 4
2448, 5
7600, 6
4400, 6
5024, 6
1197, 4
4098, 6
3148, 6
2900, 5
5700, 5
5200, 6
897, 4
3600, 5
2848, 4
4400, 5
4900, 5
1146, 5
4700, 5
6400, 6
428, 4
660, 5
3800, 4
6300, 6
3900, 5
6100, 5
998, 4
3700, 5
5800, 6
3300, 4
1297, 5
5600, 6
1697, 5
2248, 4
2800, 4
1422, 5
1402, 4
3248, 5
2600, 4
4600, 6
4048, 5
4100, 4
1446, 5
5000, 5
5300, 6
5800, 5
7900, 7
3500, 6
6500, 5
4200, 4
4100, 5
6500, 6
6800, 6
6100, 5
5900, 6
5300, 6
3324, 5
4600, 6
1296, 5
4200, 5
5400, 6
4300, 5
5800, 6
2848, 5
947, 4
5900, 6
2800, 4
5200, 6
5000, 5
3448, 5
5800, 6
3800, 5
3600, 4
3564, 5
4300, 5
3948, 5
231, 4
8500, 7
6300, 7
4248, 5
1296, 5
5800, 6
2700, 4
3000, 5
1852, 6
4491, 6
6472, 8
598, 3
3824, 6
2800, 5
6200, 6
4400, 5
4800, 5
5400, 6
5000, 5
5648, 7
4900, 5
924, 4
3500, 4
4724, 7
4400, 5
5400, 6
4597, 6
4324, 6
5400, 5
1148, 4
5900, 6
3748, 6
4800, 5
2024, 5
4324, 6
4900, 6
7100, 6
5248, 6
5428, 6
3300, 4
4524, 5
3100, 5
5100, 5
2000, 4
1254, 5
7400, 6
3248, 5
5000, 5
3500, 4
1396, 5
2848, 5
4400, 4
6600, 6
3424, 6
4200, 5
3948, 6
5100, 6
5718, 7
4800, 5
4900, 6
1903, 5
3170, 6
2924, 5
231, 4
4500, 4
6100, 6
5524, 6
6000, 6
5600, 5
5500, 5
2448, 5
4500, 5
4400, 5
4748, 6
5600, 6
5000, 6
7600, 6
6900, 5
4700, 5
4348, 5
5300, 5
3349, 5
1746, 5
6500, 6
1148, 4
4800, 5
4500, 6
5200, 5
5000, 6
2479, 4
7300, 6
4997, 7
4700, 6
4300, 4
7100, 7
9600, 8
3600, 5
5200, 6
3200, 5
3400, 4
2697, 6
5700, 6
4500, 6
3000, 4
4000, 4
7500, 6
5800, 6
4400, 5
3848, 5
7100, 6
9500, 7
3900, 5
7300, 7
2524, 5
4579, 5
5700, 7
5300, 5
1097, 4
3900, 5
6300, 6
5000, 6
3900, 5
2647, 6
5400, 6
3900, 5
3800, 5
4742, 7
1172, 4
1496, 5
4324, 6
5200, 6
6300, 6
6400, 6
3748, 5
3900, 5
947, 4
6600, 6
1697, 5
4300, 5
1346, 5
1724, 4
3924, 6
3700, 5
6600, 7
4500, 5
5900, 6
5500, 6
5700, 6
1596, 5
3900, 5
5000, 7
756, 4
3500, 5
5900, 6
5200, 6
5000, 7
998, 4
6900, 6
5514, 7
2080, 5
1497, 5
1696, 5
4000, 6
3800, 4
1647, 5
4400, 6
3100, 5
1997, 5
4600, 6
4200, 5
1896, 5
2900, 4
2800, 5
3500, 5
4800, 5
4200, 5
2900, 4
8100, 6
2300, 4
6400, 6
1847, 5
5900, 6
2348, 5
3600, 5
3355, 6
5400, 5
6700, 5
7800, 6
2748, 5
7000, 7
5500, 6
648, 3
4600, 5
3048, 5
2200, 4
6500, 6
2048, 5
5600, 5
2281, 5
5200, 5
5700, 6
4648, 6
5300, 6
2400, 4
3311, 7
5400, 5
3100, 4
3100, 4
6500, 6
5000, 5
3548, 6
1903, 5
227, 4
3248, 5
1209, 5
6500, 6
8000, 6
4500, 5
1200, 3
3600, 4
5400, 6
3048, 5
2648, 5
9300, 7
3349, 6
5400, 6
7800, 6
4317, 6
8800, 7
3465, 6
5600, 6
5100, 5
5548, 6
2224, 4
4600, 6
5200, 5
1396, 5
6500, 6
1848, 5
5100, 6
4800, 5
5824, 7
3800, 5
4600, 6
3100, 4
4600, 5
7400, 7
954, 5
4500, 5
836100, 5
4500, 6
7600, 7
5500, 5
4500, 5
3600, 4
466, 5
2097, 5
74, 5
3100, 4
1297, 4
4700, 5
3900, 6
1276, 4
3300, 5
3200, 4
5700, 5
