Evaluations, Played
18150, 5
16800, 5
21000, 6
11760, 5
13050, 4
19200, 6
19500, 5
18300, 6
3120, 4
14400, 4
16920, 6
14220, 6
15960, 6
21450, 6
6951, 5
10800, 4
20550, 6
21300, 5
12750, 5
18300, 6
18300, 6
27300, 6
18600, 5
24150, 6
14010, 5
7326, 6
6420, 5
29700, 7
23400, 7
15240, 6
17790, 5
5526, 6
8220, 5
17700, 5
19650, 6
12300, 5
19200, 6
13200, 5
19200, 6
12720, 5
20400, 5
13170, 5
6750, 4
21810, 6
9450, 4
12900, 6
2784, 5
19200, 6
12750, 5
20250, 7
22650, 5
16350, 5
27450, 7
17820, 6
4470, 4
20850, 5
7404, 6
8172, 6
27750, 6
22800, 6
14250, 6
16920, 6
25950, 6
1337, 5
12420, 6
19620, 6
21450, 6
17250, 5
23700, 6
24600, 6
12420, 6
18120, 5
2100, 3
15000, 5
19740, 6
15450, 5
18000, 7
14220, 6
5322, 5
24750, 7
29250, 7
26100, 7
23850, 7
23400, 7
22800, 6
8674, 6
27750, 6
33600, 6
10470, 5
8171, 5
25050, 6
20850, 5
15900, 5
15600, 6
14340, 6
12600, 4
15900, 5
23250, 6
19650, 6
12150, 4
13024, 5
13240, 6
9683, 6
19650, 6
5500, 5
12270, 5
22350, 6
19320, 7
16950, 6
17250, 5
17700, 5
16860, 6
22350, 6
20129, 6
14100, 5
15240, 6
24690, 6
23250, 6
20400, 5
8100, 4
8100, 4
17700, 5
15600, 6
14100, 5
21450, 6
25950, 6
7000, 6
28200, 6
3412, 5
20790, 7
20550, 6
20070, 6
16950, 6
4346, 5
17700, 5
730, 4
27300, 6
16350, 5
25050, 6
18150, 5
19200, 6
23550, 5
19650, 6
890, 5
20850, 5
22350, 6
14100, 5
16950, 6
2238, 6
14100, 5
14550, 5
15000, 5
10800, 4
11520, 6
25950, 6
5246, 5
20100, 6
22800, 6
20520, 6
22350, 6
11824, 6
21450, 6
18300, 6
13650, 5
4020, 5
16920, 6
2813, 5
24720, 7
15570, 6
23400, 7
21900, 6
15000, 5
10800, 4
13650, 5
21450, 6
7710, 5
19200, 6
9120, 5
7450, 6
19740, 6
14550, 5
14550, 5
16800, 5
12750, 5
23820, 7
23850, 7
22800, 6
16020, 6
19200, 6
20640, 6
18600, 5
3896, 5
23250, 6
17400, 6
2692, 6
19560, 6
13500, 4
21000, 6
21150, 7
15900, 5
8840, 6
24390, 7
4497, 4
26850, 6
16920, 6
16800, 5
21450, 6
14670, 6
14400, 4
19200, 6
10585, 6
11040, 5
17850, 6
6445, 6
23700, 6
25050, 6
17850, 6
17850, 6
11046, 6
16050, 6
4121, 5
2817, 5
12750, 5
14220, 6
17490, 6
24150, 6
15900, 5
19090, 6
15150, 6
18640, 6
19050, 5
19200, 6
24600, 6
16740, 7
22950, 7
24150, 6
21450, 6
1339, 5
15600, 6
10990, 6
25500, 6
14340, 6
20550, 6
20140, 7
13710, 6
25050, 6
15120, 6
24150, 6
16320, 5
10840, 5
20550, 6
21900, 6
9996, 5
15514, 7
11070, 6
17040, 6
19500, 5
21900, 6
25050, 6
20400, 5
20100, 6
17400, 6
25050, 6
17490, 6
22350, 6
3574, 5
24150, 6
22800, 6
4796, 5
10273, 6
14220, 6
8670, 5
22800, 6
20100, 6
17850, 6
24150, 6
13200, 5
13500, 4
28650, 6
16740, 7
14250, 6
31050, 7
21450, 6
19200, 6
17400, 6
15240, 6
13500, 4
22050, 7
11373, 6
19950, 5
6993, 6
12900, 6
17850, 6
20550, 6
22800, 6
13350, 6
25500, 6
17850, 6
16500, 6
15450, 5
20550, 6
23700, 6
21000, 6
4146, 5
5623, 5
13200, 5
13950, 4
18600, 5
15300, 4
19650, 6
27750, 6
27750, 6
15450, 5
26400, 6
3372, 4
17820, 6
3120, 4
11850, 5
26400, 6
20850, 5
4796, 5
15450, 5
15900, 5
18150, 5
19500, 5
16050, 6
25500, 6
19950, 5
13500, 4
9120, 5
14520, 5
30150, 7
21300, 5
14700, 6
31500, 7
4346, 5
25500, 6
18150, 5
25050, 6
30600, 7
22350, 6
18600, 5
22050, 7
18000, 4
33900, 8
9450, 4
8100, 4
12000, 6
17850, 6
23700, 6
5621, 6
22050, 7
15420, 5
20700, 7
16200, 4
19200, 6
22500, 7
21900, 6
26400, 6
26970, 7
21900, 6
22890, 6
1170, 3
10470, 5
16950, 6
17670, 5
13320, 6
15090, 5
18750, 6
15690, 6
23400, 7
24150, 6
19200, 6
6720, 4
17700, 5
29250, 7
17700, 5
5490, 4
5041, 5
20100, 6
22800, 6
14670, 6
26100, 7
11700, 4
22350, 6
10950, 5
9840, 6
864, 4
3120, 4
22800, 6
18600, 5
16950, 6
7511, 5
4998, 6
15000, 5
3696, 5
20100, 6
11250, 4
9750, 3
17520, 7
16950, 6
15600, 6
19950, 5
13650, 5
3570, 4
19170, 6
38400, 8
21000, 6
24150, 6
16500, 6
23700, 6
12750, 5
9060, 5
4571, 5
4140, 4
16350, 5
3058, 7
17400, 6
15450, 5
14670, 6
17644, 8
15000, 5
5364, 5
27750, 6
12300, 5
16500, 6
20400, 5
19290, 6
12750, 5
10560, 6
8850, 3
21690, 7
23400, 7
21750, 5
22440, 6
31950, 7
15450, 5
17400, 6
14190, 5
10840, 5
14700, 6
12300, 5
13020, 4
10920, 5
25500, 6
20850, 5
24450, 5
15450, 5
21600, 7
14100, 5
23550, 5
26400, 6
25744, 8
21450, 6
19200, 6
16950, 6
16920, 6
22350, 6
12870, 6
23610, 6
15000, 5
20100, 6
4243, 5
12090, 6
17370, 6
20220, 7
18600, 5
18750, 6
20524, 7
12840, 5
10950, 5
17490, 6
23250, 6
3696, 5
14074, 6
5021, 5
13950, 4
22350, 6
24750, 7
30150, 7
21900, 6
9120, 5
27900, 7
3876, 5
3722, 6
18750, 6
24600, 6
19200, 6
19540, 6
26100, 7
25200, 7
6848, 5
16950, 6
24150, 6
16500, 6
12300, 5
10800, 4
16800, 5
26550, 7
21900, 6
19650, 6
2362, 6
8190, 4
18570, 5
16920, 6
9683, 6
11850, 5
17700, 5
23550, 5
27300, 6
8670, 5
10440, 4
13650, 5
27750, 6
1397, 5
16650, 7
7770, 5
16950, 6
7744, 5
19474, 6
11050, 6
33000, 8
12909, 6
18600, 5
18720, 6
35100, 7
14100, 5
11250, 4
4286, 6
15060, 6
18390, 6
7046, 5
19950, 5
21600, 7
23100, 5
18540, 7
20700, 7
8670, 5
7320, 5
8820, 6
15000, 5
19350, 7
16050, 6
19200, 6
14400, 4
23700, 6
22050, 7
6090, 5
28350, 7
1413, 5
24150, 6
18600, 5
16020, 6
26040, 6
5816, 6
19650, 6
16800, 5
12750, 5
24600, 6
18300, 6
20550, 6
25950, 6
8550, 4
21900, 6
13350, 6
11400, 5
24450, 5
28200, 6
21750, 5
21000, 6
19170, 6
13770, 6
14070, 5
22920, 7
17250, 5
14790, 6
11850, 5
19650, 6
16350, 5
23760, 7
20850, 5
11400, 5
19950, 5
16050, 6
14970, 5
16020, 6
20400, 5
20550, 6
10618, 7
14100, 5
19650, 6
32700, 6
25050, 6
14790, 6
12870, 6
20100, 6
20550, 6
23250, 6
22800, 6
21900, 6
15450, 5
20100, 6
3488, 5
20400, 5
17850, 6
29400, 5
21450, 6
8100, 4
17250, 5
13200, 5
17700, 5
15150, 6
19990, 6
14700, 6
24150, 6
17228, 6
8190, 4
17820, 6
17290, 6
3448, 4
22950, 7
1417, 5
20400, 5
13740, 5
31050, 7
19260, 7
11850, 5
22350, 6
18390, 6
28350, 7
17310, 6
24150, 6
30600, 7
23700, 6
7770, 5
16950, 6
21900, 6
23250, 6
13170, 5
19890, 7
22350, 6
13650, 5
21750, 5
24600, 6
15000, 5
14340, 6
9570, 5
4571, 5
24720, 7
21450, 6
13324, 7
21900, 6
17370, 6
14670, 6
11820, 5
10800, 4
22950, 7
14100, 5
18150, 5
20550, 6
17370, 6
11824, 6
19650, 6
27450, 7
16950, 6
15450, 5
17040, 6
20400, 5
14550, 5
25050, 6
15900, 5
19650, 6
14850, 4
4154, 6
23850, 7
22440, 6
1186, 4
18600, 5
14250, 6
24150, 6
6750, 4
7999, 6
21900, 6
15000, 5
13446, 7
22950, 7
22800, 6
9900, 4
19500, 5
25950, 6
4020, 4
21900, 6
24150, 6
14970, 5
27900, 7
25650, 7
6390, 4
28200, 6
19650, 6
19650, 6
12150, 4
8863, 7
15900, 5
4172, 6
26100, 7
23250, 6
14400, 4
17850, 6
19650, 6
14074, 6
23250, 6
16350, 5
16350, 5
17250, 5
26100, 7
11940, 5
10050, 5
12720, 5
20100, 6
10020, 5
7770, 5
2220, 4
11052, 6
20550, 6
17400, 6
14250, 6
20400, 5
7326, 6
13050, 4
22350, 6
12150, 4
22350, 6
12750, 5
29700, 7
15150, 6
17250, 5
13320, 6
17850, 6
17250, 5
19200, 6
13200, 5
14100, 5
14250, 6
6546, 6
17400, 6
18190, 6
21150, 7
24150, 6
14100, 5
13350, 6
17820, 6
16950, 6
20550, 6
14550, 5
16500, 6
13650, 5
17550, 4
13500, 4
24150, 6
9150, 5
19500, 5
12750, 5
34650, 7
16474, 7
20100, 6
35400, 6
20700, 7
25050, 6
11850, 5
22800, 6
23550, 5
21000, 6
21450, 6
13200, 5
4470, 4
21900, 6
21450, 6
29700, 7
18600, 5
22350, 6
8670, 5
12840, 5
21450, 6
7770, 5
14100, 5
12390, 5
5940, 4
4422, 5
17400, 6
21000, 6
23250, 6
33600, 6
25200, 7
23700, 6
11250, 4
19650, 6
10800, 4
7776, 6
10500, 5
21900, 6
6560, 6
9450, 4
16350, 5
27450, 7
2070, 3
15450, 5
20100, 6
16500, 6
15000, 5
3728, 6
25050, 6
3254, 5
6949, 5
30000, 6
14550, 5
3492, 5
15000, 5
10978, 6
23700, 6
18150, 5
19650, 6
4168, 6
13500, 4
11220, 7
15900, 5
11250, 4
15510, 6
29550, 6
8646, 5
24300, 7
21000, 6
20850, 5
20100, 6
9000, 4
18600, 5
11100, 3
19170, 6
4818, 5
15750, 4
15900, 5
18450, 4
12300, 5
26400, 6
14100, 5
25650, 7
7570, 6
15150, 6
23250, 6
15450, 5
12900, 6
18750, 6
23850, 7
2908, 4
15000, 5
17370, 6
21000, 6
16500, 6
2998, 4
11850, 5
5682, 5
18900, 4
8491, 4
16800, 5
10800, 4
20550, 6
14100, 5
21300, 5
27750, 6
19500, 5
15450, 5
19050, 5
19650, 6
15060, 6
20550, 6
2190, 3
26100, 7
23370, 7
18150, 5
15540, 5
11400, 5
12600, 4
18750, 6
24600, 6
3657, 5
14164, 7
14700, 6
10350, 4
16350, 5
17250, 5
7770, 5
15900, 5
22020, 7
17850, 6
19200, 6
21870, 6
17790, 5
10950, 5
19560, 6
22500, 7
21450, 6
12750, 5
22200, 5
15000, 5
29250, 7
25800, 5
15300, 4
17370, 6
14250, 6
13200, 5
14550, 5
22800, 6
10950, 5
2532, 5
20850, 5
20250, 4
16800, 5
20790, 7
9960, 5
13770, 6
8070, 4
19050, 5
13590, 7
16200, 4
30600, 7
26550, 7
27750, 6
19650, 6
16050, 6
18840, 6
27300, 6
17400, 6
16446, 6
14100, 5
16050, 6
20100, 6
19200, 6
15450, 5
11700, 4
18000, 4
17250, 5
30600, 7
200, 5
24600, 6
10500, 5
13770, 6
23250, 6
15000, 5
17850, 6
12900, 6
21990, 6
12300, 5
14400, 4
21150, 7
5246, 5
12750, 5
16314, 6
18600, 5
15750, 4
15900, 5
20910, 6
7999, 6
25200, 7
16800, 5
20100, 6
17400, 6
14100, 5
21000, 6
3717, 5
19200, 6
19620, 6
23250, 6
15150, 6
12150, 4
3523, 3
15120, 6
20970, 6
17850, 6
3578, 5
11850, 5
20100, 6
21900, 6
14074, 6
17850, 6
13200, 5
25500, 6
21450, 6
6658, 6
12300, 5
17250, 5
14100, 5
2808, 6
12000, 6
17400, 6
19200, 6
9000, 4
19200, 6
24840, 7
16950, 6
20070, 6
25500, 6
15000, 5
22950, 7
20100, 6
14790, 6
18750, 6
23700, 6
4160, 6
17700, 5
5246, 5
10620, 6
25500, 6
3597, 4
28050, 5
17850, 6
19320, 7
19200, 6
25110, 7
11453, 5
18170, 6
21420, 6
5471, 5
22350, 6
25200, 7
19200, 6
18420, 7
18300, 6
19050, 5
13650, 5
27600, 5
12420, 6
27540, 7
28650, 6
19650, 6
12420, 6
23250, 6
4346, 5
25050, 6
14790, 6
12870, 6
12750, 5
22800, 6
14700, 6
21420, 6
7440, 5
18270, 6
6296, 6
24600, 6
6300, 4
27900, 7
17850, 6
25500, 6
13290, 5
19650, 6
12750, 5
21000, 6
22800, 6
15450, 5
36900, 7
21060, 7
12420, 6
13890, 6
6852, 5
20700, 7
16350, 5
8700, 5
22350, 6
20850, 5
14790, 6
20550, 6
9420, 4
22350, 6
2654, 4
11850, 5
16140, 6
19200, 6
24960, 6
19770, 7
14550, 5
24150, 6
17820, 6
21450, 6
6750, 4
16350, 5
18150, 5
13050, 4
13240, 6
21900, 6
5442, 6
20550, 6
12540, 6
18750, 6
11970, 6
17700, 5
14250, 6
22800, 6
26400, 6
6428, 6
13890, 6
18450, 7
18750, 6
25500, 6
23250, 6
7200, 4
11850, 5
20100, 6
19170, 6
15900, 5
14100, 5
17850, 6
20100, 6
17850, 6
15570, 6
19620, 6
4947, 4
18300, 6
21450, 6
9000, 4
24150, 6
11400, 5
17496, 7
10950, 5
19950, 5
16590, 6
23250, 6
18300, 6
17250, 5
1750, 4
18720, 6
4121, 5
20100, 6
19500, 5
35100, 7
3702, 5
20100, 6
13650, 5
20400, 5
12300, 5
20460, 6
27300, 6
22200, 5
18300, 6
18600, 5
21900, 6
8970, 4
26400, 6
26400, 6
14520, 5
24600, 6
22800, 6
3942, 5
20070, 6
14550, 5
9000, 4
17250, 5
13500, 4
25500, 6
12640, 5
16950, 6
14550, 5
1405, 6
20640, 6
22770, 6
22800, 6
21450, 6
3518, 5
23100, 5
16050, 6
20550, 6
14970, 5
21000, 6
22050, 7
19620, 6
26970, 7
28650, 6
13440, 6
13650, 5
12420, 6
3657, 5
18210, 6
20850, 5
25200, 7
27450, 7
25950, 6
17700, 5
25620, 7
2802, 5
12720, 5
12270, 5
16410, 6
21450, 6
12150, 4
10800, 4
10350, 4
19200, 6
16800, 5
2640, 3
4121, 5
3714, 5
19710, 7
20010, 6
5021, 5
21000, 6
16350, 5
20100, 6
13620, 5
29550, 6
21900, 6
15600, 6
17250, 5
16920, 6
16350, 5
22350, 6
19560, 6
17370, 6
19650, 6
15900, 5
23250, 6
4121, 5
25950, 6
18750, 6
19050, 5
15000, 5
20100, 6
14850, 4
19650, 6
15000, 5
22050, 7
23700, 6
14610, 6
20974, 7
20550, 6
23790, 6
20550, 6
38700, 7
5921, 5
22350, 6
14550, 5
10800, 4
8250, 5
24150, 6
3702, 6
16020, 6
20100, 6
19050, 5
20550, 6
13650, 5
28200, 6
21300, 5
25390, 6
7770, 5
20850, 5
19200, 6
15270, 7
11010, 6
12840, 5
15000, 5
3657, 5
16800, 5
21000, 6
13800, 6
15450, 5
21300, 5
21450, 6
18300, 6
18750, 6
11970, 6
11040, 5
16170, 7
15510, 6
28650, 6
11400, 5
18750, 6
18450, 7
17250, 5
17850, 6
17370, 6
25650, 7
14100, 5
17700, 5
13770, 6
18300, 6
20100, 6
18150, 5
22950, 7
15450, 5
4920, 4
31500, 7
18750, 6
17374, 7
30150, 7
23850, 7
4796, 5
9402, 6
24150, 6
16800, 5
12544, 7
17400, 6
10422, 6
21450, 6
19950, 5
20100, 6
10474, 6
19200, 6
23250, 6
16320, 5
3450, 3
27750, 6
13752, 7
18720, 6
18750, 6
28650, 6
27000, 7
13950, 4
14670, 6
19200, 6
16560, 7
19012, 7
6420, 5
18750, 6
23250, 6
19800, 7
16470, 6
30000, 6
21450, 6
21450, 6
18900, 7
25200, 7
16350, 5
19650, 6
3702, 5
28200, 6
19650, 6
6600, 3
20250, 7
22350, 6
18750, 6
20100, 6
24150, 6
25050, 6
23700, 6
16440, 5
18150, 5
17400, 6
22800, 6
13050, 4
32400, 7
11700, 4
4860, 4
23850, 7
17400, 6
26550, 7
23250, 6
24750, 7
16470, 6
25650, 7
5963, 5
8670, 5
20850, 5
22800, 6
13890, 6
3582, 5
11850, 5
1340, 5
16500, 6
15900, 5
5043, 5
4140, 4
26850, 6
12870, 6
16350, 5
3730, 7
16950, 6
27450, 7
19170, 6
16350, 5
19500, 5
5322, 5
13950, 4
17400, 6
23400, 7
8550, 4
20100, 6
17400, 6
5172, 4
23250, 6
18300, 6
13200, 5
21900, 6
2922, 4
17290, 6
5471, 5
24600, 6
16350, 5
17250, 5
24600, 6
14970, 5
6696, 6
17700, 5
28200, 6
15450, 5
13800, 6
28500, 8
19200, 6
20550, 6
4616, 6
11944, 6
20400, 5
18300, 6
20100, 6
21450, 6
12300, 5
16800, 5
2104, 5
21750, 5
10050, 5
22350, 6
2360, 5
13950, 4
20100, 6
16050, 6
16950, 6
4480, 5
17720, 6
19650, 6
19500, 5
22950, 7
17700, 5
13050, 4
2908, 4
29700, 7
16020, 6
15150, 6
24300, 7
25500, 6
21750, 5
23250, 6
16800, 5
31500, 7
5850, 4
21900, 6
17850, 6
27000, 7
15000, 5
17250, 5
25500, 6
3382, 5
22350, 6
14190, 5
16410, 6
12600, 4
7298, 5
20100, 6
19800, 7
17400, 6
12210, 5
19890, 7
10864, 6
1190, 5
15000, 5
13170, 5
22800, 6
16500, 6
11820, 5
20550, 6
20100, 6
19200, 6
26550, 7
15150, 6
14400, 4
21450, 6
16590, 6
20850, 5
14400, 4
19500, 5
14670, 6
25950, 6
21900, 6
3416, 6
21450, 6
26400, 6
12750, 5
18750, 6
21300, 5
13350, 6
10170, 6
15000, 5
22200, 5
19650, 6
20250, 7
19200, 6
13650, 5
20100, 6
31500, 7
10978, 6
24600, 6
10110, 6
18600, 5
18600, 5
4346, 5
10590, 5
26850, 6
17400, 6
23400, 7
12150, 4
15000, 5
20550, 6
17400, 6
15600, 6
18390, 6
10560, 6
15000, 5
23250, 6
27000, 7
20100, 6
9690, 5
17700, 5
13650, 5
25800, 5
16350, 5
16800, 5
26400, 6
17700, 5
18600, 5
22800, 6
32700, 6
14224, 7
21450, 6
16050, 6
6150, 3
12750, 5
20850, 5
26400, 6
21150, 7
22200, 5
22050, 7
23700, 6
19650, 6
20100, 6
24300, 7
9900, 4
15900, 5
13620, 5
4571, 5
14220, 6
14100, 5
27000, 7
4668, 5
34200, 7
15900, 5
12270, 5
16950, 6
17700, 5
20550, 6
2834, 6
13770, 6
26850, 6
22950, 7
20100, 6
15000, 5
26400, 6
32850, 7
18600, 5
25950, 6
16200, 4
18300, 6
14850, 4
13650, 5
16350, 5
20700, 7
21300, 5
20550, 6
21000, 6
16350, 5
18900, 4
3578, 5
21600, 7
2228, 5
4796, 5
15450, 5
20550, 6
16573, 6
6117, 6
24300, 7
10024, 6
4121, 5
15690, 6
21000, 6
15570, 6
28650, 6
10144, 6
9450, 4
16950, 6
11370, 5
21000, 6
23100, 5
2692, 6
17796, 6
19950, 5
17700, 5
20220, 7
15450, 5
23700, 6
23370, 7
20100, 6
14100, 5
22350, 6
15900, 5
17290, 6
25500, 6
19650, 6
18240, 5
10350, 4
13446, 7
8670, 5
4020, 4
19770, 7
16050, 6
15900, 5
23250, 6
25950, 6
20550, 6
17490, 6
19050, 5
14250, 6
25200, 7
23700, 6
22800, 6
14100, 5
7900, 6
6218, 5
10296, 7
23250, 6
32400, 7
5826, 5
3896, 5
10800, 4
19200, 6
16350, 5
11400, 5
16050, 6
18750, 6
17370, 6
16350, 5
18600, 5
22350, 6
25500, 6
27300, 6
14699, 5
13620, 5
22050, 7
31800, 6
16350, 5
27000, 7
6870, 5
25950, 6
13200, 5
12390, 5
12570, 4
17250, 5
22350, 6
22920, 7
12900, 6
13320, 6
17250, 5
9690, 5
16950, 6
21450, 6
1200, 5
21450, 6
8224, 6
16500, 6
7448, 6
17700, 5
25500, 6
19500, 5
15900, 5
26400, 6
17850, 6
16020, 6
14220, 6
18270, 6
16950, 6
29700, 7
12750, 5
16770, 5
20550, 6
34200, 7
12090, 6
15450, 5
18750, 6
15150, 6
19650, 6
5997, 5
24300, 7
18300, 6
16950, 6
20850, 5
22410, 7
10050, 5
21450, 6
16050, 6
15000, 5
17220, 5
19500, 5
23550, 5
12870, 6
18750, 6
25650, 7
2220, 4
25950, 6
15900, 5
11490, 5
23700, 6
6876, 6
21900, 6
6298, 5
36900, 7
2810, 5
25050, 6
18300, 6
8610, 5
14796, 7
3574, 5
14640, 5
12750, 5
14550, 5
14550, 5
2680, 5
15870, 5
12750, 5
22800, 6
19500, 5
18450, 7
14520, 5
23700, 6
4924, 5
11820, 5
14550, 5
10744, 7
25050, 6
7718, 6
28650, 6
11490, 5
13690, 6
16500, 6
21300, 5
15900, 5
11850, 5
18013, 6
17590, 5
27900, 7
16500, 6
5696, 5
27750, 6
21450, 6
6596, 5
25050, 6
18840, 6
15090, 5
22350, 6
14640, 5
22350, 6
21450, 6
21450, 6
24600, 6
16050, 6
18300, 6
21900, 6
13200, 5
17700, 5
891, 5
30900, 6
10200, 3
21300, 5
8166, 6
16050, 6
3279, 6
5471, 5
20550, 6
21900, 6
25800, 5
19050, 5
21750, 5
13950, 4
21450, 6
13170, 5
4924, 5
9000, 4
20100, 6
4796, 5
12664, 6
18600, 5
20100, 6
9944, 6
26400, 6
11070, 6
14670, 6
24600, 6
15150, 6
21900, 6
28350, 7
16800, 5
21300, 5
24300, 7
21450, 6
22140, 7
21450, 6
16410, 6
26400, 6
15120, 6
14100, 5
15000, 5
8314, 7
21000, 6
19200, 6
21000, 6
18150, 5
22800, 6
13740, 5
35550, 7
22350, 6
21870, 6
28200, 6
25020, 6
24750, 7
19650, 6
20400, 5
22470, 7
15450, 5
3671, 5
14550, 5
25200, 7
17910, 7
21450, 6
8220, 5
4038, 6
17550, 4
20550, 6
25050, 6
16800, 5
16920, 6
21900, 6
23700, 6
15000, 5
19050, 5
24150, 6
21000, 6
16800, 5
14460, 5
3171, 6
742, 5
16350, 5
16950, 6
7296, 5
25500, 6
15600, 6
24600, 6
20400, 5
19200, 6
23250, 6
10470, 5
21000, 6
3254, 5
13650, 5
17700, 5
19500, 5
18660, 6
12450, 6
9000, 4
32700, 6
18750, 6
14100, 5
6041, 6
20550, 6
5683, 5
27900, 7
25500, 6
16500, 6
21000, 6
28650, 6
19500, 5
32250, 6
17040, 6
16594, 7
15600, 6
19770, 7
8100, 4
30300, 5
11850, 5
19200, 6
15450, 5
14700, 6
11250, 4
10170, 6
12846, 6
17400, 6
5976, 6
19950, 5
13770, 6
20550, 6
23700, 6
27450, 7
23250, 6
28800, 7
18300, 6
16350, 5
18600, 5
14140, 6
21600, 7
21450, 6
4150, 5
19170, 6
8397, 6
9522, 6
3347, 6
18750, 6
20100, 6
14700, 6
26400, 6
12840, 5
28800, 7
22800, 6
12750, 5
10020, 5
1315, 4
28350, 7
17400, 6
13740, 5
10650, 3
6371, 5
12210, 5
10620, 6
15570, 6
15450, 5
6393, 5
22350, 6
18750, 6
13500, 4
20850, 5
13024, 5
14344, 7
13650, 5
16500, 6
15450, 5
16590, 6
24300, 7
30000, 6
16800, 5
22350, 6
10950, 5
19740, 6
20910, 6
14400, 4
28950, 8
12750, 5
9522, 6
15870, 5
13200, 5
12720, 5
23250, 6
17040, 6
19950, 5
12600, 4
21450, 6
5378, 5
3240, 4
17850, 6
28350, 7
13200, 5
15000, 5
19650, 6
15900, 5
10110, 6
2682, 5
21150, 7
24600, 6
26850, 6
20250, 7
23550, 5
3710, 5
20670, 7
8670, 5
9573, 6
15000, 5
4474, 5
18750, 6
3120, 5
12150, 4
29250, 7
16950, 6
27000, 7
15120, 6
16500, 6
10026, 6
4422, 5
18210, 6
16500, 6
2230, 5
21000, 6
15570, 6
19650, 6
15240, 6
25050, 6
22800, 6
22350, 6
19650, 6
11700, 4
19200, 6
22350, 6
17250, 5
17400, 6
17070, 7
12724, 6
15900, 5
9900, 4
25800, 5
12270, 5
31950, 7
20100, 6
15000, 5
18150, 5
20550, 6
20550, 6
10140, 5
16440, 5
7710, 5
13650, 5
16050, 6
17250, 5
23790, 6
13710, 6
20400, 5
12990, 6
11400, 5
11496, 6
2524, 4
16590, 6
25110, 7
21120, 7
23250, 6
25500, 6
22350, 6
23040, 7
16020, 6
24900, 5
20100, 6
11640, 6
10920, 5
16500, 6
15450, 5
7648, 5
23400, 7
18750, 6
4121, 5
25650, 7
24900, 5
11048, 6
12300, 5
21810, 6
25950, 6
20670, 7
7444, 6
18750, 6
21000, 6
21360, 6
15600, 6
21900, 6
14100, 5
26100, 7
12750, 5
14400, 4
10450, 5
22800, 6
3846, 6
15000, 5
18150, 5
15600, 6
4932, 6
20550, 6
18750, 6
14644, 6
774, 5
15570, 6
12390, 5
18720, 6
10474, 6
17940, 6
20520, 6
19800, 7
2784, 5
19560, 6
16950, 6
13620, 5
18810, 7
17824, 7
18150, 5
12090, 6
9256, 5
27000, 7
5021, 5
22650, 5
6096, 6
21900, 6
21000, 6
16950, 6
13050, 4
23850, 7
18750, 6
23040, 7
11400, 5
11400, 5
17400, 6
15450, 5
12340, 6
21000, 6
2816, 6
20220, 7
17100, 4
18150, 5
4346, 5
2356, 5
8698, 6
24013, 7
6939, 6
8370, 6
27750, 6
18150, 5
9720, 6
2810, 6
4121, 5
29100, 6
19650, 6
19200, 6
18300, 6
14670, 6
16350, 5
9000, 4
31950, 7
17740, 6
19500, 5
19500, 5
7778, 6
25650, 7
11250, 4
27900, 7
13200, 5
15450, 5
9450, 4
17700, 5
15450, 5
20400, 5
24750, 7
11940, 5
13740, 5
14250, 6
12750, 5
4762, 5
15990, 5
3882, 5
15900, 5
5850, 4
20850, 5
12300, 5
25650, 7
22350, 6
4826, 6
11974, 7
4571, 5
12390, 5
23700, 6
25950, 6
15900, 5
15570, 6
14550, 5
21450, 6
15090, 5
24000, 5
24000, 5
19650, 6
21340, 6
19050, 5
14550, 5
14550, 5
14700, 6
11250, 4
26100, 7
18300, 6
12724, 6
13200, 5
27300, 6
11490, 5
17850, 6
18300, 6
19890, 7
17250, 5
25050, 6
16050, 6
17250, 5
10890, 4
18300, 6
4047, 4
6870, 5
14100, 5
17700, 5
23250, 6
19200, 6
5970, 5
16350, 5
18750, 6
21450, 6
16950, 6
13500, 4
20550, 6
26100, 7
17250, 5
16948, 6
24600, 6
19500, 5
26100, 7
8074, 5
19650, 6
21000, 6
12300, 5
19146, 6
23224, 7
14100, 5
16470, 6
22500, 7
7324, 6
15450, 5
23550, 5
10350, 4
16050, 6
20550, 6
21750, 5
14100, 5
24000, 5
1178, 5
19950, 5
19050, 5
20550, 6
14550, 5
21600, 7
4197, 5
38700, 7
14100, 5
10050, 5
14670, 6
17400, 6
24450, 5
19650, 6
5047, 6
25500, 6
22470, 7
15450, 5
7800, 5
21000, 6
24150, 6
30000, 6
12420, 6
15120, 6
23250, 6
18120, 5
27450, 7
23850, 7
16950, 6
15900, 5
9124, 6
23400, 7
23700, 6
27900, 7
3130, 5
11700, 4
14210, 7
26850, 6
9299, 5
14550, 5
21994, 7
3048, 5
22350, 6
20550, 6
24600, 6
10920, 5
14382, 6
27450, 7
19200, 6
9900, 4
13710, 6
15600, 6
9420, 4
30600, 7
18720, 6
15900, 5
22350, 6
25650, 7
16950, 6
15150, 6
18750, 6
24750, 7
22350, 6
8550, 4
27300, 6
25200, 7
18150, 5
3673, 4
15600, 6
11250, 4
9450, 4
10140, 5
13200, 5
19650, 6
13650, 5
16950, 6
11070, 6
12750, 5
21450, 6
24000, 5
23700, 6
20550, 6
15300, 4
10800, 4
23550, 5
21900, 6
24150, 6
19200, 6
16800, 5
18660, 6
12090, 6
10350, 4
5547, 5
19110, 6
18750, 6
138, 3
28320, 7
16470, 6
19650, 6
16800, 5
3716, 7
13200, 5
16800, 5
4164, 5
10470, 5
11070, 6
24600, 6
13800, 6
17850, 6
16551, 6
12720, 5
19050, 5
27300, 6
26100, 7
19200, 6
24390, 7
14400, 4
21450, 6
19200, 6
22350, 6
22800, 6
16800, 5
20100, 6
11970, 6
25200, 7
24150, 6
27450, 7
18000, 7
18300, 6
11970, 6
13650, 5
24150, 6
24150, 6
19090, 6
14590, 6
17250, 5
15300, 7
20250, 7
3280, 6
27750, 6
16800, 5
13200, 5
19650, 6
13800, 6
23700, 6
20010, 6
15900, 5
18150, 5
14194, 6
28800, 7
5494, 5
16800, 5
2190, 3
20640, 6
21994, 7
14670, 6
14670, 6
9000, 4
2670, 4
24900, 5
18300, 6
22350, 6
16350, 5
16350, 5
14850, 4
13200, 5
28350, 7
21300, 5
25740, 7
11400, 5
29100, 6
18150, 5
17923, 6
10050, 5
19500, 5
27300, 6
22350, 6
20010, 6
19650, 6
19050, 5
18150, 5
17250, 5
19050, 5
24150, 6
27750, 6
19650, 6
4470, 4
3252, 5
21150, 7
23850, 7
14850, 4
26400, 6
16200, 4
26850, 6
16840, 6
14070, 5
15124, 7
22200, 5
3597, 4
26850, 6
11400, 5
25950, 6
20250, 7
6748, 5
15000, 5
30750, 8
16350, 5
21000, 6
4950, 4
18300, 6
16800, 5
21000, 6
9514, 6
16800, 5
10650, 3
23700, 6
13650, 5
19650, 6
22800, 6
17700, 5
10560, 6
18990, 7
10950, 5
17850, 6
15900, 5
15940, 6
5526, 6
8550, 4
22500, 7
12300, 5
23040, 7
18750, 6
15150, 6
16350, 5
22350, 6
13350, 6
16500, 6
24150, 6
24600, 6
25950, 6
16050, 6
24040, 6
20524, 7
20100, 6
3128, 5
18600, 5
5021, 5
17850, 6
23670, 6
18750, 6
13620, 5
25350, 5
18300, 6
14550, 5
19650, 6
13620, 5
24150, 6
5498, 5
5250, 3
12300, 5
21450, 6
13320, 6
18600, 5
20550, 6
24900, 5
17340, 5
24600, 6
9900, 4
34050, 6
24150, 6
15900, 5
9240, 5
15450, 5
25650, 7
30600, 7
17850, 6
18300, 6
11824, 6
18300, 6
19200, 6
20850, 5
16350, 5
23490, 7
23250, 6
26550, 7
21900, 6
16950, 6
26400, 6
14970, 5
20850, 5
21450, 6
21450, 6
16350, 5
13590, 4
16470, 6
18150, 5
24150, 6
19350, 7
21900, 6
12840, 5
22950, 7
18840, 6
7497, 6
2220, 4
2678, 5
23700, 6
20400, 5
18750, 6
16350, 5
20190, 6
18150, 5
13650, 5
7200, 4
20550, 6
16800, 5
21450, 6
17490, 6
9450, 4
8100, 4
6426, 6
16770, 5
25050, 6
19200, 6
17340, 5
22350, 6
174, 4
14220, 6
2670, 4
23700, 6
15090, 5
18600, 5
19200, 6
19770, 7
31050, 7
22350, 6
4346, 5
23040, 7
18642, 7
15450, 5
10920, 5
19050, 5
24300, 7
15060, 6
25650, 7
21450, 6
22350, 6
21450, 6
12711, 6
30450, 6
4020, 4
25950, 6
18600, 5
23340, 6
3578, 5
19950, 5
4386, 6
3130, 5
15000, 5
18150, 5
15450, 5
17250, 5
12990, 6
15600, 6
21600, 7
23250, 6
21450, 6
11220, 7
4872, 5
16050, 6
22500, 7
17290, 6
15000, 5
20190, 6
2678, 5
9900, 4
19500, 5
16800, 5
16470, 6
17820, 6
19500, 5
25470, 6
23250, 6
21300, 5
18750, 6
26700, 8
19920, 8
15600, 6
19200, 6
12750, 5
23700, 6
19440, 7
14590, 6
15900, 5
21570, 7
17250, 5
19500, 5
27450, 7
14550, 5
3254, 5
20070, 6
16950, 6
28200, 6
21750, 5
16350, 5
15150, 6
13800, 6
19200, 6
15150, 6
12750, 5
16800, 5
5471, 5
19950, 5
19200, 6
21000, 6
11370, 5
12724, 6
8340, 5
6424, 6
28350, 7
18600, 5
16350, 5
27300, 6
30150, 7
4121, 5
11340, 4
14850, 4
19050, 5
20250, 7
21900, 6
25500, 6
3720, 6
6808, 6
22800, 6
21647, 7
4140, 4
19650, 6
15450, 5
32400, 7
19170, 6
891, 5
6821, 5
16470, 6
25950, 6
13110, 5
9690, 5
17700, 5
15090, 5
21420, 6
9960, 5
11850, 5
16950, 6
15990, 5
23250, 6
16800, 5
10560, 6
19650, 6
14550, 5
20100, 6
20550, 6
2232, 5
23100, 5
13770, 6
31540, 8
15150, 6
5528, 6
24600, 6
9000, 4
17250, 5
24150, 6
15900, 5
11700, 4
18600, 5
15750, 4
16920, 6
14100, 5
7800, 5
20250, 7
22050, 7
19650, 6
22350, 6
21900, 6
16950, 6
3637, 5
14070, 5
20100, 6
19200, 6
18300, 6
4920, 4
21900, 6
16800, 5
16050, 6
7890, 5
21090, 6
13690, 6
15450, 5
15900, 5
17400, 6
28800, 7
6288, 6
12300, 5
12994, 7
5974, 6
5609, 5
16350, 5
17250, 5
18150, 5
20850, 5
12810, 6
18150, 5
14100, 5
13770, 6
19050, 5
16470, 6
21000, 6
24150, 6
9573, 6
13200, 5
13620, 5
6971, 6
15000, 5
891, 5
15000, 5
20194, 7
2688, 6
29250, 7
15450, 5
16500, 6
22350, 6
20550, 6
25950, 6
22350, 6
23220, 6
9450, 4
14070, 5
4146, 5
24600, 6
15900, 5
19740, 6
16800, 5
15090, 5
17550, 4
26550, 7
15450, 5
23850, 7
10920, 5
11850, 5
17250, 5
3671, 5
19650, 6
23700, 6
30000, 6
21900, 6
15960, 6
15450, 5
21660, 5
3716, 6
26850, 6
13620, 5
21450, 6
15450, 5
11952, 7
15900, 5
15000, 5
16500, 6
15450, 5
1950, 2
4842, 5
13200, 5
20850, 5
18150, 5
21000, 6
17700, 5
20100, 6
5246, 5
13950, 4
19050, 5
3896, 5
8100, 4
23250, 6
21000, 6
18150, 5
15450, 5
23290, 7
14550, 5
14100, 5
21090, 6
26400, 6
21000, 6
17700, 5
23100, 5
13744, 6
6732, 6
3900, 3
17850, 6
18300, 6
14550, 5
15150, 6
17400, 6
180, 4
17250, 5
756, 4
25950, 6
21570, 7
16800, 5
19500, 5
19890, 7
16716, 6
13620, 5
21450, 6
6491, 6
24150, 6
19650, 6
14010, 5
15150, 6
10950, 5
19950, 5
13650, 5
20400, 5
24150, 6
17250, 5
19500, 5
8700, 5
29250, 7
17700, 5
19350, 7
11850, 5
7448, 6
5494, 5
13200, 5
17490, 6
27300, 6
21000, 6
22800, 6
9900, 4
15900, 5
20100, 6
24450, 5
16800, 5
21450, 6
11850, 5
26700, 5
17250, 5
20790, 7
22800, 6
12420, 6
20100, 6
15000, 5
9900, 4
17290, 6
25950, 6
22050, 7
8220, 5
22350, 6
15600, 6
12750, 5
15750, 4
1341, 5
13470, 7
16350, 5
27000, 7
34200, 7
24750, 7
4480, 5
15570, 6
8550, 4
13650, 5
15540, 5
19500, 5
18750, 6
7770, 5
15040, 6
31050, 7
11700, 4
15450, 5
15450, 5
18750, 6
26550, 7
18750, 6
20100, 6
7840, 6
5004, 6
18750, 6
16170, 7
25200, 7
19500, 5
21000, 6
15000, 5
13650, 5
16800, 5
16350, 5
18150, 5
24750, 7
13200, 5
17700, 5
19650, 6
1498, 3
21300, 5
21450, 6
18150, 5
7890, 5
18720, 6
21000, 6
30000, 6
14100, 5
21000, 6
8670, 5
11700, 4
28650, 6
18750, 6
35250, 8
11824, 6
16800, 5
15600, 6
4967, 5
21000, 6
20700, 7
26850, 6
27000, 7
21900, 6
20794, 6
2070, 3
15898, 6
15450, 5
23250, 6
10800, 4
21450, 6
18300, 6
16350, 5
17820, 6
30450, 6
17700, 5
29700, 7
11294, 6
18300, 6
2737, 5
19200, 6
10930, 7
25950, 6
27450, 7
16050, 6
11400, 5
3120, 5
15996, 6
21450, 6
16350, 5
20400, 5
32400, 7
21570, 7
15000, 5
15600, 6
23250, 6
10020, 5
27000, 7
14550, 5
15000, 5
20100, 6
26400, 6
22800, 6
28200, 6
26100, 7
14100, 5
7423, 5
19500, 5
27900, 7
15450, 5
6550, 6
16950, 6
25050, 6
9570, 5
24150, 6
12600, 4
22500, 7
14850, 4
18720, 6
13240, 6
22800, 6
14700, 6
15120, 6
15900, 5
14100, 5
5772, 5
15900, 5
17700, 5
26850, 6
9339, 6
23400, 7
22470, 7
13770, 6
14100, 5
19650, 6
19650, 6
15990, 5
16800, 5
1170, 3
22240, 6
10800, 4
22500, 7
12150, 4
21900, 6
11850, 5
18300, 6
29250, 7
5046, 5
24450, 5
23250, 6
21000, 6
19740, 6
10860, 5
24300, 7
11850, 5
17850, 6
20100, 6
10800, 4
15450, 5
24450, 5
27120, 8
7046, 5
23250, 6
19200, 6
13740, 5
19200, 6
12750, 5
10140, 5
15360, 5
14100, 5
5502, 5
15150, 6
6876, 6
22350, 6
10500, 5
15450, 5
17250, 5
21900, 6
16950, 6
24150, 6
18750, 6
21000, 6
15900, 5
16860, 6
13170, 5
3372, 4
21000, 6
2826, 6
14670, 6
14400, 4
8220, 5
11944, 6
15450, 5
21300, 5
18600, 5
16050, 6
14100, 5
18900, 7
720, 3
13500, 4
22200, 5
21900, 6
13650, 5
13650, 5
15390, 4
15450, 5
13200, 5
22500, 7
24000, 5
24000, 5
878, 6
23700, 6
15450, 5
23250, 6
25050, 6
13740, 5
11520, 6
9900, 4
3048, 5
27300, 6
20190, 6
27450, 7
11250, 4
14550, 5
4164, 5
2120, 6
5471, 5
12750, 5
12424, 7
25050, 6
22650, 5
7050, 3
11400, 5
22350, 6
25800, 5
19800, 7
15900, 5
17820, 6
3747, 5
20850, 5
19500, 5
2922, 4
12210, 5
24450, 5
29550, 6
6750, 4
18750, 6
19200, 6
7650, 4
15870, 5
15000, 5
16050, 6
17400, 6
14400, 4
14550, 5
17850, 6
22350, 6
19200, 6
19200, 6
14550, 5
22050, 7
10416, 6
15600, 6
14644, 6
15450, 5
15450, 5
18150, 5
21000, 6
18300, 6
13650, 5
11970, 6
24600, 6
20550, 6
12300, 5
29700, 7
24150, 6
8670, 5
18150, 5
23250, 6
13500, 4
14220, 6
5921, 5
21000, 6
22500, 7
11070, 6
23250, 6
18750, 6
28200, 6
18540, 7
7890, 5
18000, 7
13740, 5
16350, 5
946, 6
24000, 5
18300, 6
19650, 6
16800, 5
25500, 6
17400, 6
8550, 4
21450, 6
13020, 7
19500, 5
1618, 4
25050, 6
14250, 6
16800, 5
9120, 5
12108, 6
22650, 5
18150, 5
2214, 4
18300, 6
8082, 6
21540, 6
19320, 7
15000, 5
15900, 5
16650, 7
18300, 6
15000, 5
15000, 5
16020, 6
23250, 6
15870, 5
14550, 5
15570, 6
16950, 6
2202, 4
13500, 4
21750, 5
12600, 4
15900, 5
3706, 6
25650, 7
7770, 5
9000, 4
26400, 6
10800, 4
10290, 6
2247, 4
4396, 5
13320, 6
18150, 5
4934, 5
21450, 6
14700, 6
20550, 6
19500, 5
14550, 5
18420, 7
21900, 6
17700, 5
17040, 6
6870, 5
21900, 6
6447, 5
19650, 6
16950, 6
13990, 5
18900, 7
20400, 5
24600, 6
14590, 6
21990, 6
14550, 5
16950, 6
19500, 5
18270, 6
16594, 7
13050, 4
13296, 6
15544, 6
5246, 5
15000, 5
21720, 5
17400, 6
25650, 7
27000, 7
24600, 6
27900, 7
18150, 5
12600, 4
25950, 6
3900, 3
23400, 7
23550, 5
15150, 6
16350, 5
23670, 6
18810, 7
22350, 6
2354, 5
17850, 6
10350, 4
21000, 6
24000, 5
17700, 5
24600, 6
19740, 6
16800, 5
20400, 5
20550, 6
12300, 5
14700, 6
23700, 6
28050, 5
16350, 5
24600, 6
21000, 6
28200, 6
19050, 5
21450, 6
2922, 4
758, 5
21450, 6
18150, 5
19500, 5
22500, 7
4350, 3
3268, 6
13170, 5
14550, 5
3570, 4
24570, 6
14610, 6
8265, 4
13770, 6
15000, 5
17970, 7
25500, 6
15900, 5
18750, 6
2697, 4
20550, 6
20100, 6
19740, 6
24150, 6
20700, 7
20100, 6
21450, 6
25050, 6
10234, 5
24150, 6
19050, 5
14940, 7
20850, 5
28650, 6
14020, 6
3260, 5
16020, 6
19650, 6
13740, 5
16350, 5
20460, 6
21570, 7
21000, 6
17250, 5
21900, 6
18300, 6
13024, 5
30150, 7
25500, 6
12600, 4
14190, 5
24150, 6
25500, 6
16350, 5
3576, 5
11070, 6
19500, 5
16800, 5
19800, 7
22800, 6
28800, 7
2798, 5
19124, 6
15900, 5
15750, 4
16950, 6
30450, 6
28800, 7
20100, 6
9120, 5
13320, 6
13200, 5
18150, 5
11070, 6
17700, 5
878, 5
17400, 6
17850, 6
13200, 5
18300, 6
17250, 5
21450, 6
10800, 4
1304, 4
10020, 5
19650, 6
5547, 5
17940, 6
16050, 6
17400, 6
17400, 6
13444, 7
17250, 5
16950, 6
20550, 6
28200, 6
16470, 6
20100, 6
15000, 5
17040, 6
13898, 7
6096, 6
22200, 5
14250, 6
19650, 6
18300, 6
24150, 6
20850, 5
15150, 6
21000, 6
18750, 6
15450, 5
29250, 7
13650, 5
15000, 5
20550, 6
6971, 6
17850, 6
20850, 5
4121, 5
34050, 6
16950, 6
17850, 6
16050, 6
21090, 6
10140, 5
17700, 5
10624, 7
27000, 7
20100, 6
377, 4
16140, 6
20550, 6
14550, 5
28350, 7
19620, 6
21599, 6
7443, 6
10470, 5
13770, 6
5021, 5
15150, 6
24000, 5
18300, 6
26370, 6
24600, 6
15600, 6
21450, 6
18600, 5
18150, 5
18150, 5
25950, 6
12390, 5
14520, 5
17250, 5
12750, 5
16500, 6
14550, 5
19200, 6
24000, 5
20132, 6
21000, 6
9450, 4
15940, 6
13650, 5
14820, 7
22800, 6
21000, 6
13200, 5
20400, 5
23700, 6
16920, 6
16050, 6
24150, 6
21570, 7
13650, 5
3570, 4
9120, 5
25050, 6
14646, 6
16350, 5
22050, 7
3456, 5
17250, 5
20502, 6
16800, 5
12750, 5
22350, 6
22950, 7
16110, 7
5700, 3
25950, 6
2682, 5
19650, 6
19500, 5
19950, 5
12270, 5
20100, 6
23850, 7
13290, 5
17850, 6
18600, 5
3520, 5
14520, 5
7950, 3
25500, 6
8220, 5
15000, 5
16800, 5
16170, 7
23250, 6
24150, 6
21750, 5
11820, 5
20220, 7
26400, 6
18750, 6
7326, 6
13050, 4
18150, 5
19650, 6
1290, 3
9570, 5
9900, 4
21000, 6
3271, 6
4571, 5
16350, 5
23700, 6
13774, 7
16920, 6
16890, 5
22800, 6
13500, 4
15000, 5
12274, 6
7770, 5
16470, 6
16500, 6
24450, 5
11408, 6
18600, 5
17970, 7
16410, 6
11820, 5
15900, 5
20940, 5
24750, 7
15450, 5
21450, 6
15150, 6
9653, 5
7093, 6
24150, 6
28200, 6
22350, 6
13950, 4
16800, 5
9570, 5
5070, 5
21000, 6
15900, 5
22800, 6
16350, 5
6098, 6
24000, 5
18600, 5
3574, 5
14250, 6
13200, 5
13200, 5
24150, 6
14670, 6
14550, 5
17700, 5
9244, 6
19650, 6
4018, 5
18750, 6
18900, 7
24300, 7
17250, 5
10290, 6
21450, 6
27300, 6
14520, 5
17850, 6
24750, 7
13320, 6
26100, 7
11700, 4
16800, 5
16320, 5
23400, 7
24600, 6
19650, 6
16050, 6
17850, 6
20550, 6
22800, 6
23700, 6
21000, 6
19500, 5
24150, 6
12600, 4
13650, 5
12300, 5
18390, 6
23250, 6
10950, 5
21900, 6
22500, 7
25050, 6
8100, 4
21750, 5
20550, 6
15900, 5
18600, 5
16840, 6
16950, 6
19650, 6
11850, 5
19650, 6
25950, 6
16950, 6
23850, 7
25350, 5
22800, 6
2364, 5
10800, 4
17040, 6
10148, 6
2674, 6
22500, 7
18600, 5
9494, 6
19200, 6
24360, 8
10410, 5
24150, 6
9000, 4
25500, 6
17850, 6
26850, 6
18300, 6
20550, 6
16500, 6
19770, 7
20100, 6
7081, 5
21570, 7
25500, 6
16950, 6
17820, 6
13950, 4
13650, 5
11700, 4
20100, 6
4571, 5
18300, 6
17850, 6
12750, 5
16320, 5
25950, 6
5493, 5
14550, 5
13200, 5
25800, 5
20400, 5
22470, 7
26550, 7
12150, 4
15450, 5
16800, 5
21900, 6
19740, 6
19200, 6
18720, 6
13650, 5
24120, 6
2232, 5
15900, 5
21900, 6
9244, 6
17400, 6
20550, 6
23344, 7
25500, 6
20070, 6
15960, 6
27000, 7
4950, 4
25950, 6
14524, 6
17850, 6
3972, 5
15450, 5
15450, 5
16500, 6
11460, 6
19200, 6
9900, 4
16500, 6
158, 4
20100, 6
25590, 6
19290, 6
14520, 5
21900, 6
22350, 6
7624, 5
12300, 5
19950, 5
19500, 5
18150, 5
23100, 5
20100, 6
17400, 6
5948, 5
10350, 4
9450, 4
23550, 8
22650, 5
1178, 4
27900, 7
8796, 6
12554, 8
19650, 6
25620, 7
15000, 5
13950, 4
27300, 6
17670, 5
22140, 7
21000, 6
19200, 6
18750, 6
22320, 6
24300, 7
15900, 5
23700, 6
20100, 6
16020, 6
14100, 5
15450, 5
13950, 4
16950, 6
15450, 5
19620, 6
27450, 7
13200, 5
15874, 6
10500, 5
15150, 6
19050, 5
16500, 6
14250, 6
13240, 6
12280, 7
24300, 7
7200, 4
21150, 7
11400, 5
10020, 5
15000, 5
24600, 6
15150, 6
3518, 5
10594, 6
19200, 6
16440, 5
19650, 6
15270, 7
12664, 6
12274, 6
23700, 6
7452, 6
16050, 6
22350, 6
25050, 6
16500, 6
16898, 6
11700, 4
16860, 6
21600, 7
23820, 7
2220, 4
9759, 5
24600, 6
17640, 7
18640, 6
22350, 6
22350, 6
13650, 5
21000, 6
18420, 7
22350, 6
23250, 6
19200, 6
12750, 5
13500, 4
22350, 6
21900, 6
23700, 6
17250, 5
7176, 5
18150, 5
15900, 5
16350, 5
21420, 6
20400, 5
22350, 6
15900, 5
16350, 5
20550, 6
22800, 6
7324, 6
18300, 6
3262, 6
16800, 5
18150, 5
18300, 6
26100, 7
5397, 4
20100, 6
13170, 5
20850, 5
21600, 7
21900, 6
18240, 5
21450, 6
20550, 6
24150, 6
19670, 7
25650, 7
6990, 5
12750, 5
14340, 6
2616, 5
3068, 5
17700, 5
33750, 7
17250, 5
15000, 5
19650, 6
19950, 5
13395, 6
9150, 5
15000, 5
9248, 6
11250, 4
876, 5
14550, 5
15874, 6
2773, 4
12090, 6
6750, 4
4571, 5
17850, 6
12750, 5
26070, 7
3657, 5
19367, 6
13200, 5
13146, 5
16350, 5
18450, 7
19470, 5
18750, 6
16050, 6
21450, 6
3990, 3
16500, 6
21450, 6
8914, 5
22350, 6
16740, 7
23700, 6
12794, 7
17400, 6
3671, 5
13950, 4
22800, 6
18300, 6
16350, 5
16410, 6
11190, 6
15240, 6
22020, 7
11850, 5
7011, 6
12420, 6
3273, 6
18450, 4
11623, 6
15000, 5
4346, 5
21900, 6
14340, 6
25890, 8
6616, 6
18150, 5
28650, 6
3671, 5
3262, 6
12660, 5
21900, 6
21450, 6
21570, 7
17250, 5
23700, 6
16350, 5
15600, 6
3690, 4
21900, 6
19560, 6
21000, 6
28350, 7
7444, 6
15000, 5
9690, 5
22050, 7
7308, 4
8773, 5
19650, 6
11370, 5
14550, 5
4740, 5
18000, 4
15150, 6
17850, 6
15570, 6
359, 3
17700, 5
5400, 4
15450, 5
17850, 6
3586, 6
18300, 6
23700, 6
32850, 7
16140, 6
10350, 4
14550, 5
24150, 6
23400, 7
11800, 5
13650, 5
12420, 6
18300, 6
4028, 5
14250, 6
23340, 6
12394, 6
16950, 6
23400, 7
17040, 6
11520, 6
15090, 5
22350, 6
15570, 6
14640, 5
18150, 5
10770, 4
13800, 6
21450, 6
25950, 6
28200, 6
5888, 6
23700, 6
16950, 6
20550, 6
10144, 6
23700, 6
24300, 7
13200, 5
25950, 6
19200, 6
26100, 7
14610, 6
20550, 6
17040, 6
21900, 6
23610, 6
11074, 7
9900, 4
22350, 6
25200, 7
33450, 8
17850, 6
15060, 6
15000, 5
15900, 5
2246, 6
7324, 6
16050, 6
10924, 6
4020, 4
16800, 5
20700, 7
27300, 6
18750, 6
13650, 5
12540, 6
26400, 6
16920, 6
13200, 5
18600, 5
3948, 5
12274, 6
25140, 6
19800, 7
8610, 5
25500, 6
22350, 6
10020, 5
19650, 6
9900, 4
22350, 6
19650, 6
11850, 5
19290, 6
23400, 7
16860, 6
17970, 7
17700, 5
24150, 6
17250, 5
25500, 6
15900, 5
12150, 4
14400, 4
24150, 6
13650, 5
22350, 6
6559, 6
12300, 5
23400, 7
26100, 7
21750, 5
12190, 5
17760, 6
27750, 6
18600, 5
11370, 5
18664, 7
17890, 7
14220, 6
25050, 6
19200, 6
4346, 5
14550, 5
23700, 6
14400, 4
25500, 6
9244, 6
20100, 6
25950, 6
13650, 5
16500, 6
15900, 5
6342, 6
21900, 6
18150, 5
19200, 6
4152, 5
18600, 5
17700, 5
18150, 5
11040, 5
23700, 6
16500, 6
4121, 5
26550, 7
16350, 5
28200, 6
11850, 5
14464, 6
18690, 5
17250, 5
21900, 6
8640, 4
20550, 6
10500, 5
22410, 7
21450, 6
6220, 6
8244, 5
16050, 6
15900, 5
24900, 5
15576, 7
18300, 6
21900, 6
15150, 6
11970, 6
2248, 6
16170, 7
22350, 6
16500, 6
23850, 7
19650, 6
21450, 6
7440, 5
14520, 5
11820, 5
20400, 5
18579, 6
19950, 5
4818, 5
5021, 5
16500, 6
26100, 7
16500, 6
11850, 5
15450, 5
2616, 5
17700, 5
14550, 5
13770, 6
12300, 5
25950, 6
10350, 4
21490, 7
28200, 6
25050, 6
14250, 6
9248, 6
31050, 7
3580, 5
14400, 4
20550, 6
26550, 7
14850, 4
13650, 5
20640, 6
15450, 5
18150, 5
22800, 6
13620, 5
10920, 5
20550, 6
15060, 6
19200, 6
11850, 5
24150, 6
25650, 7
2550, 3
14220, 6
13200, 5
12300, 5
28650, 6
16920, 6
24000, 5
760, 5
21150, 7
29700, 7
22470, 7
17700, 5
20670, 7
4571, 5
18150, 5
31050, 7
22350, 6
14550, 5
17250, 5
19200, 6
18300, 6
14550, 5
11370, 5
18300, 6
840, 3
23250, 6
16950, 6
27900, 7
23850, 7
19650, 6
12300, 5
17700, 5
11490, 5
18300, 6
15000, 5
25200, 7
15750, 4
15750, 4
12750, 5
19950, 5
19200, 6
9900, 4
30600, 7
21750, 5
13770, 6
17250, 5
9750, 3
25050, 6
25050, 6
17700, 5
27450, 7
16500, 6
18540, 7
18600, 5
23700, 6
22950, 7
19620, 6
13650, 5
17850, 6
16500, 6
5517, 5
8676, 6
25500, 6
25500, 6
25500, 6
21000, 6
9694, 6
9150, 5
11316, 6
21150, 7
16800, 5
11850, 5
20400, 5
24150, 6
17250, 5
10020, 5
15450, 5
15450, 5
9854, 6
16800, 5
18720, 6
15940, 6
16350, 5
20550, 6
15000, 5
12870, 6
26550, 7
13650, 5
19950, 5
19650, 6
19650, 6
16470, 6
20100, 6
25050, 6
20550, 6
19650, 6
16950, 6
25650, 7
23850, 7
16050, 6
18840, 6
24600, 6
5021, 5
4571, 5
6298, 5
17250, 5
11946, 6
17400, 6
19650, 6
23100, 5
24750, 7
19650, 6
16500, 6
12300, 5
19950, 5
19200, 6
6748, 5
18150, 5
12750, 5
16410, 6
15900, 5
18150, 5
24750, 7
10144, 6
15450, 5
23700, 6
20250, 7
10020, 5
18600, 5
13740, 5
3578, 5
17370, 6
2922, 4
17700, 5
19200, 6
30300, 8
15870, 5
22350, 6
25050, 6
16350, 5
1366, 6
8610, 5
22350, 6
11400, 5
10350, 4
12150, 4
20070, 6
20400, 5
25650, 7
17250, 5
19650, 6
18150, 5
5921, 5
18240, 5
21450, 6
18300, 6
5400, 4
16500, 6
20550, 6
22350, 6
23400, 7
21750, 5
17850, 6
16350, 5
13200, 5
27000, 7
13200, 5
6445, 6
11374, 6
2354, 5
19200, 6
13200, 5
10800, 4
20700, 7
6147, 6
21450, 6
23700, 6
15150, 6
1330, 4
11400, 5
12300, 5
20100, 6
12750, 5
19950, 5
11700, 4
23700, 6
19124, 6
4924, 5
10476, 6
22440, 6
17820, 6
5322, 5
15900, 5
22350, 6
895, 5
14670, 6
10950, 5
23340, 6
18600, 5
21900, 6
15450, 5
10500, 5
8656, 5
19200, 6
19560, 6
15750, 4
15576, 7
11100, 3
16160, 6
19650, 6
10350, 4
12840, 5
12300, 5
2472, 4
5498, 5
12600, 7
14200, 6
23190, 5
21000, 6
16050, 6
19650, 6
19500, 5
12300, 5
24150, 6
24750, 7
11190, 6
15900, 5
30000, 6
20400, 5
18040, 5
25050, 6
21420, 6
5021, 5
21000, 6
16200, 4
18300, 6
870, 4
14700, 6
21000, 6
9450, 4
9450, 4
21450, 6
22140, 7
15450, 5
25950, 6
17310, 6
25950, 6
16200, 4
28350, 7
23100, 5
22350, 6
19200, 6
24600, 6
18000, 7
19650, 6
25500, 6
13409, 6
5021, 5
18900, 7
22800, 6
18750, 6
2352, 5
24150, 6
23774, 7
23400, 7
23250, 6
2676, 5
8526, 5
17850, 6
7650, 4
16800, 5
17400, 6
2968, 4
2472, 4
26550, 7
21900, 6
19500, 5
14670, 6
668, 4
2922, 4
20100, 6
16350, 5
12420, 6
16594, 7
14344, 7
11850, 5
25950, 6
22920, 7
12720, 5
18270, 6
4346, 5
21090, 6
21600, 7
30240, 7
9428, 5
24600, 6
15450, 5
19294, 7
21600, 7
30900, 6
4272, 4
24600, 6
3073, 4
14100, 5
18720, 6
18300, 6
15450, 5
19200, 6
13500, 4
19050, 5
20100, 6
8610, 5
8940, 6
22500, 7
13200, 5
22350, 6
9058, 6
24150, 6
23700, 6
27300, 6
15900, 5
12300, 5
19500, 5
13650, 5
21000, 6
16840, 6
4346, 5
21600, 7
21900, 6
20850, 5
24390, 7
21900, 6
15570, 6
20550, 6
15120, 6
16024, 7
18150, 5
13650, 5
17820, 6
12900, 6
21900, 6
37350, 7
21120, 7
21600, 7
3256, 6
14550, 5
15600, 6
872, 4
15600, 6
5921, 5
18300, 6
10950, 5
15450, 5
30000, 6
17850, 6
18000, 7
21240, 7
10148, 6
18540, 7
16350, 5
13650, 5
20640, 6
7500, 3
19200, 6
14250, 6
7746, 5
22800, 6
19050, 5
18750, 6
24750, 7
16620, 7
10140, 5
15900, 5
38400, 8
18750, 6
18150, 5
14790, 6
15450, 5
21000, 6
18300, 6
4606, 6
10410, 5
3246, 5
11400, 5
10020, 5
17400, 6
19950, 5
17100, 4
10950, 5
11370, 5
17250, 5
19090, 6
13650, 5
29550, 6
17700, 5
3900, 3
26850, 6
12300, 5
16458, 6
14550, 5
21900, 6
4018, 5
23250, 6
22950, 7
18300, 6
15570, 6
25050, 6
15300, 4
14700, 6
10440, 4
21690, 7
25500, 6
27450, 7
20550, 6
3568, 5
25500, 6
34500, 6
18300, 6
19050, 5
2518, 4
18150, 5
17700, 5
15000, 5
15600, 6
16950, 6
15870, 5
11040, 5
12720, 5
20550, 6
18750, 6
2412, 5
28200, 6
20100, 6
11970, 6
20100, 6
18600, 5
11040, 5
20700, 7
31800, 6
21600, 7
11850, 5
12394, 6
17290, 6
21000, 6
18750, 6
23700, 6
24750, 7
5997, 5
13800, 6
15060, 6
1102, 5
14100, 5
21450, 6
19200, 6
21840, 8
10050, 5
10701, 6
27750, 6
3901, 6
12540, 6
15600, 6
14550, 5
9900, 4
15000, 5
25350, 5
24300, 7
17290, 6
25200, 7
13200, 5
18720, 6
16350, 5
20550, 6
21450, 6
16950, 6
28800, 7
25474, 7
16020, 6
15450, 5
23250, 6
17700, 5
25620, 7
20670, 7
15600, 6
18150, 5
11850, 5
14524, 6
21000, 6
23700, 6
31050, 7
27540, 7
8622, 6
22350, 6
11700, 4
18150, 5
14550, 5
18840, 6
21000, 6
10942, 5
21300, 5
23550, 5
14670, 6
14670, 6
10590, 5
10950, 5
20100, 6
25050, 6
15570, 6
14160, 6
25500, 6
24150, 6
14550, 5
21450, 6
17250, 5
16800, 5
17850, 6
18000, 4
28650, 6
16800, 5
28350, 7
7902, 6
20190, 6
14970, 5
21450, 6
19050, 5
23400, 7
25500, 6
16950, 6
7946, 5
10350, 4
21450, 6
30150, 7
27750, 6
21000, 6
20550, 6
20790, 7
3000, 3
25050, 6
17250, 5
18600, 5
30450, 6
4047, 4
23250, 6
25200, 7
12750, 5
19200, 6
23250, 6
18150, 5
9874, 5
13200, 5
17070, 7
25650, 7
13650, 5
22350, 6
13620, 5
21450, 6
28650, 6
14400, 4
19950, 5
22350, 6
5250, 3
15000, 5
19800, 4
16950, 6
21900, 6
17370, 6
5663, 6
16800, 5
9104, 6
23700, 6
4327, 6
11040, 5
14970, 5
24600, 6
15600, 6
14550, 5
17850, 6
22800, 6
13200, 5
14550, 5
26400, 6
11250, 4
4994, 5
15240, 6
17700, 5
21000, 6
27900, 7
2796, 5
19650, 6
14464, 6
21900, 6
5697, 6
15270, 7
23550, 5
13950, 4
15000, 5
12900, 6
13650, 5
22800, 6
15000, 5
21900, 6
22020, 7
12300, 5
23040, 7
27600, 8
5820, 4
14100, 5
17700, 5
120, 2
21450, 6
18750, 6
16050, 6
13650, 5
22500, 7
20058, 6
24300, 7
16200, 4
28650, 6
8340, 5
14100, 5
10920, 5
12600, 4
33150, 6
13800, 6
21450, 6
12300, 5
22350, 6
9696, 6
33750, 7
15900, 5
22350, 6
6870, 5
13800, 6
22050, 7
11520, 6
4571, 5
15600, 6
4947, 4
10470, 5
19540, 6
19200, 6
16500, 6
18240, 5
6540, 5
20100, 6
21000, 6
14673, 7
24900, 5
15900, 5
20400, 5
17820, 6
25050, 6
19500, 5
18420, 7
19624, 7
17070, 7
25050, 6
12073, 6
16950, 6
16470, 6
18600, 5
20100, 6
28350, 7
17250, 5
20640, 6
600, 2
7290, 4
16800, 5
10800, 4
14550, 5
22800, 6
27750, 6
17250, 5
2684, 5
14400, 4
13200, 5
8610, 5
2356, 6
20100, 6
5740, 4
18300, 6
33900, 5
17700, 5
15240, 6
12300, 5
21000, 6
10990, 6
20550, 6
19200, 6
736, 5
17250, 5
22350, 6
13746, 6
12720, 5
15900, 5
13650, 5
23700, 6
6876, 6
20550, 6
27000, 7
26100, 7
25200, 7
24210, 7
20100, 6
12720, 5
18150, 5
6220, 6
20100, 6
15450, 5
19950, 5
21000, 6
4392, 5
13650, 5
9121, 6
24600, 6
17700, 5
11850, 5
29340, 7
14670, 6
21450, 6
27150, 5
7298, 5
20190, 6
18600, 5
25800, 5
22800, 6
10860, 5
24450, 5
20100, 6
19950, 5
17700, 5
19200, 6
21750, 5
24600, 6
24750, 7
25950, 6
19200, 6
14670, 6
13770, 6
16020, 6
15990, 5
7714, 6
18270, 6
5044, 5
20640, 6
18150, 5
13770, 6
22800, 6
27750, 6
9690, 5
25050, 6
15750, 4
13890, 6
22800, 6
19174, 7
17340, 5
16470, 6
14670, 6
4600, 5
24150, 6
26550, 7
11400, 5
16470, 6
7770, 5
16800, 5
14400, 4
18450, 4
19650, 6
30900, 6
13770, 6
20100, 6
28650, 6
13650, 5
19950, 5
19650, 6
25800, 5
16800, 5
2228, 5
15000, 5
20400, 5
25950, 6
18300, 6
27450, 7
23820, 7
6300, 4
10620, 6
13650, 5
21900, 6
14074, 6
11400, 5
23250, 6
22950, 7
12000, 6
144, 4
21750, 5
16470, 6
18750, 6
24060, 6
1324, 6
39600, 7
24600, 6
12390, 5
32400, 7
22800, 6
20550, 6
15000, 5
10800, 4
24810, 8
16500, 6
18600, 5
11850, 5
8220, 5
196, 5
19200, 6
3450, 3
5970, 5
14100, 5
22650, 5
1178, 4
18750, 6
5246, 5
15570, 6
23250, 6
17250, 5
19950, 5
12870, 6
10350, 4
14100, 5
30000, 6
13650, 5
3574, 5
26100, 7
22770, 6
18420, 7
25650, 7
5921, 5
23700, 6
15000, 5
13200, 5
16350, 5
3130, 5
10050, 5
19200, 6
28200, 6
16800, 5
11550, 6
21420, 6
