Evaluations, Played
4608, 4
5790, 6
7296, 6
1789, 5
3324, 7
2509, 5
4863, 5
2525, 5
5438, 6
4334, 6
8704, 7
4224, 4
7424, 7
7424, 6
5760, 6
6528, 6
2301, 5
5248, 4
5888, 5
11392, 7
8960, 7
9600, 6
6272, 6
5248, 5
3229, 5
7040, 6
6912, 5
5760, 5
1725, 5
8320, 6
3584, 4
8192, 7
4382, 5
5504, 5
8320, 6
2493, 5
3456, 5
4736, 5
8576, 6
7448, 6
2878, 5
8448, 6
7040, 6
7424, 6
5120, 6
2622, 5
7424, 6
7296, 7
5760, 5
1558, 5
9216, 7
6912, 5
7448, 7
2766, 5
3709, 5
8320, 6
6447, 6
7448, 7
3148, 6
6784, 6
6144, 6
7424, 6
8192, 5
2173, 5
2492, 6
7040, 6
6528, 5
4608, 5
5632, 5
9472, 7
3840, 4
1688, 4
3850, 6
2493, 5
6656, 5
6144, 5
5120, 6
4888, 5
4736, 5
4608, 5
6912, 5
6016, 6
8832, 6
66, 3
8320, 6
7552, 5
5040, 5
8064, 6
8704, 5
11264, 6
66, 3
4480, 4
6832, 6
6656, 5
8960, 6
6704, 6
6144, 5
5504, 6
2304, 3
7808, 6
7296, 5
4224, 4
3582, 5
9343, 7
9216, 6
7552, 6
3840, 4
4736, 5
4148, 6
8064, 6
3328, 4
6272, 5
7552, 6
7552, 5
2480, 4
5376, 4
2304, 4
4912, 5
6016, 6
1646, 5
4864, 5
5504, 5
4096, 4
6144, 5
7296, 6
7552, 6
2486, 5
5504, 5
3198, 5
10880, 7
5760, 6
8320, 7
8448, 7
4608, 5
4814, 5
7552, 6
12288, 8
3328, 3
8832, 5
68, 4
3072, 3
4224, 4
7552, 4
8576, 5
6668, 7
9088, 6
8704, 5
5248, 5
7040, 6
6144, 6
6528, 6
4224, 4
10752, 7
72, 4
7936, 6
9856, 7
8832, 6
2996, 5
9984, 5
7040, 5
3712, 4
8064, 6
3072, 4
11008, 8
8320, 6
4784, 5
4864, 4
5684, 6
7936, 6
5424, 6
1853, 5
6528, 4
1902, 5
7424, 5
8064, 6
2494, 5
5120, 5
6400, 5
4352, 4
7296, 6
2607, 5
4912, 5
11008, 6
4096, 5
6063, 6
5248, 5
2941, 5
5888, 5
6784, 5
4992, 5
8704, 6
7040, 5
2109, 5
6912, 6
6784, 6
5695, 5
5760, 5
3968, 5
6528, 6
5632, 5
7808, 5
10240, 7
70, 4
7168, 5
7552, 5
6144, 5
9344, 5
7552, 5
6272, 5
66, 3
5888, 4
6656, 5
4784, 5
6016, 5
6192, 5
6400, 5
5376, 5
6016, 6
5760, 6
6912, 5
5248, 5
7296, 5
4992, 5
6656, 5
1814, 5
4656, 5
768, 2
5888, 6
3584, 4
3888, 5
5504, 5
7808, 6
6144, 5
3200, 4
8064, 6
3072, 4
4608, 5
5071, 6
4400, 5
4096, 4
3328, 4
4144, 5
816, 3
5760, 6
6964, 7
5424, 5
919, 4
6320, 6
2683, 6
8704, 7
9216, 6
5888, 5
2432, 4
6912, 6
3840, 5
7936, 6
8832, 6
2560, 4
2688, 4
7040, 5
5214, 6
6528, 5
5295, 6
7424, 7
6680, 6
7168, 7
6272, 4
5760, 5
9344, 6
1968, 4
4927, 5
2432, 3
8960, 6
4992, 5
5632, 5
5120, 5
919, 4
6784, 6
6576, 6
3072, 5
1534, 4
6528, 6
5504, 5
7808, 6
7296, 6
8704, 6
1456, 4
3888, 4
4480, 5
9856, 6
4480, 5
6912, 5
5760, 6
8832, 6
3712, 4
5120, 5
5504, 5
2992, 5
6016, 5
6912, 5
5376, 5
6656, 6
6656, 5
6912, 5
546, 5
6656, 6
3712, 5
953, 5
7168, 6
4992, 5
4864, 5
8112, 7
5504, 5
10240, 7
8448, 6
5296, 6
7040, 6
4352, 5
8832, 6
4992, 6
5500, 6
7936, 6
6168, 6
5888, 5
5376, 5
7424, 6
6272, 6
6206, 7
8192, 6
8832, 6
3456, 4
824, 4
7552, 6
8192, 6
1718, 5
4016, 5
8192, 6
4736, 4
7040, 5
4736, 4
4656, 5
5504, 5
5760, 5
568, 4
5632, 5
9088, 6
7040, 5
6400, 5
7231, 6
8448, 7
5296, 5
7424, 6
4608, 5
1588, 5
8448, 6
1334, 5
6016, 5
7704, 7
7680, 6
8064, 6
4352, 4
3224, 5
6272, 5
3712, 5
6016, 5
4783, 5
8960, 6
7936, 6
6400, 6
6144, 5
3759, 5
6528, 5
8320, 6
8472, 7
6272, 5
7424, 6
4126, 6
2224, 4
1774, 5
5888, 4
5504, 5
5887, 6
6272, 6
4783, 5
4845, 6
6040, 7
8064, 6
6400, 5
4864, 5
6016, 7
5359, 5
3996, 6
5632, 5
5632, 5
952, 4
5808, 5
6144, 6
4144, 4
2432, 4
4608, 4
8704, 5
8448, 7
2748, 6
7296, 5
7040, 5
4992, 4
7424, 6
9216, 6
5504, 5
5888, 5
6400, 5
7296, 6
6656, 5
8752, 7
5248, 5
4864, 4
5888, 5
2352, 4
7168, 6
8704, 6
6784, 6
2048, 3
6296, 6
7296, 6
5784, 6
5760, 5
3328, 4
6144, 5
2480, 4
1438, 5
7296, 5
4992, 4
4670, 5
8320, 7
6144, 5
6656, 6
4224, 5
1630, 4
3677, 6
5632, 5
6272, 5
3200, 4
1338, 6
3504, 5
4864, 5
5120, 5
5888, 5
4480, 5
6912, 6
4480, 5
2556, 6
6144, 6
7936, 6
5376, 5
5376, 5
5888, 6
3072, 3
6528, 5
3504, 5
9216, 7
9344, 6
5376, 6
6912, 5
2989, 5
6528, 6
6144, 4
7424, 6
7040, 6
5760, 5
6463, 6
8175, 7
10496, 6
6016, 6
5376, 5
6272, 5
3968, 5
5248, 4
7040, 5
6272, 6
6016, 5
1950, 4
6064, 6
6704, 6
6656, 5
5632, 5
8192, 6
4096, 4
6784, 6
5400, 6
8960, 6
7040, 5
5632, 5
7296, 5
512, 2
7296, 6
3854, 5
6016, 5
4736, 4
7680, 6
3120, 5
6144, 5
5760, 5
5656, 6
3992, 6
7040, 5
8064, 6
7808, 5
9472, 7
5504, 5
1304, 4
7832, 7
8320, 6
4352, 5
6656, 7
6528, 7
7424, 6
5376, 5
6400, 6
10496, 7
2838, 6
3468, 5
8832, 6
8320, 5
7552, 5
2429, 5
7168, 6
7552, 5
5120, 5
7296, 5
5376, 6
8960, 6
78, 5
6400, 6
5888, 4
2612, 5
8832, 5
6144, 5
10496, 7
66, 3
8576, 6
6912, 6
3504, 4
3760, 4
4656, 5
5760, 5
1917, 5
688, 3
5504, 5
8960, 7
1462, 5
3760, 6
8192, 7
7680, 6
4480, 5
5248, 5
8576, 6
1456, 4
5376, 5
3712, 4
3120, 5
5632, 6
6016, 5
7680, 6
2992, 4
1968, 4
3328, 3
6656, 5
5119, 5
7040, 6
6656, 6
6192, 5
3248, 4
5040, 6
5632, 5
4096, 4
5376, 5
6784, 6
5182, 6
5248, 5
8704, 6
8320, 7
4632, 6
6272, 6
6272, 6
4096, 5
1470, 4
4864, 5
8960, 6
4103, 6
4734, 6
4142, 5
3469, 5
8576, 5
6528, 6
5167, 5
8064, 6
3197, 6
9216, 6
3352, 5
8704, 6
3456, 4
6400, 5
5248, 5
7552, 6
5760, 5
5632, 5
4608, 5
2176, 3
4480, 4
5888, 5
10112, 7
1917, 5
6095, 6
6784, 6
6144, 5
3584, 5
3708, 6
6078, 6
6784, 5
8192, 7
8448, 7
2219, 5
9600, 6
8320, 6
7296, 6
5678, 6
5888, 6
7040, 5
6016, 6
5376, 5
3261, 6
8320, 6
6016, 6
2622, 5
8960, 6
8576, 6
6528, 5
4992, 5
6272, 6
4526, 6
5504, 4
9216, 7
8960, 6
78, 5
4480, 4
7936, 7
5888, 5
944, 3
13184, 7
5888, 6
6668, 7
8064, 5
4888, 6
2302, 4
5400, 6
7424, 6
3864, 4
5504, 5
8576, 6
8320, 5
4608, 5
3840, 4
7808, 6
7296, 6
60, 3
8064, 7
6016, 5
9728, 6
8704, 6
11904, 7
6016, 6
5504, 3
7296, 5
2909, 5
2493, 5
3376, 4
7296, 5
3200, 4
3120, 5
4992, 5
8320, 6
3840, 5
3712, 5
5632, 4
8192, 7
2814, 5
5424, 5
4528, 5
8704, 6
12160, 8
6016, 6
3968, 4
5120, 5
4784, 5
1686, 5
3261, 6
6272, 4
12160, 7
6016, 5
4608, 4
7936, 6
4864, 5
4480, 4
6528, 6
6272, 4
6528, 5
66, 3
10368, 6
3968, 4
3120, 4
7168, 5
6784, 5
10368, 6
2751, 4
6656, 7
4078, 5
1622, 5
8192, 5
9344, 6
7168, 5
64, 3
3840, 4
8192, 5
3712, 4
640, 2
12160, 8
5632, 5
4528, 6
10880, 8
6144, 6
10496, 7
3070, 5
5888, 5
6040, 6
1853, 5
5888, 5
6784, 5
8320, 7
2480, 4
4992, 5
7424, 6
5760, 5
5632, 5
568, 4
6064, 5
6656, 6
7296, 7
4736, 5
6064, 6
10240, 7
1716, 5
9344, 6
9088, 6
8832, 7
3632, 4
6016, 5
6912, 5
1464, 5
5888, 5
5376, 5
4864, 4
4736, 5
8448, 7
4608, 4
3760, 5
9216, 6
3376, 5
1494, 5
3968, 4
5376, 5
7680, 6
8320, 7
6528, 5
4144, 5
2352, 4
4352, 4
4992, 5
6784, 5
2944, 4
6680, 7
6734, 6
2712, 5
8704, 5
3352, 4
6528, 5
4480, 4
5198, 6
7552, 5
8448, 6
5376, 5
2352, 5
5120, 5
5040, 5
5632, 6
6400, 5
8448, 6
6144, 5
4400, 6
2560, 4
7424, 6
8576, 6
1722, 5
5272, 6
8576, 7
3278, 5
5760, 5
3968, 5
5888, 5
4736, 5
5760, 5
7680, 7
7168, 6
2840, 5
5760, 6
7808, 6
5888, 6
6400, 5
7552, 7
1334, 5
4224, 4
7168, 6
2352, 4
8576, 6
7296, 6
1968, 4
8704, 7
4608, 5
4992, 5
7552, 6
4224, 4
7552, 6
4992, 6
7040, 6
7040, 6
7424, 6
4480, 3
5679, 6
7424, 6
5376, 6
4528, 5
5911, 6
4992, 5
2583, 5
5888, 5
4864, 4
5839, 5
6168, 6
9344, 6
5248, 4
3968, 5
9344, 6
816, 3
5888, 6
7168, 7
1716, 5
3968, 4
4528, 5
4888, 6
3120, 4
7936, 6
8576, 6
7424, 6
4864, 4
1200, 4
7424, 5
4864, 5
4352, 4
6656, 6
4911, 5
7424, 6
4912, 6
5174, 6
4224, 5
3981, 6
7040, 6
5760, 5
3840, 5
5679, 5
7680, 6
4480, 5
4480, 4
4480, 4
1598, 4
7680, 6
2688, 4
7680, 6
8704, 7
3632, 5
4912, 5
7552, 7
7599, 7
4400, 5
8576, 6
9344, 6
3584, 5
5760, 5
8064, 5
5950, 6
5376, 4
8832, 6
9344, 6
7600, 7
8320, 6
6400, 6
3840, 4
2349, 5
7424, 5
6400, 6
5248, 5
5120, 5
3582, 5
4511, 4
2432, 3
3584, 5
6400, 6
4864, 4
4532, 6
1664, 3
7680, 7
2095, 5
8832, 5
9984, 6
4736, 4
8320, 6
1454, 5
7040, 6
6656, 6
4352, 4
4656, 5
3456, 5
4480, 5
6784, 5
7552, 6
5504, 6
6528, 6
2736, 5
6784, 5
9600, 7
4608, 5
6144, 5
4400, 5
6205, 7
6656, 6
2100, 5
3736, 4
2122, 5
5656, 6
4096, 5
7680, 6
7424, 6
5248, 5
7808, 6
3504, 4
7296, 6
5248, 6
6144, 6
7040, 6
7424, 6
6656, 6
6912, 6
4224, 4
2494, 5
3456, 3
6400, 5
5888, 5
5504, 4
6656, 5
855, 4
6784, 6
8704, 6
5248, 5
7168, 5
7320, 6
6784, 5
3328, 4
1355, 4
7168, 6
1917, 5
8600, 7
5760, 5
7936, 6
1855, 4
4528, 5
6400, 5
6912, 6
5504, 5
6144, 5
8576, 6
5632, 5
9600, 7
7231, 6
2135, 5
6016, 5
7680, 6
5632, 5
5040, 6
6912, 6
5760, 5
5376, 5
6016, 5
8320, 7
5888, 6
7808, 6
7984, 7
5552, 6
6272, 5
9472, 6
4760, 5
4736, 5
9728, 6
6144, 5
2688, 4
4736, 6
6144, 6
8320, 6
7552, 6
9344, 6
4352, 5
2300, 6
4608, 5
2712, 5
5376, 5
4608, 5
5295, 6
7040, 5
8064, 6
11392, 8
8192, 6
5760, 5
8216, 7
6016, 5
2622, 5
5632, 4
10112, 6
10112, 7
82, 6
3456, 3
6528, 4
5808, 5
9472, 6
7040, 7
4096, 5
7040, 6
8448, 6
8448, 6
6016, 6
5376, 5
3261, 6
9728, 6
78, 5
7680, 6
11136, 7
7680, 6
9728, 6
6528, 5
9728, 6
2200, 4
4736, 4
6528, 5
4352, 4
8856, 7
5504, 6
4400, 5
6576, 6
3968, 4
7040, 6
6528, 6
4480, 4
3504, 6
3456, 5
4847, 6
4992, 5
6870, 7
5888, 5
6656, 6
1968, 4
4992, 5
5632, 5
7680, 5
1664, 3
6656, 5
5296, 5
6016, 5
7040, 6
7680, 6
7680, 6
8192, 6
8832, 6
4608, 5
8704, 6
7296, 6
66, 3
8832, 7
2864, 4
6016, 5
3888, 4
9600, 6
10240, 7
5888, 5
5632, 5
2623, 4
10624, 6
1432, 4
5656, 6
6528, 5
5760, 5
8064, 6
9088, 7
5632, 5
9728, 6
7424, 5
7296, 6
74, 5
3968, 4
7040, 7
4736, 4
8064, 5
4992, 5
4096, 4
822, 4
6656, 5
3840, 4
3712, 5
9728, 7
9472, 7
4276, 6
4864, 5
5632, 5
5888, 5
2814, 5
6400, 5
4784, 5
9344, 6
6656, 5
4992, 4
2048, 3
6144, 6
5632, 6
7808, 6
5632, 5
8064, 5
9088, 6
5632, 6
6400, 5
4608, 5
7552, 5
6144, 6
5504, 4
4016, 5
4528, 5
8448, 7
8832, 6
4992, 5
10112, 7
8960, 6
5504, 4
5248, 5
6784, 6
4480, 5
6589, 7
9984, 5
1535, 3
6656, 6
4352, 4
6844, 7
6415, 5
1535, 3
8192, 7
7680, 6
8320, 6
2141, 5
9856, 7
1982, 4
3294, 5
9984, 6
1550, 4
6400, 5
6400, 5
7680, 7
5246, 6
6272, 5
8472, 7
6272, 6
9856, 7
4224, 4
6528, 5
8704, 6
9088, 6
3147, 5
6040, 7
5120, 5
3480, 5
5400, 5
5504, 5
4541, 6
4736, 4
7808, 6
2941, 5
2453, 6
1432, 4
5528, 5
2304, 4
5888, 5
8576, 6
6656, 5
2673, 7
3946, 6
5888, 5
6912, 5
1367, 4
2623, 4
6656, 5
7424, 6
6656, 5
6424, 7
5760, 6
4760, 6
70, 4
7680, 6
5888, 6
6912, 4
5248, 4
7296, 5
2352, 4
68, 4
1920, 3
5504, 5
5504, 5
6528, 5
9344, 7
768, 2
2176, 3
9344, 6
8192, 8
5327, 5
5760, 5
5504, 5
6912, 6
7808, 6
6016, 5
4608, 5
7680, 6
2174, 5
1278, 4
7296, 6
5760, 5
6144, 5
7424, 6
12032, 8
5248, 4
4480, 6
7808, 6
6784, 6
7168, 6
512, 2
5504, 5
6400, 5
8704, 6
6656, 7
4224, 5
9088, 7
10624, 6
2432, 4
5632, 5
6528, 6
6784, 5
5760, 5
3864, 5
7296, 6
6784, 6
8320, 7
5936, 6
8832, 6
6144, 5
1917, 5
6144, 5
6528, 6
512, 2
1518, 5
5760, 5
4608, 4
3888, 4
1853, 5
696, 4
3840, 4
4992, 5
7168, 6
6448, 6
5888, 4
5760, 5
7680, 7
7808, 5
4864, 5
6144, 4
560, 3
3200, 3
4736, 5
9088, 7
9472, 7
3712, 4
5248, 5
8832, 7
8064, 6
10112, 6
7168, 7
5632, 5
6912, 6
8064, 6
6144, 5
5760, 6
5168, 6
9856, 7
3584, 5
3069, 6
2109, 5
6144, 5
5759, 5
4864, 5
7168, 5
6912, 6
8704, 7
4352, 5
6784, 6
7088, 6
5248, 5
6400, 5
4736, 5
5504, 6
5679, 6
2304, 3
6784, 5
4736, 4
7296, 6
2048, 3
7424, 6
6400, 6
6272, 6
7552, 6
7296, 6
6912, 6
5376, 5
4864, 6
1336, 5
6016, 6
4248, 4
6912, 5
6528, 5
6912, 5
7552, 5
4888, 6
5632, 6
4272, 6
5376, 4
6424, 6
5248, 5
5376, 4
4608, 5
9216, 7
5168, 5
10112, 6
2351, 4
7296, 6
3918, 5
7040, 6
5760, 6
2989, 5
7680, 6
7168, 7
4224, 4
6144, 5
2304, 4
6784, 6
5120, 5
7424, 5
6847, 6
6400, 4
8064, 6
967, 5
9472, 7
9472, 6
4992, 4
6016, 5
2688, 4
4224, 4
5376, 5
7808, 5
3086, 5
919, 4
4508, 6
3550, 5
4480, 5
5784, 6
3968, 5
4224, 4
3584, 4
4480, 5
572, 4
4352, 5
4864, 4
5552, 6
564, 4
6912, 6
7424, 6
7680, 6
2816, 4
6144, 5
2992, 5
4760, 5
7808, 6
9728, 6
5504, 5
7040, 5
7296, 5
4784, 5
6528, 6
5632, 5
3712, 4
5376, 4
8576, 6
6016, 6
10240, 6
5504, 4
4888, 6
6656, 4
8576, 6
7296, 6
2046, 5
2686, 5
4480, 6
7040, 6
5726, 6
7168, 6
4736, 4
824, 4
11008, 7
7808, 6
1456, 4
9984, 7
5632, 5
2480, 5
8496, 7
6016, 5
5632, 5
3326, 5
4504, 6
4016, 5
3224, 5
1280, 3
8960, 6
12416, 7
5632, 5
7040, 6
7040, 5
4376, 5
1816, 4
2816, 4
3456, 5
5504, 6
2816, 4
7552, 6
8344, 7
5607, 6
5512, 6
8704, 6
8320, 6
6832, 6
6144, 5
2352, 4
5376, 5
5632, 5
4480, 6
7296, 6
6400, 5
7424, 5
1981, 5
5376, 5
3200, 4
7680, 6
5951, 7
6912, 6
7168, 4
3992, 5
5248, 5
7296, 4
8320, 7
4016, 6
3840, 4
8192, 6
5248, 6
5760, 5
1662, 4
8448, 6
7040, 6
1304, 4
4992, 5
3099, 7
3584, 4
8192, 6
6400, 5
10112, 6
4352, 4
10240, 6
4224, 5
2584, 5
8448, 6
5556, 6
6144, 6
5632, 5
1432, 4
578, 5
3200, 4
3712, 4
7040, 6
4352, 5
8832, 6
5551, 6
4912, 6
3992, 5
5504, 5
9984, 7
3712, 4
6912, 5
10112, 7
7040, 6
7472, 7
6400, 6
5504, 5
6400, 6
4992, 4
8064, 6
1227, 4
6272, 5
4352, 5
2456, 5
8064, 5
5120, 6
3838, 5
7424, 5
5760, 4
8320, 6
8960, 6
4992, 4
6016, 5
10112, 7
8960, 6
6784, 5
68, 4
11776, 7
6016, 5
6272, 5
5632, 4
8960, 7
5888, 4
82, 6
11648, 8
5504, 4
952, 4
3504, 5
7040, 6
5760, 5
3786, 6
4608, 4
8064, 5
6144, 5
5120, 5
7808, 6
3584, 4
4736, 5
5437, 6
4656, 5
9728, 7
6016, 5
7040, 6
4992, 5
7424, 5
6016, 6
4864, 5
6016, 5
2304, 3
7296, 5
5808, 5
7040, 6
7552, 5
4528, 5
10624, 6
5248, 5
7040, 5
7168, 7
3148, 6
5888, 5
6912, 6
1584, 4
9344, 6
6528, 4
3760, 4
2493, 5
6784, 5
3632, 5
1664, 3
3840, 4
9600, 6
9472, 7
48, 2
6656, 5
8320, 6
10240, 7
5504, 6
7296, 6
10112, 7
8832, 7
6400, 5
9088, 6
9728, 6
6784, 5
9728, 6
5272, 5
68, 4
6144, 4
10752, 8
7680, 5
4912, 5
6144, 5
948, 4
2480, 4
8192, 6
6528, 6
1944, 4
2311, 5
6272, 5
7296, 6
3103, 4
5376, 6
4480, 4
4736, 5
4912, 5
7576, 6
2173, 5
4096, 5
5504, 5
6144, 5
6272, 4
6016, 6
4480, 4
1981, 5
5504, 4
6912, 6
2558, 5
8064, 6
2816, 3
3712, 4
7040, 4
6272, 5
4400, 5
4532, 6
6528, 5
1199, 4
7424, 6
9984, 8
5760, 4
6040, 5
2096, 4
8960, 7
3120, 4
7552, 6
4096, 3
68, 4
5248, 4
7552, 6
4608, 4
3968, 4
4480, 4
8448, 7
48, 2
3840, 3
9472, 7
8704, 5
5376, 4
9088, 5
4864, 3
5632, 4
13440, 8
9600, 6
4349, 6
4096, 4
6528, 5
5948, 7
4480, 5
4989, 6
5632, 4
7552, 6
5120, 4
8576, 6
1471, 3
9856, 6
6784, 5
4352, 4
11776, 7
7296, 5
6528, 5
4735, 5
4094, 5
5632, 4
5888, 5
4864, 4
8960, 5
3072, 3
6656, 5
9472, 6
5504, 5
9344, 6
2944, 3
2432, 3
6400, 4
4864, 4
6400, 5
9472, 6
4608, 4
6784, 5
3072, 4
5248, 5
4224, 3
2304, 3
6784, 6
6784, 6
4480, 3
5888, 5
4991, 4
6398, 5
3724, 5
10624, 7
4224, 4
2365, 5
10496, 6
1944, 4
4992, 5
4992, 5
9472, 5
4127, 5
9344, 7
5632, 5
5528, 6
7936, 5
6656, 6
5248, 6
8832, 6
7680, 5
4911, 5
9472, 6
2429, 5
6144, 4
5016, 5
5120, 5
7040, 5
8064, 6
7438, 7
1598, 4
8576, 7
4096, 5
2613, 6
3391, 4
8960, 5
8448, 6
5376, 4
3567, 5
6016, 5
3998, 6
5912, 6
6168, 6
7808, 7
6528, 4
4352, 5
4509, 6
8320, 6
6272, 5
2816, 4
5760, 5
4791, 6
6144, 5
6272, 5
3134, 5
3096, 5
5760, 6
6272, 5
7552, 6
5760, 5
3864, 5
6656, 6
4318, 5
3968, 4
4608, 4
8064, 6
6542, 6
4736, 5
6192, 5
8064, 5
8320, 6
9984, 6
3328, 4
1712, 4
6528, 5
5376, 4
8192, 7
7680, 4
9472, 7
9088, 6
3456, 4
6400, 5
5376, 4
1460, 4
6016, 5
3968, 5
6912, 6
2301, 5
4480, 4
8320, 6
1584, 4
792, 3
7808, 6
1307, 5
3662, 5
4829, 6
6272, 5
5376, 5
1408, 3
6400, 5
1662, 4
7936, 5
6366, 6
4749, 6
5888, 6
6400, 5
4608, 4
5760, 6
9088, 6
9216, 6
6912, 5
8576, 6
5376, 5
5760, 5
4352, 5
7040, 5
1968, 4
5504, 5
4352, 4
7296, 6
9472, 6
7040, 5
5376, 4
3072, 3
6656, 5
3712, 4
6016, 5
8704, 6
5888, 5
2816, 4
7424, 6
9216, 7
8064, 6
7296, 5
5376, 5
6912, 5
7936, 6
4028, 6
7680, 5
8704, 5
9600, 7
2992, 4
6013, 6
768, 2
4734, 5
5248, 5
8832, 7
9344, 7
10496, 6
7424, 6
7168, 6
3328, 4
6016, 6
9216, 7
7040, 5
7680, 6
10752, 6
8960, 6
3142, 6
7936, 6
5504, 5
2972, 5
5511, 6
4480, 4
6016, 6
5248, 5
8064, 7
5376, 6
8320, 6
6272, 5
5046, 6
4864, 5
6656, 6
3840, 4
2560, 4
6144, 5
5246, 5
6656, 5
2456, 4
5376, 5
5888, 5
7296, 6
6144, 5
6016, 5
4352, 5
7680, 6
4096, 4
5504, 5
7040, 6
3248, 5
5053, 6
4352, 4
5376, 4
3248, 5
6016, 5
9600, 6
3760, 4
6064, 6
6528, 6
1460, 5
3248, 4
3712, 5
6064, 5
11648, 8
5116, 7
3328, 3
3725, 5
3840, 4
4527, 5
9216, 5
3328, 3
3840, 4
3456, 4
3388, 6
7296, 6
5888, 5
4608, 5
9344, 6
4528, 6
6912, 6
4352, 5
6528, 5
5583, 6
2844, 6
8472, 6
2828, 6
5504, 5
4992, 4
3504, 5
4736, 4
3224, 5
8320, 5
7680, 5
5376, 5
6656, 5
6400, 5
4736, 5
7680, 5
6168, 6
4784, 5
4224, 5
7680, 6
6144, 5
5376, 4
5400, 6
5248, 5
5516, 6
2944, 4
8576, 6
7455, 5
6784, 6
2304, 3
2816, 4
3504, 5
5888, 5
4784, 6
3328, 4
5165, 6
3352, 4
7936, 6
8064, 6
4352, 4
6272, 6
4608, 4
7296, 6
5376, 5
9344, 7
3840, 3
7168, 6
8704, 6
5120, 5
2560, 4
7424, 6
5309, 7
10880, 7
9600, 7
6272, 5
10624, 7
10496, 7
5808, 6
2045, 5
5248, 5
3480, 5
3584, 4
4096, 5
9088, 6
6792, 6
7552, 6
2560, 4
5400, 5
7680, 6
4992, 4
5552, 5
5248, 5
7040, 5
8576, 5
4736, 5
3376, 5
2456, 4
6144, 5
6016, 5
6192, 6
8728, 6
3584, 4
6272, 6
7552, 5
8320, 7
6144, 5
8192, 5
7168, 5
5632, 5
6528, 5
3200, 4
2560, 3
6400, 6
2557, 5
10496, 7
7168, 5
6284, 6
8448, 6
7680, 6
4864, 4
6528, 5
2365, 5
2428, 6
8704, 7
3840, 5
2429, 5
6400, 6
4864, 5
6552, 6
3453, 5
8064, 5
3888, 4
9088, 6
9472, 6
4096, 5
5040, 6
6912, 4
3992, 6
3504, 4
6400, 5
4912, 5
2748, 6
8832, 6
8064, 7
3328, 4
5528, 6
5296, 5
5632, 4
5120, 6
7424, 7
2736, 5
5504, 5
3200, 5
4096, 5
2813, 6
4847, 6
7424, 6
4333, 6
6784, 6
6784, 5
7296, 6
5400, 6
4736, 5
6463, 6
6784, 6
2328, 4
6784, 6
5552, 5
3456, 4
7680, 5
6016, 5
1334, 5
2864, 5
9216, 6
8576, 6
7552, 5
8192, 6
6784, 5
3120, 5
7680, 6
5632, 6
7040, 6
3760, 5
2224, 4
3840, 4
3455, 4
10112, 7
820, 4
6784, 5
5248, 5
5424, 6
4912, 5
5552, 5
7808, 6
11520, 7
8448, 6
5120, 4
7424, 5
7342, 6
6528, 5
6528, 5
9344, 7
5016, 5
5120, 5
4608, 5
8320, 7
6016, 5
7296, 6
8064, 7
8832, 6
1917, 5
6272, 5
5888, 5
7296, 6
3252, 5
8192, 6
2688, 4
8192, 5
8318, 7
8064, 6
5120, 5
3406, 5
7196, 8
6144, 5
1692, 5
5936, 5
9472, 6
7296, 5
4272, 5
6670, 6
6784, 6
3760, 5
5040, 5
2096, 4
5272, 5
5120, 5
4096, 4
8448, 6
6400, 4
5888, 5
3968, 4
4096, 5
8704, 6
2304, 3
1338, 6
6272, 5
4272, 5
5248, 5
8704, 6
8832, 6
7936, 6
2816, 4
2608, 5
5632, 5
2991, 5
4751, 5
5376, 5
11136, 8
7808, 6
3584, 4
5888, 4
8320, 6
4783, 5
2816, 4
9344, 6
3006, 4
3502, 5
3438, 5
6400, 6
1982, 4
540, 4
3584, 5
5248, 6
5040, 4
8704, 7
11136, 6
10624, 7
4352, 5
3200, 4
1920, 3
6784, 5
6319, 6
10240, 7
3630, 5
8704, 5
3612, 6
4608, 5
4992, 4
5376, 5
688, 3
5552, 6
6400, 5
5428, 6
4864, 5
5504, 5
4272, 6
1584, 4
1536, 3
6320, 6
4992, 4
6144, 5
5836, 7
4608, 5
4736, 4
3840, 4
4352, 4
6912, 5
5632, 5
1664, 3
9344, 7
3840, 5
4864, 5
5248, 6
1664, 3
7168, 6
2432, 3
1661, 5
8448, 7
5120, 6
7936, 6
4992, 5
8448, 5
4120, 5
7168, 7
2944, 4
5888, 6
2350, 5
4224, 4
4224, 4
6016, 5
6400, 5
2622, 5
5120, 5
10752, 7
2111, 4
9088, 5
7040, 6
6912, 7
4352, 4
8064, 6
6254, 6
2365, 5
5248, 5
2816, 4
6912, 6
7040, 5
1750, 5
5248, 5
2430, 5
4864, 5
6016, 5
6912, 6
6016, 6
5632, 5
7808, 6
7424, 6
2840, 5
9088, 6
7680, 7
5888, 5
3248, 5
7808, 6
5376, 5
5760, 5
5248, 5
6656, 5
6784, 6
7192, 6
572, 4
5376, 5
7808, 6
7936, 6
5632, 5
8448, 6
4276, 6
7168, 6
544, 4
3531, 5
10240, 7
4830, 6
9216, 7
3142, 6
7168, 6
3069, 5
9600, 6
3485, 5
2509, 5
7936, 5
5248, 5
2029, 5
3072, 4
6144, 6
11008, 7
3294, 5
7808, 6
5679, 5
5248, 5
5120, 5
1790, 4
7680, 7
8320, 6
3736, 6
1308, 5
7680, 6
4127, 5
6528, 5
9856, 6
1814, 5
6272, 6
3550, 5
4093, 6
3148, 6
6656, 6
1373, 4
1661, 4
1597, 4
1789, 4
4992, 5
4125, 6
6656, 5
3200, 4
1533, 4
1597, 4
1469, 4
2300, 5
11008, 7
6656, 5
7552, 6
4760, 6
1533, 4
1085, 4
2044, 5
2172, 5
7552, 6
9856, 7
7424, 5
9216, 6
1980, 5
2108, 5
1214, 3
1417, 5
3584, 5
2996, 6
4400, 5
5424, 6
4224, 4
8960, 6
578, 5
3120, 5
6400, 5
4736, 4
4736, 5
5632, 4
2269, 5
5632, 5
5888, 5
2096, 4
4784, 5
6272, 5
6656, 6
4736, 5
7680, 7
8832, 6
572, 4
7424, 6
4400, 6
3376, 4
3584, 4
7040, 6
7552, 6
7168, 6
572, 4
5888, 5
6528, 5
5784, 6
6656, 6
4736, 5
2108, 5
1917, 4
1788, 5
2556, 5
3712, 4
6656, 5
4735, 5
4608, 5
1353, 5
1916, 5
1405, 4
287, 4
4864, 5
6704, 6
5632, 5
4272, 5
2044, 5
2428, 5
1365, 5
1390, 4
5760, 5
6144, 5
5552, 6
4992, 5
2108, 5
662, 4
1521, 6
1533, 4
4608, 5
7600, 7
5808, 6
4144, 5
6400, 5
2100, 5
6296, 6
7680, 6
5376, 5
3200, 4
1263, 4
7680, 6
6656, 5
8192, 5
7552, 5
3120, 4
5760, 5
5183, 6
7064, 6
4352, 5
8448, 6
6016, 5
6144, 5
4736, 5
7296, 5
3968, 5
5248, 5
6016, 5
11136, 7
3248, 4
1432, 4
4916, 7
2944, 4
7040, 6
6168, 6
2509, 5
1916, 5
1916, 5
1277, 4
1877, 5
5248, 4
6912, 4
8320, 6
3712, 4
1557, 5
1365, 5
1661, 4
1086, 3
7552, 6
2269, 5
7168, 5
5760, 5
1853, 4
293, 5
1788, 5
2044, 5
7168, 6
2864, 4
1592, 5
4352, 4
1180, 5
1086, 3
1724, 5
289, 4
7192, 7
8255, 7
6400, 5
3968, 5
3328, 4
6016, 6
1328, 4
6016, 5
3584, 4
4120, 5
6656, 5
7424, 5
4159, 5
4864, 5
4480, 4
5326, 5
7168, 6
8447, 7
5248, 5
1845, 6
6528, 5
1968, 4
4480, 5
3462, 6
3888, 4
2095, 5
5040, 5
5807, 6
5504, 5
5040, 5
4912, 6
7424, 6
3968, 4
6784, 6
7552, 5
9472, 6
2108, 5
1980, 5
2876, 5
1341, 4
6656, 5
6912, 6
3504, 5
9856, 6
1110, 4
1980, 5
1086, 6
2044, 5
6912, 5
3328, 4
5120, 5
3632, 5
1621, 5
2044, 5
854, 4
1341, 4
7552, 5
4760, 5
4511, 5
7936, 6
2108, 5
1533, 4
1661, 4
1341, 4
1790, 4
6144, 6
7424, 6
3072, 4
7936, 6
4736, 5
6528, 6
8064, 6
7680, 5
1944, 4
7808, 5
9728, 6
3200, 4
2748, 6
7424, 6
4992, 5
7296, 5
4864, 4
7552, 6
7424, 5
6016, 5
6528, 5
2612, 5
7808, 5
7936, 6
8448, 6
4096, 4
4608, 4
572, 5
8832, 6
5296, 6
5552, 6
8064, 6
6448, 6
6528, 5
3200, 4
5632, 6
6656, 5
4736, 4
6656, 6
2030, 4
1366, 5
6528, 5
4736, 5
1814, 5
1734, 5
7552, 5
7040, 6
5656, 6
1712, 4
4224, 4
7424, 6
5632, 5
4480, 4
7296, 6
5760, 5
3328, 4
4272, 5
2224, 4
4224, 5
8064, 6
5632, 5
5888, 5
4608, 5
8216, 7
4864, 5
6528, 6
5760, 5
7168, 5
9216, 8
7680, 6
2608, 4
4096, 5
2469, 6
7552, 5
3712, 5
4480, 4
4441, 7
2909, 5
2584, 5
8576, 6
2172, 6
6144, 6
5888, 5
5632, 5
983, 4
4608, 5
6656, 6
8064, 7
6400, 5
828, 5
6400, 5
2352, 5
7680, 6
6144, 5
5040, 6
5248, 6
5504, 5
4912, 5
3380, 6
2200, 4
7424, 6
5504, 5
5504, 5
2301, 5
5726, 6
5504, 6
3328, 4
3864, 5
2780, 6
5632, 5
5248, 4
4016, 5
5760, 5
3328, 4
2484, 5
5248, 5
4479, 5
3840, 4
4660, 6
6784, 5
7040, 6
1518, 5
7296, 6
570, 4
4224, 5
570, 4
8960, 6
5376, 4
4528, 4
2816, 4
4736, 4
2669, 5
4736, 6
8064, 6
6528, 6
11776, 8
5287, 6
6680, 6
6528, 4
1664, 3
4204, 6
7424, 6
7040, 5
4992, 5
7808, 6
4992, 6
6016, 5
9344, 6
5245, 6
4790, 7
1688, 4
8448, 5
9216, 5
3456, 5
4157, 7
4528, 5
6272, 6
1269, 5
3888, 5
7936, 6
3072, 4
8320, 6
6784, 6
6784, 5
8704, 7
1664, 3
2096, 4
5504, 5
6016, 5
6912, 6
11008, 6
7808, 6
4813, 6
2688, 4
5248, 4
2621, 5
6784, 6
6016, 5
6400, 6
5632, 5
7680, 6
4352, 5
1456, 4
7808, 6
1139, 5
4352, 4
4608, 5
6016, 5
3712, 5
4480, 5
4352, 4
7296, 6
7168, 6
5632, 5
7296, 6
7936, 7
7168, 6
6400, 5
7680, 6
9344, 6
5656, 6
2688, 3
6528, 6
4784, 5
8960, 6
4352, 5
6784, 5
9984, 6
6400, 5
11136, 7
6400, 5
1456, 4
2940, 6
5760, 5
8448, 6
5504, 5
6912, 6
4224, 5
2029, 5
6784, 6
2462, 5
6656, 6
7936, 5
6144, 6
5760, 4
7040, 5
6272, 5
5120, 6
6528, 5
3840, 5
3072, 4
6656, 5
6272, 5
6912, 5
5375, 5
8704, 6
3830, 6
4736, 5
6656, 5
8832, 6
1328, 4
4992, 5
4736, 5
7936, 5
10240, 7
5120, 5
6528, 5
1135, 4
5760, 6
2944, 4
8960, 6
5040, 5
5376, 5
5632, 4
6656, 6
10112, 7
1518, 5
4016, 6
9600, 6
5760, 6
5632, 5
7168, 6
3888, 5
6784, 5
4224, 4
1982, 4
7296, 5
9088, 5
7936, 6
1664, 3
4608, 5
5040, 5
6832, 6
7040, 6
5424, 6
6016, 5
10112, 6
4224, 5
4278, 5
3376, 5
5632, 5
4352, 6
5760, 6
4608, 5
4224, 4
3840, 5
4656, 6
6784, 5
6400, 6
3229, 5
5504, 6
1541, 5
2556, 5
1110, 4
958, 3
4992, 5
7040, 6
5016, 5
7168, 6
1353, 5
2108, 5
662, 4
2428, 5
7552, 6
3840, 5
5120, 5
6528, 5
1684, 6
1917, 4
2300, 5
878, 4
8192, 6
4404, 6
1584, 4
572, 4
1788, 5
2300, 5
1773, 5
1621, 5
6144, 5
4248, 5
3197, 6
6912, 5
8064, 6
3870, 5
6912, 6
8192, 6
5725, 7
6333, 7
7936, 5
6528, 6
3224, 5
6784, 5
5120, 5
4096, 4
9472, 6
6016, 6
2494, 5
2560, 4
5888, 5
5679, 5
7424, 6
5528, 6
7552, 6
8192, 6
4096, 5
6527, 6
3712, 4
3181, 6
4992, 5
5632, 5
5120, 6
4376, 6
4045, 6
6528, 6
1102, 5
906, 5
1493, 5
2108, 5
3006, 5
2749, 5
4589, 6
3486, 5
1533, 4
1756, 5
2492, 5
2172, 5
4224, 5
8576, 6
7936, 6
6656, 5
2300, 5
2428, 5
1148, 5
2236, 5
6144, 5
6912, 5
8832, 6
4992, 5
1493, 5
1724, 5
2172, 5
906, 4
4285, 6
4736, 5
4352, 3
4223, 5
8960, 6
9856, 7
4736, 4
4096, 5
3840, 3
9984, 6
8832, 6
3456, 4
6656, 5
6622, 6
4224, 4
5248, 5
4992, 5
6272, 5
6656, 5
6656, 5
3888, 6
7552, 6
6784, 6
2304, 4
5632, 5
7424, 6
1280, 3
9216, 7
9344, 6
5376, 5
9344, 6
5376, 5
7296, 6
4736, 4
3584, 5
7424, 6
1916, 5
1213, 4
1178, 5
1214, 3
6424, 6
3968, 5
8192, 5
8320, 6
1085, 4
1597, 4
1481, 5
2172, 5
5120, 5
5760, 5
5144, 6
9472, 7
726, 4
1469, 4
2171, 6
1597, 4
4096, 5
8192, 5
576, 5
4480, 5
1645, 5
1341, 4
1238, 4
1341, 4
6680, 6
2736, 5
5248, 5
5296, 5
6960, 6
2560, 4
5376, 5
5248, 4
4096, 4
4224, 4
3712, 4
6528, 5
9856, 7
9472, 6
5760, 5
7936, 6
7040, 6
2224, 4
4736, 5
6912, 6
6448, 6
4632, 5
5424, 5
863, 5
3200, 3
5631, 5
5248, 5
9088, 6
7552, 6
6016, 5
5632, 5
5400, 6
2736, 4
4480, 5
3248, 5
6784, 6
854, 4
2363, 6
1390, 4
1277, 4
2270, 4
8576, 6
3480, 5
2560, 3
2428, 5
1597, 4
2044, 5
1213, 4
6144, 5
8832, 6
4736, 4
6704, 6
2556, 5
1916, 5
1469, 4
1110, 4
7296, 6
8064, 6
5632, 5
6272, 5
2005, 5
1102, 5
1341, 4
1085, 4
5248, 5
5632, 5
6528, 5
2710, 6
7040, 6
8064, 7
1918, 4
6400, 5
3197, 5
1023, 3
9856, 6
826, 5
7680, 6
3456, 4
3325, 6
9088, 5
8960, 5
8832, 6
5376, 4
5040, 5
9216, 6
4144, 5
8576, 6
4864, 5
5016, 6
3248, 5
6400, 5
4224, 5
4992, 4
4736, 4
6784, 5
4352, 4
6269, 6
10496, 8
5888, 5
2159, 5
6400, 6
5120, 5
3456, 5
4736, 5
5400, 6
1332, 5
3456, 5
10624, 7
5376, 6
8960, 7
6272, 5
4912, 5
1423, 5
5376, 5
7808, 6
3480, 5
3736, 5
6040, 6
3584, 5
9216, 6
8448, 6
7168, 6
6335, 6
7424, 5
7040, 6
1588, 5
6272, 5
5632, 5
8832, 6
3840, 4
5888, 5
4864, 4
7936, 6
5376, 5
3712, 5
4543, 5
5656, 5
4480, 4
6144, 6
5632, 5
5144, 5
4480, 5
1279, 3
4864, 5
6016, 5
2237, 5
8576, 7
2688, 3
3504, 5
5760, 6
7424, 6
8064, 6
7040, 6
5504, 4
2996, 5
8448, 7
7040, 6
6272, 5
5376, 5
1334, 5
8064, 6
6656, 6
5040, 5
568, 4
3072, 5
7040, 6
5888, 6
5888, 5
6784, 6
6144, 5
4992, 5
8320, 6
5632, 5
5632, 5
8192, 6
4992, 4
6784, 6
2571, 5
8320, 7
6016, 6
4736, 6
8832, 6
4767, 5
6656, 6
1039, 4
8576, 7
6272, 5
1839, 5
4608, 5
5248, 5
7552, 6
5504, 5
7680, 7
4352, 4
5120, 5
3760, 5
1456, 4
5888, 5
5248, 5
6912, 5
10752, 6
6144, 6
4352, 4
3200, 3
6784, 6
3840, 4
4352, 5
944, 3
1343, 3
2909, 5
2238, 4
5504, 5
2829, 5
5760, 5
3631, 5
7424, 5
5296, 4
5632, 5
3712, 4
9344, 6
8064, 6
5296, 6
4992, 5
4016, 5
6912, 5
3328, 4
8320, 6
3456, 4
5376, 4
1844, 5
6016, 5
6272, 5
9344, 7
6144, 6
2908, 6
5120, 4
1792, 3
7936, 6
6016, 5
4736, 4
5376, 4
5504, 5
6144, 6
4480, 5
6272, 5
3968, 5
5292, 7
5504, 5
3584, 4
4352, 4
5376, 6
5376, 5
4992, 4
5504, 5
6912, 5
10624, 7
7192, 6
768, 2
5248, 4
2944, 4
3760, 5
4608, 5
5504, 5
2103, 6
6144, 4
6912, 5
3248, 4
8704, 6
3968, 3
7103, 6
5376, 5
566, 4
7040, 5
4400, 4
2584, 5
8064, 6
1334, 5
1456, 4
7808, 6
953, 5
6912, 6
4352, 6
5504, 5
5023, 5
6296, 6
4736, 5
1982, 4
9216, 6
3712, 5
6144, 5
4608, 5
5888, 5
5760, 5
7424, 6
3968, 4
8576, 7
5504, 6
6016, 5
8064, 6
7168, 6
4352, 5
5760, 5
4992, 4
7936, 6
7168, 5
8192, 6
3712, 4
7310, 6
4248, 6
7552, 6
4992, 5
7040, 5
2048, 3
2304, 4
4784, 6
8192, 6
2100, 5
5248, 5
8192, 6
1664, 3
5248, 5
5248, 6
2304, 4
6016, 5
8064, 6
6656, 6
4992, 5
6016, 6
5504, 5
5632, 5
7296, 5
6400, 5
7552, 6
2688, 4
3840, 4
5760, 5
8704, 6
4400, 5
7936, 7
3760, 6
6656, 6
4400, 5
9344, 7
7168, 5
4400, 6
7680, 6
5055, 5
8064, 6
6912, 5
5120, 5
6272, 5
7168, 6
2560, 4
6528, 5
6144, 5
6272, 5
1277, 4
1405, 4
1277, 4
1788, 5
5248, 5
6784, 6
4272, 5
3968, 4
1237, 5
1789, 4
1980, 5
1773, 5
4992, 5
3584, 5
1654, 5
5504, 5
2172, 5
1493, 5
1405, 4
1277, 4
6016, 5
2102, 5
3504, 5
1334, 5
1110, 4
1202, 5
2492, 5
2364, 5
7296, 6
4864, 5
2688, 4
6528, 6
8064, 6
7040, 5
7552, 5
7040, 7
5248, 5
6400, 5
7296, 6
6719, 6
3072, 4
7680, 6
6016, 6
566, 4
4016, 5
4608, 4
6272, 5
5823, 5
2102, 5
7680, 6
1560, 4
6784, 6
2478, 6
7860, 8
1464, 5
5632, 5
2688, 4
5760, 6
8448, 6
3760, 5
4736, 5
512, 2
4144, 5
6528, 6
726, 4
279, 3
2812, 5
1134, 4
8576, 6
6144, 6
7552, 6
512, 2
279, 3
2620, 5
1341, 4
1596, 5
5376, 6
3328, 4
5504, 5
6656, 6
2172, 5
1341, 4
1788, 5
2172, 5
5936, 6
7936, 6
6656, 5
6832, 6
1134, 4
1980, 5
1725, 4
2172, 5
4158, 6
8320, 6
7808, 5
5632, 5
5376, 5
5504, 5
6382, 6
9088, 7
6016, 5
2589, 5
7296, 6
7936, 7
3840, 4
6400, 5
5790, 6
5632, 5
1918, 4
2328, 5
2909, 5
8192, 6
1304, 4
5760, 6
5000, 6
4096, 4
3712, 4
6912, 6
3328, 5
6912, 5
7296, 5
8960, 6
6638, 6
4096, 4
4120, 5
3287, 5
5376, 6
3200, 5
1545, 5
2172, 5
2236, 5
1469, 4
6144, 5
2560, 4
2719, 4
5760, 5
1852, 5
1788, 5
1980, 5
1533, 4
7296, 6
2838, 6
5789, 7
4616, 5
1669, 5
1533, 4
1628, 5
2492, 5
5120, 5
4096, 4
7192, 6
4992, 5
1852, 5
726, 4
1660, 5
1853, 4
3584, 4
5632, 5
6448, 6
6912, 6
5760, 6
4224, 5
7552, 6
8832, 7
3584, 3
6168, 6
1588, 5
7424, 5
4144, 5
7040, 6
4992, 4
4096, 4
4224, 5
4784, 5
9600, 8
5632, 5
6784, 6
1208, 5
6400, 6
3584, 4
6656, 5
8704, 6
1206, 5
6784, 6
5168, 6
2358, 5
7296, 6
4248, 6
5808, 7
7552, 6
6016, 5
7168, 6
2108, 5
1262, 4
1533, 4
1916, 5
5504, 5
9984, 6
1980, 6
6400, 6
1012, 5
1724, 5
287, 4
2364, 5
9088, 7
6784, 5
2509, 5
7808, 6
1788, 5
1980, 5
1852, 5
1469, 4
5120, 5
4096, 5
3456, 5
8064, 6
289, 4
1788, 5
1896, 6
2300, 5
4125, 6
5504, 5
4632, 5
8448, 6
2712, 5
5248, 5
2840, 5
7247, 6
2237, 5
4120, 6
11136, 7
4480, 4
7472, 6
6479, 5
7168, 4
3069, 5
3646, 5
5504, 4
4736, 5
6272, 6
4788, 6
5808, 6
4656, 5
5888, 6
2432, 4
6656, 6
3200, 3
5504, 5
6784, 5
576, 5
5552, 5
2712, 5
2456, 5
3760, 6
5040, 6
7168, 7
1792, 3
5376, 5
1200, 4
7808, 6
6144, 5
10368, 7
5887, 5
951, 5
4144, 5
3517, 6
4144, 6
6016, 5
5888, 5
6656, 5
3124, 5
4352, 5
7808, 6
3504, 5
2829, 5
7680, 7
2297, 6
8064, 6
5760, 6
9728, 6
8960, 6
3198, 5
2816, 4
5120, 5
5632, 5
4864, 5
6656, 6
6528, 5
3632, 5
3120, 5
5888, 5
7936, 6
4352, 4
3840, 5
8192, 5
7296, 5
3352, 5
4760, 5
2048, 3
6191, 7
7424, 6
4992, 5
4992, 5
8448, 6
4783, 6
5552, 6
7472, 6
4504, 5
8832, 5
9088, 7
4864, 5
4504, 6
4864, 5
1518, 5
5376, 5
2432, 4
4864, 5
6424, 5
6847, 6
3760, 5
6016, 6
7680, 6
5632, 5
1560, 4
5888, 5
7168, 6
7424, 6
6528, 6
5376, 5
7424, 6
6784, 5
8960, 6
6912, 6
4096, 5
6144, 6
7936, 6
4864, 5
8320, 6
6015, 5
6272, 6
6656, 7
4511, 5
989, 5
5760, 5
6400, 6
3166, 5
6144, 5
2119, 5
3004, 6
6912, 6
5504, 5
9984, 4
4736, 5
6400, 5
5376, 5
4864, 5
6016, 4
3903, 4
4797, 6
10368, 6
6271, 5
6016, 5
4286, 5
4943, 5
6656, 5
3072, 4
5662, 6
6272, 5
5016, 5
4608, 4
3456, 4
3068, 6
8832, 7
9856, 6
5376, 5
1853, 5
9600, 7
5808, 6
4992, 5
4992, 6
4016, 4
6447, 7
7808, 6
4992, 5
6272, 5
4480, 4
1466, 6
2560, 3
5120, 4
5120, 4
2749, 5
6912, 6
7040, 6
4783, 5
7168, 6
6144, 6
6528, 4
7808, 5
4864, 4
7808, 6
6016, 5
1972, 5
7168, 6
6400, 6
4480, 4
6144, 5
3582, 5
3902, 5
7040, 6
6144, 5
8192, 5
6591, 5
5760, 5
8192, 6
7552, 6
5376, 5
6320, 6
7615, 7
5248, 5
5248, 5
8704, 5
7552, 5
6784, 5
6656, 5
7296, 6
6144, 5
6704, 6
3726, 5
9984, 6
5632, 5
8064, 5
4352, 5
4912, 5
3376, 5
3328, 4
4862, 6
5248, 5
4608, 4
6016, 5
4269, 6
5760, 5
8320, 6
5400, 6
3822, 5
3456, 4
7296, 6
4096, 5
7168, 5
6016, 6
6064, 6
3376, 5
6016, 6
5760, 5
5504, 6
4144, 6
4608, 5
8240, 6
4992, 5
3968, 4
4992, 5
5504, 5
4864, 5
5504, 6
8320, 7
6656, 6
5632, 5
2429, 5
6528, 5
4397, 6
7168, 5
8576, 6
4571, 6
4608, 5
3584, 5
7806, 8
3079, 5
4224, 4
1462, 5
9088, 7
6272, 5
5376, 5
3632, 4
5120, 5
8832, 5
4352, 4
3864, 5
5248, 5
4608, 5
6784, 5
6400, 5
6528, 5
3456, 4
6832, 7
3968, 5
7552, 6
7168, 6
8192, 6
572, 4
4096, 4
9344, 6
7552, 6
4400, 5
6784, 6
6144, 6
544, 4
560, 3
5760, 4
8704, 6
5230, 5
5120, 5
7680, 7
7936, 6
1980, 5
1405, 4
1852, 5
1788, 5
6784, 5
3968, 5
5376, 5
3888, 5
1341, 4
2364, 5
1709, 5
2045, 4
6272, 5
4096, 5
572, 4
2944, 4
2236, 5
1646, 4
2108, 5
1597, 4
3584, 4
5888, 5
2328, 5
3174, 6
1597, 4
1597, 4
1980, 5
1916, 5
6656, 6
3888, 5
1462, 5
5632, 6
6528, 6
6144, 5
1328, 4
7808, 6
5888, 4
5885, 7
7168, 5
3376, 5
4528, 5
8064, 5
4352, 5
6656, 5
5120, 6
1462, 5
7424, 6
2432, 3
2480, 5
2773, 6
560, 3
7296, 6
6576, 6
5632, 5
5376, 5
5504, 6
7936, 5
4096, 5
4608, 5
6424, 6
4608, 5
5248, 6
4656, 6
3968, 5
1237, 5
1341, 4
830, 3
1788, 5
8576, 5
6016, 5
6296, 6
5120, 5
1724, 5
1980, 5
1597, 4
1469, 4
6784, 6
6144, 5
7808, 6
3968, 4
948, 5
766, 3
2044, 5
1301, 5
7168, 6
7168, 5
5248, 6
7168, 6
1597, 4
1916, 5
289, 4
1956, 6
3992, 5
6656, 6
4864, 5
4096, 4
6144, 6
6528, 6
6846, 6
6656, 6
3072, 3
7552, 5
4480, 4
5760, 5
1456, 4
5168, 6
7552, 6
4992, 4
6784, 5
2868, 5
4224, 5
7936, 7
4608, 5
572, 4
4632, 6
4736, 5
5760, 5
7296, 5
6784, 6
6656, 6
4608, 4
2688, 4
3708, 6
5272, 5
5632, 4
5376, 5
11008, 7
5632, 5
1405, 4
1006, 4
2172, 5
1788, 5
5248, 4
5888, 5
4608, 4
7040, 6
1204, 5
1916, 5
1110, 4
1365, 5
9216, 6
3864, 5
3096, 5
4736, 5
2300, 5
1469, 4
1740, 5
1341, 4
7040, 6
4992, 5
8285, 7
5119, 5
1661, 4
2044, 5
2108, 5
1213, 4
4254, 5
5120, 5
8832, 6
8192, 6
7040, 6
8064, 6
5888, 6
2190, 4
2685, 5
3084, 4
2942, 5
2989, 5
4480, 5
5248, 5
6784, 5
2555, 7
5504, 4
6784, 5
8192, 6
6959, 6
4992, 5
2429, 5
2839, 5
3326, 5
9600, 6
5376, 5
1534, 4
2924, 6
6016, 6
3584, 4
4864, 5
3086, 5
4864, 5
5888, 5
4608, 5
6272, 6
1469, 4
287, 4
289, 4
1948, 5
5120, 5
7296, 6
3072, 4
6400, 6
1469, 4
1277, 4
2044, 5
1980, 5
2509, 5
1820, 5
7680, 6
6784, 5
2556, 5
279, 3
1661, 4
1916, 5
7055, 6
6528, 5
2763, 6
5376, 5
1788, 5
1660, 5
1469, 4
1533, 4
1788, 5
11392, 7
6319, 6
1150, 3
2228, 5
10112, 6
4864, 4
5296, 6
11136, 5
5504, 5
4096, 5
4352, 5
1469, 4
1596, 5
6016, 4
5248, 5
8704, 6
1688, 4
5773, 6
7808, 6
2944, 3
2944, 4
6528, 5
3456, 4
7791, 6
2942, 5
7424, 6
6016, 5
8320, 7
7064, 6
5376, 5
6528, 5
2684, 5
4096, 4
6320, 6
6272, 5
6656, 5
8832, 6
3038, 5
5888, 5
1790, 4
6144, 5
3608, 6
1621, 5
7168, 6
4350, 6
7576, 7
6016, 5
3456, 5
7168, 7
5760, 5
6016, 5
3712, 5
7040, 6
5248, 5
2688, 3
4144, 4
5168, 5
6784, 4
6016, 5
72, 5
12544, 7
5632, 5
3712, 4
6912, 6
5248, 5
10880, 8
954, 5
4096, 5
8448, 6
3837, 6
4272, 5
3072, 4
5120, 5
6400, 5
1277, 4
5632, 5
5632, 5
8320, 6
5248, 5
4608, 5
1584, 4
9984, 6
1968, 4
10624, 7
4656, 5
7680, 6
6400, 6
6656, 6
4992, 4
6400, 5
6016, 6
3840, 4
7192, 7
5040, 5
5292, 7
2748, 6
7680, 6
1342, 4
3840, 4
3992, 5
6528, 5
7680, 6
3840, 4
6016, 5
4096, 5
4864, 6
4864, 4
3068, 5
4736, 4
2484, 5
6528, 5
2302, 5
4608, 5
4096, 4
7680, 5
3504, 4
6656, 5
8704, 6
893, 6
5631, 5
6144, 5
1494, 5
8431, 6
4272, 5
5632, 5
5632, 5
3380, 5
8960, 5
1916, 5
2944, 4
6272, 5
9728, 7
5760, 5
1408, 3
7472, 6
2480, 4
6656, 5
7936, 6
5248, 5
5632, 5
7296, 6
3254, 6
1588, 5
8192, 6
1596, 5
2816, 4
10496, 7
5632, 5
3712, 3
5504, 5
4864, 4
5760, 5
8320, 6
4096, 4
5552, 6
6144, 5
3584, 3
3740, 6
5760, 5
4992, 4
5760, 5
9472, 7
9728, 6
4224, 5
2355, 6
8448, 6
5615, 6
1661, 4
3584, 4
1790, 4
2726, 6
1429, 5
8832, 6
6400, 6
6046, 6
6144, 6
6040, 7
7296, 5
1206, 5
5248, 5
2108, 5
3454, 5
2879, 4
2096, 4
7168, 5
6016, 5
1328, 4
6400, 5
6320, 7
3712, 4
5632, 5
5376, 6
2943, 5
7296, 7
568, 4
5680, 6
2432, 4
7192, 7
4096, 5
5888, 6
7936, 6
4784, 5
7168, 6
2816, 3
4272, 5
4864, 4
944, 3
7040, 5
5630, 6
7424, 5
4992, 5
6016, 5
1365, 5
4096, 4
3840, 3
5680, 6
7040, 7
572, 5
7296, 5
3248, 4
3840, 4
5016, 6
560, 3
2301, 5
1661, 4
7040, 6
5888, 6
5016, 5
6528, 6
5144, 6
2108, 5
7552, 6
3632, 5
2996, 5
5632, 5
6784, 6
2303, 4
2281, 6
5296, 6
6400, 6
1481, 5
5888, 5
6192, 5
7936, 6
6784, 5
7808, 6
4864, 5
2749, 5
3830, 6
4096, 4
3712, 4
4864, 5
1916, 5
3200, 5
6400, 6
7040, 6
7552, 6
9088, 6
6320, 6
9472, 6
7168, 4
8192, 5
2736, 4
6607, 6
4224, 4
6272, 5
4888, 6
6191, 7
8192, 5
5888, 5
4608, 4
4660, 6
3584, 4
2304, 4
11392, 7
4864, 5
8192, 5
3504, 5
1803, 5
7552, 6
7168, 5
7936, 6
5888, 6
6272, 5
4736, 4
5888, 5
6144, 5
3071, 4
1466, 6
5760, 6
3328, 4
4352, 4
2432, 4
4016, 5
7168, 6
7296, 5
6272, 6
4352, 4
6016, 5
6144, 5
983, 4
6016, 5
568, 4
3712, 4
6912, 5
2942, 5
4016, 4
4864, 5
8064, 5
3712, 5
3328, 4
5504, 4
5504, 6
6272, 6
5504, 5
5936, 5
2228, 6
4992, 5
2621, 5
5760, 5
5632, 5
7936, 6
5552, 6
2558, 5
7424, 6
4864, 5
5632, 5
6016, 5
7936, 6
5296, 6
6656, 5
8448, 7
8448, 7
6272, 6
10880, 6
1974, 5
6912, 5
4608, 5
5695, 5
4888, 5
4352, 5
2224, 4
792, 3
3888, 5
4504, 5
3274, 6
3068, 6
11264, 9
8576, 6
1853, 4
6528, 5
8192, 5
6542, 6
2909, 5
11008, 8
4352, 5
7680, 6
7296, 5
6016, 4
5504, 5
5376, 5
7680, 5
3006, 5
5504, 5
4608, 5
8320, 6
8320, 6
3992, 5
6144, 5
6528, 6
1981, 5
5760, 5
6168, 6
5760, 5
1034, 4
6400, 5
5680, 6
5760, 4
560, 3
5040, 5
3248, 4
4504, 5
3228, 6
6016, 5
6016, 4
5248, 6
2235, 6
5504, 6
9728, 7
5376, 5
7424, 6
4736, 4
3328, 5
2816, 3
8576, 5
8704, 6
4992, 6
6784, 6
4224, 5
9088, 6
7168, 6
8832, 6
6912, 5
560, 3
2480, 4
7936, 6
4660, 6
7936, 7
11520, 6
8704, 7
10752, 7
5040, 6
6040, 7
8895, 7
8448, 7
5504, 5
5120, 5
2816, 3
6296, 6
1790, 4
6912, 6
2620, 5
6784, 6
7040, 5
1844, 5
7424, 5
5376, 4
4703, 5
3480, 5
790, 4
2287, 5
6936, 6
5888, 6
6400, 5
9600, 6
6400, 6
6680, 6
1533, 4
4992, 4
7680, 6
7424, 5
5504, 4
4528, 5
9088, 7
1841, 6
7808, 6
8448, 6
4607, 5
7424, 5
1117, 4
4096, 5
4352, 5
6784, 6
7680, 6
2432, 4
2108, 5
8064, 6
6296, 5
7359, 6
4504, 6
13056, 7
5296, 5
2813, 5
5760, 5
2224, 4
1741, 5
9088, 6
6912, 5
5760, 5
5144, 6
2100, 5
4480, 4
9984, 6
6016, 6
8704, 6
3968, 4
5632, 4
6016, 6
5376, 4
6272, 5
6144, 5
8704, 6
7552, 5
4736, 5
1920, 3
8832, 6
4335, 6
1597, 4
5680, 5
1981, 5
8192, 6
4864, 5
2757, 6
6400, 5
10368, 6
6528, 5
6272, 5
7296, 5
5888, 6
3630, 5
8064, 6
5760, 6
6272, 5
5760, 6
6144, 5
4864, 5
8064, 6
3328, 4
8960, 6
5632, 5
5808, 6
6144, 5
4285, 6
6656, 5
2695, 5
2048, 3
5120, 5
7192, 6
8320, 6
4480, 4
4224, 4
4608, 5
5504, 4
6144, 4
1545, 5
5632, 5
7552, 6
5888, 5
6528, 5
5272, 6
5376, 4
3504, 5
3053, 6
5424, 5
5760, 5
4144, 5
1664, 3
8704, 6
3270, 6
854, 4
7296, 5
4015, 5
7680, 6
5248, 5
3504, 5
6656, 5
6528, 5
5680, 6
5144, 5
7040, 6
3485, 6
3888, 5
4736, 5
5040, 6
6144, 5
1789, 4
946, 5
3518, 5
1582, 5
8222, 7
6272, 6
5504, 4
2740, 6
1456, 4
8192, 7
6272, 6
3584, 4
1277, 4
4480, 5
5376, 5
4278, 6
5760, 4
6528, 5
279, 3
4504, 5
4272, 5
8064, 7
2304, 3
5888, 5
6016, 5
4224, 4
5504, 5
3712, 4
6016, 5
11008, 7
4352, 4
6144, 5
6912, 5
9344, 6
6144, 5
952, 4
4224, 5
2864, 4
5376, 5
8960, 6
688, 3
6528, 5
5144, 6
6272, 6
10880, 7
5632, 6
2287, 5
6656, 5
1405, 4
5760, 5
5423, 5
8960, 5
7424, 6
8192, 6
3328, 4
7424, 6
4992, 5
1280, 3
7296, 6
5120, 5
5424, 5
5248, 5
6528, 6
6272, 5
1853, 4
2224, 4
6528, 6
8576, 6
5888, 6
4224, 5
1277, 4
6528, 5
6296, 6
6528, 5
4144, 5
2816, 4
6912, 6
8832, 6
9088, 5
6016, 6
7168, 5
4096, 4
2044, 5
7680, 6
8960, 6
3840, 4
7552, 5
4992, 5
2688, 3
560, 3
5296, 6
7552, 6
5248, 5
1661, 4
6656, 5
3072, 4
4992, 5
4096, 5
8320, 5
2484, 6
6144, 4
6064, 6
9088, 7
7424, 6
3132, 6
6528, 5
2608, 5
6400, 5
6383, 7
5632, 5
10752, 7
8064, 6
7424, 6
570, 4
4736, 4
6400, 5
6144, 5
3968, 4
5504, 5
3760, 5
6656, 5
8368, 7
2944, 4
5376, 5
5120, 4
6784, 5
6192, 6
3456, 5
1328, 4
1968, 4
2816, 4
2108, 5
2047, 4
5504, 5
3070, 5
6656, 6
4608, 5
2366, 5
7296, 6
8832, 7
7168, 5
8064, 7
3228, 6
6784, 5
1664, 3
2427, 6
8320, 6
8192, 6
8832, 6
5040, 5
8320, 5
6400, 5
6272, 6
6656, 5
1332, 5
6656, 5
5504, 4
4224, 4
5504, 5
6591, 5
4532, 5
566, 4
6656, 6
6528, 5
1916, 5
7040, 6
5376, 5
9344, 6
5888, 5
5760, 5
5784, 7
4992, 4
8192, 6
6016, 5
6528, 5
8064, 7
7552, 7
12544, 7
9088, 7
7552, 6
5376, 5
4656, 6
2237, 5
1456, 4
4736, 5
6656, 6
2237, 5
4096, 5
5760, 5
4864, 6
5248, 4
6400, 6
8704, 6
6016, 5
7040, 5
5504, 5
6110, 6
7424, 5
5248, 5
888, 5
8192, 6
8576, 6
6656, 6
6656, 5
4480, 6
7296, 6
855, 4
7296, 6
1674, 5
1788, 5
1277, 4
6784, 5
4608, 5
3864, 5
5632, 5
512, 2
5248, 5
1788, 5
9216, 6
4736, 5
5040, 6
1086, 3
8064, 5
9216, 6
4736, 5
7552, 5
8832, 6
6400, 5
6784, 6
4224, 5
1852, 5
8704, 6
4864, 5
6272, 6
8320, 6
6272, 5
2749, 5
8192, 5
4736, 5
4864, 4
5031, 6
7424, 6
1790, 4
958, 3
8600, 7
6448, 5
5888, 5
5120, 5
9984, 7
2509, 5
3968, 4
5936, 6
1533, 4
7552, 6
6016, 5
9472, 7
6144, 5
5120, 5
3584, 5
7296, 5
4096, 5
4608, 5
2304, 4
8704, 7
9728, 7
7296, 6
7040, 6
6144, 4
6272, 5
3072, 4
5248, 5
5632, 5
8960, 6
5376, 4
6272, 6
8064, 7
6016, 5
4429, 6
6144, 5
3968, 4
8832, 6
4096, 4
6400, 6
4224, 5
6806, 7
5888, 5
6272, 6
8704, 5
7293, 7
7296, 6
5888, 5
5888, 5
6320, 6
6784, 6
1916, 5
4352, 5
2875, 6
4992, 5
9344, 6
6656, 6
6656, 6
1712, 4
6192, 6
5760, 5
4352, 4
8064, 7
6656, 5
4992, 5
4608, 5
6912, 5
6680, 6
3166, 5
6400, 6
5632, 5
3968, 3
3191, 5
5428, 6
5504, 4
1853, 4
2688, 4
10112, 7
3200, 3
6272, 5
7808, 6
3326, 5
4352, 4
5760, 5
12032, 7
8064, 5
8448, 6
5504, 6
7552, 6
8960, 7
4352, 4
3968, 4
5248, 5
5376, 5
6784, 5
2966, 6
82, 6
4656, 6
2428, 5
1175, 4
4224, 5
6272, 6
6912, 5
2816, 3
2174, 5
