Evaluations, Played
21500, 6
25250, 6
31000, 7
14500, 6
27000, 6
10946, 7
19250, 6
22114, 8
9169, 6
35250, 7
17250, 5
27476, 7
25750, 7
18750, 6
8126, 5
25226, 8
39250, 8
11115, 6
23500, 7
35750, 6
14482, 7
32750, 7
30500, 6
19720, 8
34000, 7
31500, 6
23720, 8
29500, 5
23750, 6
11118, 7
24620, 7
30190, 8
29750, 6
23750, 7
36250, 7
16750, 6
20240, 7
33750, 7
17970, 7
20220, 8
14114, 6
24250, 7
14750, 6
26720, 7
20750, 7
32250, 7
21500, 6
30000, 7
27940, 6
12500, 5
14480, 7
20251, 6
31000, 7
426, 5
14440, 6
28940, 8
33500, 7
20250, 6
16360, 6
37750, 6
10440, 5
26750, 6
33750, 7
16250, 5
14750, 5
9500, 5
24470, 6
25000, 5
33750, 8
39750, 7
23720, 7
21720, 8
21750, 6
15610, 7
22250, 5
12456, 7
17750, 6
29250, 6
22250, 6
21000, 7
23750, 7
31500, 7
31500, 7
27690, 8
20224, 7
22970, 7
28000, 7
37750, 7
15490, 6
10990, 5
25750, 8
14940, 7
20250, 6
19250, 6
16750, 7
38250, 7
28740, 8
21000, 6
26250, 7
19750, 6
26750, 6
37720, 7
25000, 7
17228, 6
18720, 7
36440, 8
22250, 7
21750, 6
30750, 7
13250, 4
36440, 8
29250, 7
25110, 7
18000, 6
17500, 6
28720, 6
12500, 5
33500, 6
9228, 6
28000, 7
32250, 6
17250, 6
30000, 6
28000, 6
15250, 6
26500, 8
21500, 7
54250, 8
15482, 8
27250, 6
4459, 6
28860, 8
27000, 7
28620, 7
21750, 7
28616, 7
18816, 6
19000, 6
25500, 6
38360, 8
57000, 8
22250, 6
39500, 6
29500, 6
38750, 7
27610, 7
9360, 5
36250, 8
29250, 6
26470, 6
26696, 7
18250, 7
21500, 6
9984, 9
17500, 5
27500, 7
24970, 7
23470, 7
40000, 7
4838, 6
21860, 8
25220, 7
27500, 7
50750, 8
29250, 7
27450, 9
25750, 6
18122, 6
26750, 6
22610, 7
11376, 6
7392, 7
38250, 7
30000, 5
32470, 8
26440, 7
17000, 6
24500, 7
26000, 6
8860, 5
22750, 6
16000, 5
19976, 7
19000, 7
27000, 7
30720, 8
20500, 6
25500, 6
29000, 6
50750, 6
39000, 6
12220, 5
14465, 7
14940, 6
30720, 8
21610, 7
31000, 6
11250, 5
21750, 5
22000, 6
42000, 7
33750, 7
20220, 7
17970, 6
16500, 4
37750, 7
8474, 6
37000, 8
31500, 7
23750, 6
32610, 7
6474, 5
31000, 7
24250, 7
28750, 6
23194, 8
8200, 6
22750, 7
23750, 6
37220, 8
30500, 7
21360, 7
27220, 8
14860, 6
19250, 7
6272, 7
32500, 6
19250, 6
26250, 8
34000, 9
33360, 7
18474, 8
21500, 7
23000, 5
36250, 6
16250, 5
20240, 7
17750, 6
26750, 6
30250, 7
12470, 6
29750, 8
37750, 8
22224, 8
10360, 5
8474, 6
32250, 7
20250, 6
13560, 7
20250, 6
27250, 6
31000, 6
18250, 5
33750, 7
30610, 7
15250, 6
26250, 6
7470, 5
31470, 7
20250, 6
26250, 7
41250, 6
28500, 7
23750, 7
26440, 7
24740, 7
7327, 5
35750, 8
22000, 6
23000, 6
30500, 6
20610, 7
37000, 6
32750, 8
32000, 6
11122, 6
34720, 7
20470, 6
46500, 8
36000, 7
30000, 7
33250, 6
12220, 6
31750, 7
24250, 6
38750, 7
7026, 7
11690, 5
27690, 8
27250, 5
21970, 7
24000, 7
21750, 6
18974, 8
21110, 7
33000, 6
33500, 7
43750, 7
40750, 6
35500, 7
30000, 7
5750, 6
22750, 6
28500, 7
15736, 7
22970, 7
23940, 8
29000, 6
31500, 7
14750, 6
20490, 6
24720, 7
14220, 5
23250, 7
17220, 7
19000, 7
26970, 6
26470, 8
31470, 8
25470, 7
32000, 7
37724, 8
27720, 8
25500, 8
30750, 5
21970, 7
19946, 8
28750, 7
33000, 6
26360, 6
25500, 6
15476, 8
32720, 8
14990, 5
27250, 7
32500, 7
30220, 7
33500, 6
49250, 7
23476, 8
13458, 6
20500, 7
22220, 7
36000, 6
490, 5
44000, 7
24250, 6
19750, 5
52750, 7
30750, 7
29750, 7
15250, 5
19000, 6
23440, 8
42750, 8
14476, 5
40750, 7
26750, 7
31500, 7
43000, 7
16970, 7
32750, 7
47720, 8
26360, 8
20720, 8
16448, 8
22500, 6
33500, 7
19720, 7
32000, 6
25250, 7
26956, 6
39110, 8
32000, 7
24000, 6
35250, 8
18500, 7
22500, 5
37250, 7
21870, 7
23000, 7
14250, 5
16250, 6
29500, 7
15500, 5
26000, 6
33000, 8
30750, 5
21500, 6
26750, 7
22250, 6
23110, 7
4384, 5
17224, 7
24690, 8
26250, 6
37000, 8
47250, 6
31250, 6
26500, 7
20250, 6
28250, 6
64250, 7
7616, 6
15000, 6
16750, 6
28970, 8
31740, 7
37250, 7
10720, 5
22190, 7
27000, 6
26750, 7
43750, 7
27110, 7
32720, 7
26250, 6
21470, 7
27750, 6
25440, 7
19000, 6
14500, 5
24750, 6
23000, 6
20976, 7
24470, 7
22860, 8
46000, 8
19250, 6
2748, 5
31750, 7
33250, 6
30250, 7
23500, 7
16250, 6
27000, 7
44860, 8
31500, 6
18250, 5
27000, 5
20750, 6
27000, 6
21500, 7
31500, 6
25450, 8
20000, 6
24500, 6
24500, 6
29220, 6
30750, 7
38000, 8
21970, 7
48000, 7
27000, 7
23750, 6
10952, 6
23500, 6
13720, 7
22750, 6
29750, 7
25114, 8
31220, 7
29860, 9
31000, 7
31750, 6
25360, 6
27000, 8
22500, 6
17720, 5
30750, 6
32500, 7
34750, 7
21250, 6
25220, 7
38000, 6
12250, 4
22250, 6
11235, 7
27000, 6
19092, 6
23250, 6
27500, 7
22970, 8
26250, 6
20000, 7
23000, 7
19500, 5
33750, 7
23000, 7
28750, 8
26720, 8
13458, 8
21866, 7
23220, 6
24750, 7
23000, 7
34000, 7
14000, 5
518, 5
5863, 7
34250, 7
23720, 8
22000, 7
25000, 7
32720, 7
24500, 6
49750, 8
22750, 6
32500, 6
12427, 6
21750, 6
12214, 7
15109, 6
9019, 6
24970, 8
25250, 7
25500, 6
12976, 8
5834, 5
13492, 7
34750, 6
23750, 6
17500, 5
28860, 7
25250, 7
23224, 8
14750, 5
34220, 7
28610, 6
25000, 6
34720, 8
25750, 7
31970, 8
27970, 7
21750, 7
26750, 7
39250, 6
15690, 6
22500, 7
17978, 8
22970, 8
20500, 6
31750, 8
19720, 7
32250, 7
30250, 8
7870, 6
24750, 6
27000, 6
19374, 8
22250, 6
25226, 8
13236, 7
31360, 7
30250, 7
29250, 7
22500, 6
23750, 7
47000, 8
27000, 7
20470, 6
20440, 7
16500, 6
17430, 6
16750, 6
25499, 8
30750, 7
20250, 7
24250, 8
20500, 6
38500, 6
28000, 7
21750, 6
496, 5
21000, 6
21110, 8
4090, 7
19470, 8
42500, 6
28940, 8
27750, 6
8614, 5
17750, 6
20750, 7
22370, 7
24000, 5
28720, 6
18470, 6
18500, 6
20500, 6
19750, 6
22750, 6
43720, 9
19250, 6
24000, 5
24220, 6
8500, 5
19750, 6
17000, 6
19750, 5
22470, 6
35250, 7
11809, 7
25470, 7
20750, 7
20970, 6
16940, 7
40500, 7
32000, 7
29190, 8
32500, 6
22690, 7
29250, 6
24500, 6
33500, 7
36360, 8
25750, 5
33000, 7
36000, 8
27000, 6
23474, 7
21750, 6
17500, 4
15750, 5
20500, 6
38726, 8
25500, 6
32500, 7
27190, 7
22870, 6
18940, 7
22226, 8
39250, 7
15500, 5
12224, 6
26500, 7
33940, 7
38750, 6
23000, 6
36500, 8
19470, 8
28750, 7
31250, 8
34750, 7
28750, 7
18724, 7
24250, 6
35860, 8
12732, 7
23500, 6
18750, 6
16250, 6
20690, 7
32720, 8
12690, 6
11476, 5
9360, 6
31500, 6
17250, 6
20360, 6
23470, 7
13110, 5
19720, 7
21720, 7
16612, 6
19000, 6
23750, 7
16110, 6
23250, 6
27724, 8
29500, 7
29250, 6
22500, 7
25000, 6
31690, 7
12720, 5
38000, 6
37000, 6
14750, 5
25250, 7
20474, 7
24750, 7
24250, 6
31500, 8
11190, 5
21110, 7
32500, 6
34500, 7
25220, 8
14500, 5
37250, 8
26220, 7
19190, 6
38000, 6
21000, 6
18470, 7
29720, 6
38500, 7
25750, 7
24000, 6
29750, 7
35000, 7
6668, 5
22500, 6
9860, 5
36750, 6
16000, 6
24220, 8
13000, 6
21446, 8
14726, 7
19000, 7
18720, 7
18360, 7
22750, 5
17970, 7
16610, 6
14474, 7
26500, 6
10086, 6
21750, 7
30250, 8
21000, 6
17750, 5
19250, 7
6761, 6
22250, 5
9750, 4
22500, 6
16470, 7
35000, 6
14224, 6
23864, 7
12000, 5
32000, 7
8548, 6
5740, 5
21250, 6
24196, 7
44000, 7
16734, 6
13464, 7
14458, 7
31500, 7
27974, 8
29110, 7
31000, 7
26220, 8
24000, 7
20652, 8
16224, 8
17610, 7
27720, 8
25750, 7
18470, 6
12000, 5
12996, 6
21500, 6
20000, 6
21110, 6
32250, 7
46000, 7
30750, 7
23750, 6
36250, 7
14750, 6
28750, 7
34470, 8
20450, 9
14266, 7
27000, 7
24750, 6
18234, 6
17978, 8
40000, 7
30250, 7
25750, 7
36944, 8
25250, 6
32000, 7
31750, 6
9252, 5
37000, 7
56500, 7
16360, 7
45250, 7
49220, 8
28500, 7
27000, 5
37250, 7
8974, 6
27500, 6
27000, 8
25750, 7
41250, 7
22250, 6
20000, 6
26228, 8
33500, 7
37940, 8
22610, 7
24250, 6
9498, 6
14970, 6
32690, 7
25620, 7
42500, 8
20500, 6
16750, 6
4274, 7
46750, 7
27970, 7
25870, 6
26220, 8
33500, 7
13000, 5
22500, 6
31000, 7
9531, 5
23500, 6
21500, 6
23750, 7
28500, 7
1896, 6
30000, 8
31000, 6
29750, 6
36250, 7
13220, 5
29720, 7
38750, 6
23250, 7
11393, 6
29000, 7
27750, 7
24250, 5
26500, 7
25500, 7
21220, 6
21720, 6
13610, 6
16250, 6
35000, 7
15970, 7
32000, 6
10890, 6
25000, 7
20000, 6
19250, 5
26000, 6
2414, 5
20220, 5
15750, 6
31250, 7
39500, 6
31448, 6
28500, 6
36220, 9
10224, 7
2000, 2
35500, 6
21500, 7
17500, 6
19500, 6
33500, 7
41250, 9
32000, 7
39250, 8
23860, 6
26000, 7
19220, 7
23470, 6
25490, 8
30750, 7
22110, 7
29500, 7
11482, 6
32250, 7
34000, 7
27970, 7
30000, 6
45750, 7
23940, 7
31500, 8
11470, 6
22500, 6
22750, 6
28500, 7
25860, 7
29940, 7
22250, 6
21500, 6
6472, 6
23990, 6
17500, 6
24250, 6
28000, 6
31750, 6
22500, 6
22500, 7
34750, 7
36750, 7
24000, 7
51750, 8
13364, 6
31500, 7
27250, 6
17110, 6
26000, 7
30500, 6
9094, 6
12610, 5
16720, 7
35720, 8
37750, 8
14360, 7
25190, 7
43500, 7
11860, 6
31250, 6
33750, 7
21970, 8
9970, 5
21250, 6
22500, 7
12996, 5
18970, 6
26250, 7
34970, 7
12246, 8
19970, 7
33000, 7
35500, 7
22490, 7
21750, 6
28470, 8
20610, 7
14294, 7
28250, 7
29750, 7
31500, 6
24750, 6
19000, 5
28250, 6
25750, 7
21750, 6
19440, 6
29500, 6
33500, 7
47750, 7
28690, 7
33110, 7
26500, 7
18750, 6
22000, 6
25490, 7
34750, 7
35750, 7
40500, 8
28250, 7
34750, 6
6256, 6
23720, 7
24250, 6
32500, 7
18750, 6
31250, 7
18750, 6
12500, 5
16750, 5
24446, 8
8197, 5
17114, 8
32500, 7
23860, 7
23740, 7
32750, 7
20750, 6
20750, 6
18860, 6
16500, 5
4932, 6
25220, 6
19500, 6
30690, 7
26224, 7
27250, 6
27250, 6
34250, 6
26500, 8
14250, 6
15976, 7
15226, 7
39000, 7
15250, 5
14128, 6
30250, 7
15750, 6
24120, 7
36500, 7
24750, 7
16000, 5
18720, 6
36694, 9
15250, 5
42500, 8
25750, 6
13970, 6
23470, 6
7618, 6
34250, 7
22000, 7
26500, 7
30360, 8
18000, 6
39750, 7
13970, 6
27470, 6
23500, 7
16750, 6
32250, 6
15750, 4
44250, 8
15494, 6
17720, 6
42000, 8
34490, 7
36250, 7
12110, 7
25500, 7
19740, 8
5236, 5
30750, 7
25500, 6
24500, 7
24000, 6
13617, 6
19474, 6
16000, 6
31000, 7
32000, 7
20750, 6
23500, 6
27750, 7
24250, 6
38250, 5
13220, 6
6736, 5
9709, 6
31000, 6
27750, 7
14982, 6
37000, 7
25500, 7
22110, 8
17474, 6
6500, 4
24220, 8
31690, 7
42500, 7
30000, 6
23250, 7
21720, 7
27250, 6
22250, 7
35500, 7
20250, 6
31726, 8
22000, 6
22220, 8
32110, 8
19500, 6
33750, 7
30220, 7
7236, 6
30250, 7
20750, 6
34000, 8
26500, 6
23360, 7
27196, 8
29000, 5
29250, 6
27750, 6
20360, 7
18228, 7
26000, 6
39250, 6
15000, 6
29976, 8
29250, 5
24500, 6
30750, 7
22500, 5
16750, 5
26500, 7
35470, 7
22000, 6
7362, 6
33250, 7
20220, 7
12250, 5
12736, 7
17000, 6
31220, 7
8225, 5
25446, 7
15750, 5
27250, 6
35750, 6
39220, 7
25500, 7
12226, 6
24250, 6
41500, 7
27000, 5
23250, 6
16272, 7
35500, 7
19000, 6
21446, 8
20000, 5
34240, 8
14726, 7
4380, 6
27750, 7
46360, 8
36000, 7
24500, 7
9860, 5
27000, 7
31250, 7
28954, 8
31720, 7
15940, 6
14618, 6
23500, 6
20124, 7
30860, 7
23250, 7
10440, 5
20202, 8
44250, 9
25440, 7
24860, 7
27500, 7
24000, 6
28970, 6
27250, 6
23000, 6
20746, 7
33250, 7
6251, 5
19250, 7
23750, 6
55500, 9
28490, 7
21250, 6
22500, 6
18360, 7
17360, 5
28220, 7
31250, 7
19250, 6
16478, 6
14000, 5
30000, 6
23240, 8
24000, 6
19500, 6
9329, 5
28000, 6
23250, 6
32470, 8
25474, 8
19000, 6
7214, 6
33720, 8
31250, 8
23500, 6
22470, 7
32500, 8
33750, 8
34970, 9
28500, 6
40694, 8
23750, 6
12129, 7
28470, 8
17470, 5
37610, 9
24750, 6
7780, 6
26500, 7
42750, 7
21500, 5
28000, 6
13690, 5
27500, 7
20500, 6
19440, 6
34000, 6
24250, 6
34250, 7
14611, 7
22440, 7
17860, 7
14970, 6
9250, 5
13617, 6
27000, 6
27728, 7
44750, 6
7742, 5
13288, 8
17750, 6
37000, 7
18500, 5
6998, 6
12730, 7
24000, 6
4940, 4
23750, 6
64500, 8
28860, 8
14750, 6
43970, 9
25114, 8
32750, 8
21940, 7
25250, 6
21500, 6
35250, 8
43250, 7
24000, 6
29610, 8
11734, 7
31000, 7
18810, 7
27060, 7
20610, 7
29750, 5
39250, 7
45250, 7
6472, 6
28970, 7
32970, 8
15728, 7
5808, 7
23750, 6
34500, 7
20220, 7
11496, 7
35250, 8
31000, 7
32250, 6
24220, 7
41500, 5
24220, 7
21470, 7
33750, 8
13002, 6
17750, 6
20250, 7
18950, 7
12500, 4
28250, 7
23616, 8
29250, 8
34500, 5
35500, 6
13480, 7
31500, 7
13746, 7
15250, 6
14466, 8
22000, 6
21500, 7
17750, 5
23750, 6
26750, 7
27000, 6
20500, 7
28750, 6
28000, 7
28750, 7
35220, 7
20000, 6
18970, 7
11420, 7
21750, 6
33750, 8
10470, 6
29750, 8
19610, 7
34000, 6
19698, 7
28000, 7
25000, 7
7993, 6
39500, 6
19470, 7
20250, 6
26240, 7
30250, 8
16000, 5
26750, 6
44500, 7
12250, 5
28470, 7
21750, 7
29240, 8
20250, 6
19690, 7
35500, 8
28250, 5
24114, 7
9750, 5
40750, 8
13114, 7
31500, 7
7860, 6
11470, 7
19250, 6
50750, 7
16470, 7
21228, 7
23250, 7
16500, 6
21250, 6
11470, 6
29500, 6
26250, 7
21610, 6
29250, 7
16728, 6
24750, 6
24000, 6
36250, 6
43250, 8
23220, 8
21000, 5
23970, 6
28250, 7
18370, 7
26250, 6
12250, 5
16620, 7
28250, 7
5304, 6
23000, 6
26970, 7
23000, 7
34250, 7
17500, 6
38750, 7
28230, 8
38750, 7
13351, 5
18000, 6
18970, 7
26220, 8
33250, 6
20750, 6
41750, 7
24970, 7
19948, 8
20970, 8
20974, 7
41250, 8
30000, 6
26750, 6
17970, 5
28470, 7
11726, 6
31250, 7
14120, 7
19250, 6
27500, 8
25500, 6
19240, 7
22500, 7
14250, 5
7502, 5
29750, 7
21750, 6
37200, 8
35250, 7
13480, 6
15430, 7
8474, 6
24724, 7
15224, 8
38750, 7
22200, 8
12220, 6
31690, 6
18970, 6
14220, 7
28500, 7
36250, 7
13220, 5
7186, 6
14500, 5
23220, 7
40970, 7
13712, 6
26974, 9
15860, 7
31500, 6
15974, 8
18220, 7
15224, 7
25470, 8
11940, 6
6112, 5
22000, 7
24750, 7
34750, 7
14744, 7
6756, 7
33250, 7
11110, 7
24750, 5
30110, 7
36000, 7
36500, 7
31250, 7
11376, 6
24470, 8
46500, 7
34250, 7
23448, 7
32720, 7
31500, 6
17490, 6
23000, 7
29500, 7
28720, 8
13750, 6
26500, 7
22500, 6
25000, 6
22750, 6
21250, 5
30500, 7
19226, 7
17500, 5
26000, 6
17240, 7
16500, 6
30000, 8
35000, 7
47500, 7
43500, 6
23120, 6
18000, 5
14876, 6
38500, 6
22500, 6
967, 5
19240, 7
18500, 6
32500, 5
24250, 5
24250, 6
21250, 5
20232, 8
36120, 8
25500, 8
20500, 6
24000, 6
25500, 6
32500, 8
22220, 7
32000, 7
20750, 6
25450, 7
16970, 5
21690, 7
15750, 6
35690, 8
28220, 7
54250, 7
24750, 7
28250, 6
31110, 7
26500, 6
26200, 9
14360, 6
52750, 8
36250, 6
23807, 7
28610, 8
28250, 7
19250, 7
16500, 6
29750, 6
28474, 8
11068, 6
19250, 6
27500, 7
40250, 8
24250, 6
36750, 7
33250, 8
11860, 6
28470, 8
24250, 5
35750, 8
37000, 7
36250, 6
24000, 7
14694, 8
19000, 6
7761, 6
31226, 7
26110, 8
40750, 8
20500, 6
29000, 6
22940, 8
28370, 8
36250, 8
8620, 6
33250, 7
27250, 6
49000, 9
23860, 8
26360, 8
47250, 7
14500, 5
37490, 7
21500, 6
24870, 7
23000, 6
28868, 9
27000, 7
12940, 7
19750, 6
29000, 8
19500, 6
34750, 6
30250, 7
7862, 6
45000, 8
20220, 7
30750, 7
26250, 7
30500, 7
11983, 7
14970, 5
17750, 6
26250, 7
12500, 5
25750, 7
23500, 6
13250, 5
10000, 4
21500, 6
12720, 6
29750, 6
26000, 6
11063, 7
18750, 6
23750, 6
31000, 7
29250, 5
29940, 8
17500, 6
21500, 6
11210, 7
4762, 6
33750, 7
28000, 6
53000, 8
29250, 7
19500, 6
34750, 8
14970, 7
16250, 5
28750, 7
42500, 7
29500, 6
16860, 6
35750, 6
19500, 6
9250, 5
27720, 7
33500, 7
30750, 6
17364, 7
21364, 6
20220, 5
28500, 7
14000, 5
5723, 5
35470, 8
15250, 6
28720, 7
24500, 6
22970, 7
34490, 8
9266, 6
14224, 7
21250, 5
17720, 7
8250, 7
39000, 7
9000, 4
24750, 5
16220, 6
30000, 7
6472, 6
14750, 6
21750, 7
8220, 5
23000, 6
28750, 6
48220, 8
12368, 6
17750, 5
26470, 8
37000, 7
20970, 6
22190, 6
25944, 6
26000, 7
43470, 8
9389, 8
25976, 7
23500, 6
24750, 7
4536, 5
22990, 8
24000, 6
30500, 6
28860, 8
19250, 6
33750, 6
26250, 7
38250, 7
19970, 7
26750, 7
30500, 7
47500, 7
19724, 8
13171, 7
26250, 7
13750, 5
5365, 6
23503, 7
16250, 5
20740, 6
23250, 7
7780, 5
13752, 6
19998, 7
19250, 7
11949, 6
28250, 7
29500, 7
21940, 5
34220, 8
22000, 6
21000, 5
15452, 7
21000, 6
17490, 7
25470, 7
24470, 7
23500, 8
32250, 6
20444, 8
18250, 6
22500, 7
34750, 7
22750, 6
36500, 7
39250, 6
31500, 6
25220, 8
25750, 6
33500, 7
14250, 5
21220, 7
12220, 6
55750, 7
39750, 7
24190, 7
21240, 7
23500, 6
24750, 7
13750, 5
31750, 6
23500, 6
19250, 7
12750, 5
24500, 7
21970, 7
25750, 7
12250, 5
31250, 6
32500, 8
10254, 5
7469, 7
12500, 5
18440, 8
21940, 7
26250, 6
10970, 5
28970, 7
19374, 8
40500, 7
29000, 7
24750, 6
31000, 7
5808, 7
46750, 7
10220, 5
25750, 7
10712, 6
37500, 7
17750, 6
29250, 7
18250, 6
33250, 7
19474, 8
7028, 6
5214, 5
24250, 6
13478, 7
26750, 6
29970, 8
37500, 8
31750, 7
18970, 7
22360, 7
22500, 7
11555, 7
14864, 6
26970, 8
37500, 7
29000, 7
23196, 7
30970, 9
32250, 6
19000, 6
22060, 7
32250, 6
22690, 7
25720, 6
13724, 6
29250, 7
15000, 5
22500, 7
8892, 5
38000, 7
35364, 8
18750, 6
26220, 6
13500, 5
45250, 7
20000, 6
39000, 7
34750, 7
13954, 7
20470, 6
27000, 6
38500, 7
27750, 7
23470, 8
31250, 8
24470, 8
21750, 6
23500, 6
16750, 6
20110, 6
21750, 7
12672, 6
60000, 8
25970, 8
20000, 5
23720, 7
28470, 7
34470, 7
32940, 8
9220, 5
27000, 7
20878, 6
31250, 6
20500, 6
29250, 6
22940, 7
50500, 8
27250, 7
15750, 6
22970, 7
18000, 6
15992, 8
19000, 5
9220, 6
32500, 6
10976, 6
25250, 6
22750, 6
26720, 7
9750, 4
15250, 5
20500, 5
23750, 8
27250, 8
14500, 6
19500, 6
19750, 5
20940, 7
40870, 8
22000, 6
34750, 8
27750, 6
27500, 8
26360, 8
17500, 6
25250, 6
14500, 6
17750, 6
31000, 7
14250, 5
30000, 7
24500, 7
25970, 7
4470, 4
21190, 8
35250, 7
25500, 7
20250, 6
11740, 5
21470, 7
37750, 7
49500, 7
18470, 6
9587, 5
26500, 7
9321, 7
27250, 6
27250, 7
6964, 6
15114, 7
10837, 6
7500, 4
22250, 6
10366, 6
29250, 7
38250, 7
21500, 7
14220, 7
31750, 6
32000, 7
13940, 6
32750, 5
36500, 6
40220, 8
24860, 7
25224, 8
37250, 5
7616, 5
10085, 7
38000, 7
18750, 5
19250, 6
32250, 6
42250, 8
41000, 6
35000, 6
23000, 6
26500, 5
23474, 6
11370, 5
31000, 6
26610, 7
10000, 4
33000, 5
16470, 7
29250, 6
36500, 6
33250, 7
34000, 7
10837, 6
26110, 8
27250, 6
18490, 7
21500, 6
26750, 6
31750, 7
33750, 8
22750, 5
19750, 6
19360, 6
20250, 6
18750, 7
30250, 7
27110, 9
34500, 8
27750, 7
5130, 8
30976, 8
38500, 7
22500, 7
25250, 7
26750, 6
29500, 6
24720, 7
21250, 6
12360, 6
51720, 8
29470, 7
29750, 8
21250, 6
28000, 6
11750, 5
36250, 7
15000, 6
28750, 7
8466, 7
5220, 4
15500, 6
44500, 6
38750, 6
15720, 6
25250, 7
15620, 6
19944, 8
26454, 7
21970, 7
27500, 7
18220, 5
17360, 6
28500, 6
32750, 6
31500, 8
28194, 8
9031, 5
27500, 6
7779, 6
31250, 8
44250, 7
24250, 7
30750, 6
23500, 5
14750, 5
18448, 7
17970, 6
17250, 5
16500, 5
21250, 5
30250, 7
27250, 7
13976, 7
22750, 6
22490, 6
38000, 8
39500, 8
26750, 7
22940, 7
7482, 6
22250, 6
16500, 5
27500, 6
14750, 4
23000, 8
40750, 7
22000, 5
29250, 5
29000, 6
39500, 6
19620, 6
16940, 6
36000, 8
21750, 7
47940, 8
16614, 6
13220, 7
25190, 8
24500, 7
39000, 7
22250, 6
38690, 8
20000, 6
34500, 7
15250, 5
32500, 7
21500, 7
23818, 7
35000, 7
27360, 8
21000, 7
42000, 7
19250, 6
10430, 5
9134, 7
34440, 6
22860, 7
26250, 6
22000, 4
25250, 7
24000, 6
24944, 9
49250, 7
21250, 5
21500, 6
14500, 5
16860, 7
23500, 6
30720, 8
16988, 7
12750, 5
22750, 6
26250, 7
1420, 6
30000, 9
33500, 7
39500, 7
27500, 5
10949, 5
15368, 6
29610, 6
28750, 6
9364, 6
34750, 8
22250, 6
39000, 8
27750, 6
6880, 6
30500, 7
22000, 6
30940, 6
30470, 7
50250, 8
26750, 7
10748, 6
22000, 6
30000, 7
24970, 7
14000, 5
36250, 7
17720, 6
9364, 6
18000, 6
18750, 6
25500, 7
21750, 6
10281, 6
33250, 8
9687, 7
23500, 7
33250, 7
28250, 6
26220, 7
55000, 7
26860, 7
15250, 5
9232, 6
14250, 4
14250, 5
34000, 7
11750, 5
21500, 6
20250, 6
24750, 5
15970, 6
24000, 7
9360, 6
51500, 7
14000, 6
34750, 6
28690, 7
16110, 6
19686, 6
26250, 6
18970, 7
20250, 6
36970, 7
27970, 6
38000, 7
15310, 7
18250, 6
19750, 6
33000, 8
13000, 5
27470, 8
13720, 6
22500, 7
30250, 8
28000, 6
10194, 7
30500, 8
6738, 6
26250, 6
29750, 7
22750, 6
27750, 7
29750, 7
29250, 7
16610, 7
28500, 7
33000, 5
31500, 6
16750, 6
25500, 7
6004, 6
18940, 7
24500, 6
26500, 6
19218, 6
25720, 7
31750, 7
24860, 7
10960, 7
22500, 6
5190, 4
25220, 7
25000, 7
31750, 7
21750, 7
32250, 7
6689, 6
28250, 5
23500, 7
15476, 7
13500, 5
42750, 7
11370, 6
31500, 7
23610, 7
29500, 7
21860, 7
21220, 7
25220, 7
14750, 5
19500, 6
28250, 7
17990, 6
22220, 7
15470, 7
1744, 4
10281, 6
33500, 6
21250, 6
23220, 7
28000, 6
29500, 6
20860, 7
2459, 5
20000, 6
24000, 7
25250, 5
39750, 7
29750, 7
29000, 6
11872, 6
26250, 6
37500, 8
14750, 5
23250, 6
9169, 6
13470, 7
22750, 7
22750, 7
22250, 7
23610, 6
17250, 5
27000, 6
32000, 6
17750, 6
12342, 6
35750, 7
20698, 7
26720, 6
25440, 6
15478, 7
30690, 7
29750, 7
23750, 6
26778, 6
37250, 7
24500, 5
16250, 6
17970, 7
20500, 6
35250, 8
31750, 7
40110, 7
35250, 7
20750, 5
16360, 7
32250, 8
24940, 8
16610, 6
18250, 6
23474, 7
23500, 7
33750, 7
36500, 7
26250, 5
25860, 8
21750, 6
26750, 6
19750, 6
27000, 6
25000, 6
29250, 7
22720, 7
46250, 8
28000, 7
20370, 6
25250, 6
29000, 6
22000, 6
25500, 7
51250, 9
17740, 7
28364, 7
29000, 7
26000, 6
23750, 6
19000, 5
41250, 6
44500, 7
29750, 7
20750, 6
20000, 5
15200, 7
28220, 8
27000, 7
36470, 7
17720, 7
24994, 8
23750, 7
34500, 6
26500, 7
23500, 7
21000, 5
21750, 7
31000, 6
23500, 7
46250, 8
42000, 8
25500, 7
23750, 6
31000, 6
22696, 7
32250, 6
36250, 7
20000, 6
31000, 7
36750, 7
1788, 6
25750, 6
32000, 7
39000, 6
30500, 7
19750, 5
24250, 7
28000, 7
22860, 7
27000, 5
27000, 5
13446, 7
60500, 8
19750, 7
15366, 7
44750, 7
22470, 7
36226, 8
37000, 7
19970, 7
24690, 8
27000, 6
18250, 5
15220, 6
6224, 6
8190, 4
17680, 6
36750, 7
27750, 6
23000, 7
36444, 8
19000, 6
30750, 7
14510, 7
13750, 4
15370, 6
30000, 7
13970, 6
24690, 8
24750, 6
29250, 7
36750, 7
23750, 6
17720, 7
38000, 7
23000, 6
25194, 8
24690, 6
21750, 7
31694, 8
27000, 7
28750, 6
31250, 6
23960, 8
40470, 8
46500, 8
7220, 4
32500, 7
14220, 6
17220, 6
8873, 6
13860, 7
18250, 6
16720, 7
26474, 9
31500, 6
17370, 6
27940, 9
23220, 7
36500, 8
29750, 7
35000, 6
36250, 6
27250, 6
18610, 6
33500, 8
37250, 6
37250, 8
26750, 7
33250, 7
32120, 8
24000, 6
23120, 6
22240, 6
20500, 6
22500, 6
26000, 7
23250, 6
18250, 5
21750, 6
26750, 6
20750, 6
34250, 6
28750, 7
20720, 7
11972, 6
37500, 6
32360, 6
34500, 8
17250, 6
16750, 6
4310, 5
30360, 7
9970, 6
21750, 5
20250, 6
29000, 5
27500, 7
18750, 7
24500, 7
29750, 7
17974, 8
29750, 6
23476, 8
10697, 7
17478, 7
21360, 7
19974, 8
21500, 7
50000, 8
10110, 5
40000, 6
28500, 7
18750, 6
30668, 7
20750, 6
18750, 5
45250, 8
34000, 7
21500, 6
39440, 8
30720, 8
12500, 5
24000, 6
9364, 5
27500, 6
21500, 6
25250, 6
20750, 6
26250, 7
21228, 7
28500, 6
23470, 7
34250, 7
27250, 7
23500, 5
17224, 7
23940, 8
22220, 8
12720, 6
22000, 6
21720, 7
26500, 7
19500, 7
23610, 7
11216, 6
25690, 7
16474, 7
42250, 6
23500, 6
17476, 7
19740, 7
24000, 6
22240, 6
37000, 6
19000, 6
27870, 7
27000, 7
15724, 7
26750, 6
24750, 6
38500, 7
16750, 5
24000, 6
25490, 8
17470, 7
25690, 7
17000, 5
20750, 6
21720, 7
21250, 6
31250, 7
17490, 7
16355, 6
30990, 7
41000, 7
17250, 6
20500, 6
20750, 5
33750, 7
42500, 7
10560, 5
32440, 8
44750, 8
11712, 6
14970, 7
12060, 6
25000, 6
23720, 7
2690, 6
22500, 7
27500, 6
37500, 6
17000, 6
22470, 7
25000, 7
28250, 6
11220, 7
28750, 7
38000, 8
26250, 5
31620, 7
14720, 6
19500, 5
32470, 8
14220, 6
35250, 6
34000, 5
22000, 6
26500, 8
6610, 4
20000, 6
18750, 5
13232, 7
29250, 7
31000, 6
22860, 7
21250, 7
19860, 6
21360, 5
25750, 6
23220, 7
28750, 7
19360, 7
29110, 7
23003, 6
28250, 7
25750, 7
28970, 6
37500, 7
25250, 6
20750, 6
25860, 7
31000, 7
49500, 7
23750, 7
33250, 6
35440, 7
25750, 7
27000, 5
29500, 7
30750, 7
18200, 6
36500, 7
17360, 6
17860, 7
31250, 5
4571, 6
9000, 4
42250, 7
23000, 7
27500, 6
6293, 5
34970, 8
37250, 7
29000, 6
42750, 7
5940, 4
40250, 7
23500, 7
10740, 5
17220, 6
18490, 6
25000, 6
29500, 8
31250, 7
11364, 7
30750, 7
21690, 7
31750, 6
12170, 7
18220, 6
19500, 6
8734, 6
26750, 6
27250, 6
20724, 7
23750, 6
41250, 7
22000, 6
28500, 6
15110, 6
10351, 7
29750, 8
21970, 6
24610, 7
19000, 6
22000, 7
22750, 7
24750, 7
19970, 7
40360, 7
36250, 7
27750, 7
14962, 8
26000, 5
22000, 7
16440, 6
8698, 6
19470, 7
20000, 7
23360, 7
24250, 6
28208, 7
30750, 7
18750, 6
12364, 6
14110, 6
23250, 7
32000, 8
23610, 8
38750, 6
21750, 7
27250, 7
39500, 8
24470, 7
30250, 7
7833, 6
45750, 7
10610, 6
15750, 6
30250, 7
32000, 7
34000, 7
23250, 6
22500, 5
28500, 6
26616, 7
20000, 6
22990, 6
21500, 7
29614, 7
15860, 6
25750, 7
32500, 7
7687, 6
15750, 5
22750, 6
33750, 6
31000, 7
23250, 6
21250, 8
7510, 6
36000, 7
34448, 8
12110, 6
30220, 8
29860, 7
27750, 7
28970, 6
30500, 8
42500, 7
9220, 5
12704, 7
13250, 5
14500, 5
21220, 7
19224, 8
36750, 6
20250, 6
34250, 7
36250, 7
41750, 6
33000, 6
6750, 6
4584, 6
22500, 6
23500, 6
31250, 6
24750, 6
10003, 6
24220, 7
17500, 6
26000, 5
19000, 6
40250, 8
27750, 7
22750, 6
29250, 7
30250, 8
28720, 7
22220, 7
20610, 7
11250, 5
25190, 7
39190, 7
15860, 7
9992, 6
31750, 6
16470, 6
12228, 7
18470, 6
24750, 7
24500, 8
38250, 7
28250, 7
22194, 8
15940, 7
4804, 7
24750, 7
15563, 7
35240, 7
29120, 7
35500, 6
22940, 7
22250, 7
33000, 6
12500, 5
19750, 6
27250, 5
26000, 5
28000, 6
19474, 8
33000, 7
24250, 6
30750, 7
17500, 4
15500, 6
38500, 7
17250, 6
34720, 8
24250, 7
15220, 6
33500, 7
13490, 6
31750, 6
30240, 7
9547, 7
36750, 7
30970, 8
29970, 9
20750, 6
31250, 7
36720, 7
13617, 6
33240, 7
30750, 8
13500, 5
26000, 7
24250, 5
21474, 8
46250, 7
24970, 7
44500, 8
23000, 7
40690, 8
25750, 6
14734, 8
23250, 6
18750, 6
28250, 6
38470, 9
25000, 5
32250, 7
11474, 7
29226, 8
21750, 7
20196, 7
25720, 7
41750, 7
18860, 7
16610, 7
14250, 6
10940, 4
31750, 7
25250, 6
24250, 6
35750, 8
12690, 6
15250, 5
24000, 7
18866, 7
44220, 8
28500, 6
32750, 7
7542, 7
10452, 7
21360, 8
7563, 7
22250, 6
19000, 6
9252, 6
22990, 8
21000, 6
25500, 7
31750, 6
37720, 9
24250, 6
31500, 7
49250, 7
27500, 6
19250, 6
24250, 6
24500, 5
38500, 6
23976, 8
23000, 5
20250, 7
24250, 6
21860, 7
10720, 5
10500, 4
55750, 7
20000, 6
19250, 7
29000, 6
24500, 6
12744, 6
26250, 6
25190, 6
19720, 7
28250, 6
27470, 7
22244, 8
27720, 7
26970, 8
18750, 6
37490, 7
9586, 6
24000, 7
26940, 7
22750, 6
34750, 6
34470, 7
18970, 7
35750, 7
39000, 6
28750, 6
18220, 7
17250, 6
32750, 7
24000, 7
20250, 6
22000, 6
23750, 6
19220, 7
20750, 6
27360, 7
25860, 7
32370, 7
49000, 8
24944, 8
36750, 7
4914, 5
23750, 5
12970, 6
26240, 7
19690, 7
34750, 8
27750, 6
10232, 6
11494, 8
26500, 7
22744, 7
16720, 8
31750, 6
39220, 9
43000, 8
16860, 7
30000, 7
24610, 7
29500, 6
32500, 6
43470, 9
47750, 8
21250, 5
31750, 7
25750, 7
29250, 8
17110, 6
26500, 6
3919, 6
25500, 7
30190, 8
35250, 8
26000, 7
19730, 7
22750, 6
23750, 6
19500, 6
19750, 5
32500, 6
15500, 5
40720, 8
12228, 6
17500, 6
24740, 7
8860, 6
13500, 5
34750, 6
16430, 6
16250, 6
31750, 7
38250, 7
30000, 6
31750, 7
17000, 5
32250, 7
36250, 7
34474, 8
14194, 8
29750, 6
2970, 3
21360, 7
29220, 8
25720, 7
20250, 5
20744, 7
28250, 7
19250, 6
26750, 7
25750, 6
12970, 6
9085, 6
21250, 7
18610, 7
34470, 8
25448, 7
25470, 7
22750, 6
29000, 6
16470, 6
35750, 8
24220, 8
33500, 6
19250, 6
20500, 7
21750, 6
25500, 7
25720, 8
36500, 8
15250, 6
16250, 6
49000, 6
20226, 7
15478, 7
29000, 6
14750, 6
25500, 6
34620, 8
24250, 7
33500, 8
24750, 7
17250, 6
22500, 7
19750, 6
30500, 7
30250, 7
39000, 6
35000, 7
32220, 7
21870, 6
33610, 8
31000, 7
20250, 6
28110, 7
23000, 6
24250, 5
27250, 7
15250, 5
26724, 8
25500, 5
22750, 6
25500, 7
19440, 5
30000, 6
28250, 6
7224, 6
27250, 8
13500, 6
29610, 9
10250, 5
16720, 7
22000, 7
8418, 6
21750, 6
20750, 6
29220, 7
21500, 7
18114, 9
19868, 7
42500, 7
18750, 6
26228, 7
11500, 5
18750, 5
8452, 5
24750, 5
16750, 5
39000, 8
38250, 8
24220, 9
2776, 6
25500, 7
14220, 6
41690, 8
26440, 7
16250, 6
26250, 6
32250, 6
34250, 6
27750, 6
20750, 6
8057, 6
20500, 7
18500, 6
23000, 7
35000, 8
24490, 6
23000, 6
21946, 8
29250, 6
16190, 5
28500, 7
26750, 6
26610, 7
21470, 6
27940, 7
19750, 6
15744, 8
14250, 5
33000, 7
22250, 5
30500, 8
12220, 6
15970, 6
29000, 7
27224, 9
35500, 7
48970, 7
11115, 6
16934, 7
32694, 7
24250, 7
26250, 6
22720, 7
30970, 7
26000, 5
37500, 7
27000, 6
13440, 6
25470, 7
34423, 6
16124, 7
26970, 8
31000, 6
15450, 6
26000, 8
28470, 7
33250, 8
22923, 7
17750, 6
25694, 9
32500, 7
12750, 5
34250, 6
19184, 7
11220, 6
12720, 6
21500, 6
8475, 5
21750, 7
26750, 7
29500, 5
18220, 7
23490, 8
18750, 6
16990, 7
29720, 9
26360, 8
15750, 5
33360, 6
18860, 7
37000, 7
41500, 6
17250, 5
27000, 7
16000, 6
26240, 8
19500, 6
12476, 7
25750, 6
36000, 6
36750, 6
7224, 5
15250, 5
20500, 7
9252, 6
18750, 5
27750, 7
36000, 7
19610, 5
37250, 7
30250, 7
21250, 6
26500, 7
33750, 8
7374, 7
19690, 6
23970, 6
14000, 5
24000, 8
32940, 7
17250, 6
40750, 7
31720, 7
7250, 3
32220, 8
24000, 7
21970, 6
31250, 7
22114, 8
20220, 5
18750, 5
20220, 7
13250, 5
12000, 5
25500, 7
35500, 7
29000, 7
9131, 7
21970, 8
33250, 6
23000, 6
20000, 7
13000, 6
28728, 8
15116, 6
23250, 6
16500, 5
35750, 6
31250, 7
23000, 7
14250, 5
12258, 7
23470, 7
15514, 7
30250, 6
26970, 8
20000, 6
32000, 6
28500, 7
18700, 7
29220, 6
25000, 7
5602, 6
31750, 7
22220, 7
30750, 7
30250, 7
22944, 7
32220, 8
10976, 6
6510, 7
27750, 7
20720, 7
27940, 7
37250, 7
5776, 5
9250, 4
25750, 7
28750, 7
26000, 7
19750, 6
22250, 5
24726, 8
16740, 6
27250, 6
24250, 7
14500, 6
16694, 8
35190, 6
1720, 3
40750, 9
41500, 7
11610, 6
29720, 8
6248, 5
8810, 5
25500, 7
27720, 7
18720, 7
29000, 6
15976, 7
30250, 6
26750, 6
19500, 6
24474, 7
20250, 7
24970, 8
23500, 7
43500, 7
33000, 7
20250, 6
20970, 8
25750, 6
41500, 7
16860, 6
26360, 7
10224, 6
20250, 6
31440, 7
24000, 7
29250, 7
51690, 9
27220, 7
32360, 8
36250, 7
17750, 6
29750, 6
30750, 7
23220, 7
26750, 6
31500, 8
17250, 6
31750, 7
19000, 6
20250, 6
27970, 8
34220, 8
17720, 7
28250, 6
18000, 6
36360, 7
27060, 8
21360, 8
47500, 7
23470, 8
33250, 8
19970, 6
31750, 6
24970, 6
17610, 6
21750, 7
23500, 6
4786, 7
15750, 6
21470, 7
25490, 7
7363, 5
35000, 7
32610, 8
21724, 8
33250, 7
22000, 6
29970, 8
37750, 7
30220, 8
24250, 7
18500, 6
33690, 7
30500, 6
30750, 8
29750, 6
22000, 6
33750, 6
30750, 8
24690, 6
29970, 7
14750, 5
12740, 6
30250, 6
21610, 7
38500, 7
23750, 6
11116, 6
42750, 8
6334, 5
11726, 6
26500, 6
22000, 6
42750, 7
38250, 7
34720, 8
30250, 7
15750, 5
38110, 8
30500, 7
17360, 6
24224, 7
18750, 6
20000, 5
28750, 7
10624, 6
30970, 7
36970, 7
12467, 7
31750, 8
24250, 8
23500, 5
21500, 6
20250, 6
10240, 6
18750, 6
14500, 6
27250, 5
22000, 6
17750, 5
30360, 7
23490, 6
27500, 7
12811, 8
18250, 6
31500, 7
28500, 7
30940, 8
21500, 6
22750, 6
30750, 6
28250, 6
25190, 6
22720, 7
30500, 7
25500, 7
6262, 6
27250, 7
21000, 7
23494, 7
27976, 7
29470, 8
30000, 8
34000, 6
29750, 7
28220, 9
31500, 7
29250, 7
10500, 5
19478, 7
28750, 6
45750, 9
32470, 8
46000, 8
27750, 7
23750, 6
16250, 5
20500, 6
16446, 8
20970, 6
20720, 7
34500, 8
35500, 8
23500, 7
41690, 9
18000, 6
40940, 7
24750, 6
31500, 7
35220, 8
8430, 4
33500, 7
25750, 7
30250, 7
29000, 8
26240, 9
29500, 7
16257, 7
11236, 7
24470, 6
27750, 7
31000, 7
25364, 8
38250, 6
14500, 5
30610, 9
19750, 6
13000, 6
35440, 7
20500, 6
21250, 6
20500, 5
37250, 7
29728, 7
13706, 7
4470, 5
21610, 7
24750, 7
21364, 7
17250, 6
32250, 6
12000, 5
10950, 6
29250, 7
25000, 6
11720, 6
31250, 6
22220, 5
24500, 6
37970, 7
21750, 6
25750, 6
31500, 7
17250, 6
11000, 5
24000, 6
31500, 8
36250, 8
26970, 7
40250, 8
28750, 6
26750, 7
17564, 7
13220, 6
28860, 8
19750, 5
12474, 7
29000, 7
24360, 7
30720, 8
20750, 6
34750, 7
24250, 7
30750, 6
4538, 6
33750, 8
26250, 5
18000, 5
20740, 6
20470, 6
17610, 7
25360, 7
23470, 8
7750, 4
26470, 6
17860, 6
27740, 6
15500, 5
7680, 5
29740, 7
26470, 7
24970, 6
36750, 7
30250, 5
20470, 7
41500, 8
29500, 7
11720, 6
24000, 7
26000, 7
12974, 7
28500, 6
36250, 6
21500, 7
37000, 6
29500, 8
27750, 7
28000, 7
25250, 5
26220, 6
26220, 6
30500, 7
21500, 7
29720, 7
20220, 8
25500, 7
15970, 6
34116, 8
42500, 7
27720, 7
26366, 7
41500, 7
20978, 8
38000, 7
18500, 6
39500, 8
15250, 6
29500, 6
17250, 5
15750, 6
29250, 6
26750, 7
25750, 6
10642, 6
15728, 6
13500, 5
17750, 6
4500, 6
16000, 5
21000, 6
25750, 6
27750, 6
21750, 5
4283, 6
16736, 6
5708, 5
31750, 6
34440, 7
9970, 4
31860, 7
29840, 8
23220, 7
14690, 6
23250, 7
15360, 6
39000, 7
18230, 6
19200, 8
27750, 7
26000, 8
37870, 9
22000, 5
32250, 8
27720, 8
23000, 5
15750, 5
27500, 7
16752, 8
25500, 6
11620, 6
53000, 8
33720, 7
6734, 6
22720, 7
28750, 7
36750, 7
33250, 8
13934, 8
19000, 6
14500, 5
9750, 4
29750, 7
12220, 5
23610, 6
27740, 7
7708, 7
27750, 6
26500, 6
21000, 6
32000, 7
15860, 7
6720, 5
16750, 6
17750, 5
25250, 5
26720, 7
35720, 8
38220, 7
34250, 6
28500, 6
14620, 6
17000, 6
23000, 8
33750, 7
18000, 6
40250, 7
25360, 7
12220, 6
22000, 6
21000, 5
32250, 6
20454, 8
12947, 7
24110, 7
18500, 6
23250, 6
8776, 7
36000, 7
46250, 7
36000, 7
6978, 6
22500, 6
21250, 6
29000, 6
16000, 6
13740, 6
25500, 6
35000, 8
28000, 6
24000, 7
35750, 8
29500, 8
30250, 6
10661, 6
25000, 6
29250, 6
23500, 6
38220, 7
25500, 7
17500, 5
22250, 6
35000, 7
38750, 8
26750, 6
27500, 7
19364, 8
23940, 7
24500, 5
35970, 7
32000, 7
26500, 6
1919, 5
21720, 6
39750, 7
23690, 7
16860, 7
28720, 7
20250, 6
30250, 7
22990, 7
32500, 7
35500, 8
26000, 6
24750, 5
40500, 7
25500, 7
18198, 8
29000, 8
35000, 7
21470, 7
19750, 5
26470, 8
30000, 7
33000, 7
26970, 6
10110, 6
15194, 7
22500, 6
16250, 6
19000, 7
26500, 6
35470, 7
18750, 6
22110, 7
9876, 6
26750, 6
6450, 5
28250, 7
40500, 6
39000, 8
36750, 7
29500, 6
14250, 5
25750, 7
18000, 6
48750, 7
23720, 7
17110, 6
20750, 6
39000, 6
40500, 7
25500, 6
12250, 5
18250, 6
16250, 4
19000, 6
29220, 7
20974, 8
29250, 7
23000, 7
25470, 7
19250, 6
28500, 6
26250, 6
16750, 6
12480, 6
29500, 7
23500, 6
42750, 8
55250, 7
36250, 8
22000, 5
25610, 7
16110, 6
7666, 6
9750, 5
17452, 7
34500, 7
28250, 7
26000, 7
19000, 5
7529, 6
20860, 6
27720, 7
17250, 6
27970, 8
24500, 7
22250, 5
12979, 8
47250, 7
27500, 6
22970, 6
18944, 6
18990, 7
21750, 6
34946, 8
18250, 6
37000, 7
19250, 6
23750, 7
8576, 6
27750, 7
24750, 6
7752, 6
17470, 6
27000, 7
24750, 8
15360, 6
17220, 7
28610, 8
26000, 7
25000, 6
36250, 8
11524, 6
27750, 6
22250, 6
33250, 7
37250, 7
37750, 8
23250, 5
19944, 7
21750, 6
19000, 6
30750, 7
35250, 6
16720, 6
32500, 8
37720, 8
25000, 7
14694, 8
20000, 6
26440, 8
17750, 5
27500, 7
28000, 7
6010, 5
35000, 6
40500, 7
19728, 7
38500, 7
30000, 8
16250, 5
30000, 7
27000, 7
33190, 6
6654, 6
32250, 6
23974, 7
22740, 6
26000, 7
38250, 7
27500, 7
33750, 7
45500, 7
27250, 7
25500, 7
21740, 7
21000, 5
19000, 6
23470, 7
19720, 7
22740, 7
17720, 6
34250, 7
28500, 6
45610, 8
22500, 7
21000, 6
32250, 6
27250, 6
44500, 8
23000, 7
11000, 5
14500, 5
23750, 7
38000, 8
22750, 7
19000, 6
33110, 7
14616, 7
34750, 7
12484, 7
30750, 6
23750, 7
13190, 6
7272, 7
8970, 5
17230, 6
24220, 8
22940, 7
26500, 7
20720, 7
11494, 7
19720, 6
33440, 7
32250, 7
52240, 8
13726, 7
24500, 6
17000, 6
23720, 6
19500, 6
26500, 6
30750, 6
23250, 6
28500, 6
30250, 6
27000, 6
23250, 7
36500, 6
34000, 7
17418, 6
24250, 4
28500, 6
17940, 6
12860, 6
25000, 7
30500, 7
953, 6
40190, 8
15000, 5
28000, 7
18220, 7
23000, 6
19250, 6
37000, 7
22940, 5
16860, 6
48250, 7
18990, 5
9694, 7
27500, 6
21470, 6
20220, 7
7780, 5
13000, 5
20190, 6
20720, 7
16970, 5
30750, 7
42500, 7
31750, 7
26360, 7
40000, 6
25470, 6
11000, 5
6855, 6
25000, 7
37500, 7
21060, 6
25750, 6
27360, 8
29750, 7
17440, 6
13226, 7
26750, 7
5653, 7
24250, 6
12690, 6
26750, 6
36250, 7
35194, 9
38500, 7
17360, 6
14470, 6
22724, 7
27250, 6
16470, 7
21000, 6
37500, 7
32750, 7
12500, 5
18220, 7
9720, 5
32440, 7
23750, 6
29250, 6
24750, 7
14220, 6
16994, 7
29750, 6
28116, 8
31250, 7
28500, 7
42000, 7
19946, 9
29250, 6
24720, 7
41250, 7
18250, 6
14250, 4
24696, 6
29000, 7
22470, 7
29750, 6
25750, 6
38000, 8
10500, 6
29200, 8
20032, 7
19500, 6
27240, 8
18610, 7
27500, 7
29250, 6
52190, 8
22220, 8
45500, 6
15180, 6
27314, 7
25750, 7
31250, 7
25500, 6
26000, 5
20750, 6
20250, 6
11220, 5
18720, 7
20500, 6
25000, 7
31500, 7
12784, 5
33740, 8
33750, 7
23250, 6
22000, 6
20970, 5
36250, 8
20000, 6
4861, 5
15476, 8
17364, 7
24750, 7
14470, 7
10360, 5
43500, 6
28250, 7
14704, 8
21500, 6
15750, 6
14947, 6
31250, 7
19610, 6
25000, 5
29250, 7
35470, 7
31190, 8
42000, 8
26000, 7
25500, 7
23250, 5
31490, 7
42250, 8
21226, 8
20560, 8
11610, 6
21500, 6
22476, 8
34000, 7
20476, 8
31500, 8
16500, 6
31970, 8
18214, 8
35500, 9
18000, 6
43500, 7
22000, 6
13720, 6
23250, 7
29250, 8
32750, 6
33250, 6
35750, 7
19750, 6
17500, 5
36750, 7
44970, 8
7720, 4
21946, 7
9970, 5
10480, 6
42000, 8
36000, 7
22740, 7
13750, 6
21500, 6
10250, 4
34250, 8
21470, 7
23720, 6
23000, 7
20750, 6
28250, 7
23110, 6
20750, 6
25940, 7
12610, 6
25250, 7
17720, 7
26610, 7
20000, 6
18000, 6
18750, 6
30250, 6
45500, 7
12470, 5
26750, 6
20860, 8
18720, 6
17990, 6
33190, 7
25000, 6
32500, 8
21190, 6
23000, 6
40470, 8
23000, 6
28500, 6
28836, 6
16500, 6
33000, 6
33250, 6
17970, 6
14500, 6
27250, 6
27970, 7
28470, 8
27446, 7
26250, 7
26000, 7
4868, 5
37000, 8
16450, 8
29750, 7
34494, 8
18360, 7
27000, 6
28000, 7
35250, 7
54250, 8
11500, 6
41000, 7
20732, 6
17698, 8
7768, 6
24000, 6
33500, 8
23000, 6
30000, 7
31750, 7
15940, 6
6779, 5
27500, 6
24250, 7
27250, 6
13865, 7
18860, 6
29360, 6
8500, 4
40000, 7
20500, 6
39750, 7
29250, 6
35500, 9
22240, 8
19250, 6
19970, 6
14750, 5
21360, 7
32000, 7
26750, 8
22000, 7
34970, 7
32500, 7
28220, 8
28500, 5
21470, 6
27750, 7
32220, 6
24500, 7
23500, 6
28000, 6
16110, 7
7779, 6
21476, 8
19000, 6
40250, 7
15698, 7
16690, 5
10244, 6
41750, 7
23500, 6
10750, 5
43000, 7
15724, 7
16724, 8
13720, 6
32000, 6
15110, 6
31000, 6
30250, 8
29720, 8
13110, 6
14860, 6
17360, 8
20240, 7
16970, 7
36750, 6
11860, 6
12478, 6
25250, 6
31000, 5
20750, 6
14860, 6
23110, 7
22250, 6
37250, 8
19500, 6
21740, 7
26250, 6
25750, 7
37500, 7
18750, 6
26020, 7
29500, 7
25000, 7
17000, 6
30250, 8
26960, 8
30750, 8
55250, 8
24750, 6
27500, 7
34250, 8
14500, 6
30500, 6
32000, 8
18750, 7
16120, 6
16500, 6
36250, 7
2742, 6
20750, 6
19110, 7
29250, 5
32500, 8
21250, 6
25750, 7
23000, 6
32750, 7
10128, 7
25750, 6
22750, 7
30500, 7
14370, 6
39750, 8
32610, 7
27250, 6
23250, 6
61000, 7
32250, 6
16970, 7
21060, 7
25000, 6
21500, 6
21000, 6
36000, 8
10180, 7
32000, 7
23190, 7
12694, 8
19000, 6
13110, 5
36000, 7
16500, 6
33440, 8
19000, 6
25750, 6
23860, 6
20250, 5
34240, 7
16500, 6
10750, 5
7498, 6
25500, 7
42750, 7
26750, 8
26250, 6
32750, 6
34750, 8
26864, 8
28470, 9
14720, 7
28190, 7
15500, 6
36250, 8
26970, 8
19860, 7
30500, 7
22000, 6
23500, 7
14190, 6
19250, 6
35750, 6
23000, 4
26750, 7
29500, 6
30000, 7
39970, 8
17490, 7
21614, 8
6364, 6
25874, 7
20970, 7
36000, 7
27000, 6
17360, 7
40940, 9
26000, 6
17500, 5
24220, 8
25720, 8
34750, 7
35500, 7
37250, 8
41250, 7
23750, 6
34250, 6
29000, 7
31250, 7
27500, 7
30250, 8
36500, 8
19990, 7
32250, 7
19500, 6
32750, 6
36000, 8
19220, 7
22500, 7
17480, 6
31750, 7
32250, 7
29000, 7
15250, 5
33500, 8
19490, 7
10143, 5
27220, 7
33750, 8
13700, 7
34970, 7
12504, 6
27750, 6
31476, 7
24500, 6
22750, 7
28250, 7
22360, 6
35250, 7
13477, 6
13477, 7
34190, 6
12460, 6
28500, 7
15720, 7
6984, 6
20000, 6
44000, 8
28000, 6
23720, 8
18360, 7
31220, 8
38750, 7
38500, 6
18220, 7
32750, 6
33970, 8
32000, 6
29500, 6
25000, 7
23500, 6
14172, 7
23720, 7
21860, 7
34750, 7
32000, 6
8614, 5
27720, 8
24470, 8
17220, 6
25000, 7
24500, 7
21000, 6
30500, 7
15224, 7
54000, 7
38750, 8
19250, 7
27250, 7
18500, 5
6976, 6
4467, 7
29940, 7
29250, 7
16110, 7
11728, 7
7970, 5
24500, 6
28500, 8
12500, 5
20000, 6
26250, 6
26750, 6
27750, 7
21500, 6
27360, 8
17970, 6
23000, 6
24750, 7
37500, 8
19250, 6
22750, 6
20750, 5
35000, 8
14970, 6
19720, 7
29750, 7
22694, 7
34250, 7
41250, 7
19250, 5
20720, 6
16250, 5
25250, 7
32250, 7
28500, 8
33750, 6
45250, 7
27948, 7
37500, 7
21864, 9
16610, 7
33250, 7
25500, 6
27000, 7
28220, 7
26000, 6
21750, 7
29750, 6
11610, 6
19000, 6
20250, 5
27500, 7
34250, 8
33970, 8
36000, 6
17860, 6
37490, 8
38250, 7
29500, 6
33750, 7
7610, 5
25220, 7
29000, 7
15724, 7
18750, 6
21490, 7
15000, 6
20500, 7
27250, 7
34000, 7
18360, 6
27220, 5
18750, 5
39750, 6
16728, 8
33250, 7
27250, 6
28750, 7
21250, 6
12488, 6
16702, 8
35750, 8
34250, 7
27620, 7
19970, 7
34946, 8
9746, 7
2624, 6
25500, 5
32000, 8
29250, 6
5620, 5
19500, 6
20974, 8
11484, 7
4504, 6
36250, 6
24750, 6
30500, 7
23500, 7
15360, 6
13490, 6
40250, 7
21750, 6
26750, 7
28750, 6
16970, 7
6124, 5
24110, 7
30500, 7
22250, 7
26740, 8
36000, 6
29500, 7
36750, 7
18250, 5
16970, 6
9586, 6
10996, 6
30500, 7
12250, 6
31250, 7
27250, 6
20970, 7
42000, 7
17318, 7
28720, 7
40500, 7
32250, 7
41860, 9
33250, 6
24750, 6
24250, 7
25706, 9
31500, 6
23190, 6
29110, 7
28250, 7
22149, 7
17232, 6
26220, 7
4986, 5
17000, 6
16500, 5
36864, 9
25500, 5
10837, 6
15690, 7
9260, 7
18500, 5
19250, 5
27250, 7
9360, 6
41000, 6
39500, 7
28250, 7
23750, 6
22250, 6
26360, 9
19110, 6
21000, 6
1804, 5
26860, 9
26500, 6
15724, 7
34940, 8
9266, 7
27750, 6
30230, 8
14744, 7
35250, 8
19250, 6
30000, 6
33750, 6
14446, 7
48500, 8
32500, 8
19610, 7
16474, 6
29750, 7
31860, 7
21110, 7
2756, 4
14250, 6
19000, 6
18474, 7
28000, 8
29750, 7
28720, 8
24110, 6
17500, 6
21200, 8
26220, 7
20250, 5
22690, 7
46750, 7
27250, 6
34750, 6
19750, 6
23500, 6
17750, 6
27250, 7
38000, 6
23970, 7
26000, 6
18970, 6
20610, 7
27470, 6
23000, 6
25000, 6
26000, 6
29750, 6
33250, 7
36750, 7
8853, 7
6276, 5
33000, 8
45500, 7
29610, 6
13500, 5
24190, 7
33610, 8
15720, 7
7085, 5
37000, 6
35500, 7
31000, 6
8500, 4
6040, 7
12505, 6
22750, 6
18110, 6
21444, 7
41250, 6
24250, 6
29000, 7
19000, 7
22500, 6
24000, 7
17970, 8
44220, 8
41190, 8
15750, 5
19000, 4
35500, 7
24220, 7
20000, 5
18970, 7
20500, 6
24500, 7
19450, 9
15740, 7
24250, 7
22750, 6
6283, 6
12978, 6
33750, 6
23250, 6
31500, 6
26750, 7
11671, 6
22970, 7
35720, 7
36500, 8
25750, 8
13860, 6
23750, 6
14750, 5
17720, 6
19000, 5
44000, 6
24500, 7
16204, 6
24500, 7
51000, 7
26360, 7
36000, 6
20364, 6
29500, 6
31750, 7
38000, 7
23250, 7
35250, 7
7488, 5
5446, 5
26970, 8
32250, 8
41500, 7
10149, 7
31750, 8
20470, 6
36500, 7
31750, 6
34750, 7
10698, 6
10220, 5
21750, 6
18446, 8
42250, 7
29000, 7
14500, 6
18740, 7
20000, 6
36000, 6
21728, 8
5110, 4
29250, 6
27360, 6
16000, 6
24110, 8
28750, 6
21000, 6
34750, 7
51250, 7
21750, 6
22500, 6
36000, 7
17500, 6
34250, 8
29000, 6
21970, 6
25500, 7
20750, 6
20470, 7
19750, 6
10086, 6
29750, 7
45500, 8
13750, 5
11224, 6
22720, 7
24750, 5
25500, 6
12455, 7
13339, 6
32750, 7
43500, 7
21220, 6
22000, 6
21500, 5
16110, 6
28750, 8
28250, 6
34750, 7
33250, 6
26360, 7
6577, 6
23720, 7
23750, 7
15840, 6
36750, 7
21250, 6
20750, 7
27500, 7
35000, 7
23000, 7
26948, 8
12194, 7
22194, 8
18000, 6
23500, 7
7230, 6
25250, 5
28750, 6
22500, 7
34000, 8
31250, 7
18000, 6
19616, 8
17500, 5
25000, 6
1051, 6
45500, 8
19190, 6
20940, 7
17226, 6
31500, 6
18870, 7
23750, 6
44000, 8
19500, 6
31000, 7
11991, 6
16000, 6
41000, 7
23250, 7
23220, 8
22870, 7
5618, 4
20250, 5
1812, 5
22000, 4
20220, 6
10490, 5
16000, 5
30500, 7
17500, 5
22500, 7
42940, 7
18690, 7
21720, 7
18860, 7
17360, 5
15220, 6
45000, 7
17500, 5
30970, 6
12190, 5
25000, 7
28250, 8
31500, 6
35000, 8
10860, 6
35750, 7
5646, 7
27470, 7
28250, 7
24690, 8
14990, 7
18500, 5
21228, 7
28000, 7
27750, 7
31750, 6
43000, 8
10238, 6
16616, 6
22750, 6
32970, 8
34000, 8
32750, 6
22220, 7
21750, 7
22250, 7
35000, 7
33940, 7
24224, 8
21720, 6
24720, 5
17224, 8
39500, 6
27750, 6
36500, 7
28750, 6
19750, 6
25314, 7
14470, 6
12616, 7
20750, 6
16250, 5
18970, 6
13250, 5
36000, 8
16250, 6
27750, 7
42750, 7
29500, 7
29500, 6
24000, 6
36970, 8
25750, 7
37974, 8
32750, 7
9448, 5
26750, 7
31726, 8
15740, 6
31970, 8
16500, 6
19616, 7
29000, 7
19250, 6
19974, 8
25500, 7
5246, 6
26250, 7
21690, 6
19250, 6
35250, 7
29750, 6
17250, 6
24750, 6
35500, 7
11476, 7
33974, 8
24720, 7
27220, 7
30470, 7
19750, 6
38000, 8
25750, 7
17500, 5
27500, 6
27220, 7
20000, 6
28000, 7
25500, 6
27500, 7
15250, 5
26750, 6
27444, 7
20000, 7
21500, 6
13470, 6
23750, 7
29500, 6
12864, 7
11970, 5
41500, 7
20500, 7
15754, 7
47750, 8
23870, 7
32750, 7
29000, 6
25000, 6
21610, 7
4270, 6
32500, 8
52250, 7
26690, 7
30000, 7
18750, 6
29250, 7
26500, 6
41500, 7
24250, 6
28000, 7
15470, 5
16000, 6
30000, 8
20970, 6
12478, 7
32610, 7
15970, 6
46000, 8
32750, 7
17220, 7
19500, 6
28250, 5
29000, 8
28940, 7
38000, 7
29470, 7
17470, 7
7500, 5
10250, 5
5232, 6
43250, 7
26250, 7
29470, 8
14470, 5
4526, 6
17970, 7
34690, 8
18250, 5
18720, 7
35500, 8
18500, 5
23970, 6
19740, 6
35970, 7
22000, 5
25750, 6
30750, 7
21750, 6
28250, 7
34500, 6
11976, 7
21500, 6
35750, 6
35000, 6
6740, 5
20250, 6
20724, 8
26750, 7
14470, 6
36000, 6
21470, 6
24250, 6
25720, 6
9728, 6
12970, 6
31750, 6
43000, 7
23500, 7
30000, 7
33000, 7
21750, 6
27000, 6
26000, 8
23610, 6
10500, 5
25750, 6
24500, 6
24720, 8
28000, 7
26500, 6
18500, 5
36750, 7
30750, 7
13226, 8
22860, 6
31250, 7
30500, 7
30750, 7
22066, 7
18000, 6
39000, 7
18750, 6
23750, 6
36750, 8
39500, 9
20720, 6
17220, 7
21750, 7
17370, 7
21750, 6
21224, 8
15500, 6
24696, 8
31220, 7
10110, 5
21750, 6
20250, 6
21114, 9
23750, 6
43470, 8
25970, 7
37000, 7
29750, 7
17470, 7
22250, 6
10190, 6
28000, 7
21750, 6
40500, 8
23000, 6
38500, 7
33750, 7
9492, 7
25000, 7
40750, 9
34446, 8
26500, 7
17750, 6
16250, 6
15698, 6
41250, 7
23250, 6
15000, 5
36360, 7
18250, 6
31250, 7
27860, 8
15500, 3
30500, 6
22750, 6
13200, 7
28220, 7
27470, 8
28220, 8
16220, 7
17500, 5
50720, 8
40250, 7
36250, 7
29720, 7
13000, 5
20746, 7
11476, 7
20750, 5
20720, 8
16382, 6
27000, 7
18500, 6
6945, 6
31970, 8
24500, 6
14360, 6
28250, 7
39000, 8
41750, 8
21250, 6
17000, 6
14000, 5
30740, 7
28250, 6
22470, 8
29250, 7
30750, 6
17500, 5
27750, 6
9702, 7
28250, 7
35250, 6
21000, 5
25970, 8
9610, 5
15250, 4
30110, 7
19240, 7
37250, 7
34250, 6
34000, 7
19974, 8
27500, 6
26720, 7
18750, 6
36470, 8
43000, 7
27696, 8
29220, 7
29500, 6
26500, 6
37750, 7
33500, 7
16250, 5
27250, 7
30690, 6
19724, 7
9986, 6
14940, 6
25500, 6
21690, 6
28470, 7
27250, 6
16720, 7
17250, 6
34250, 7
19950, 8
37000, 7
23250, 7
22750, 7
19220, 7
25190, 7
31680, 7
23720, 6
20750, 6
11478, 7
26000, 6
36470, 8
25250, 7
