Evaluations, Played
3320, 5
2805, 5
8250, 6
6825, 5
6881, 6
6147, 7
2976, 5
2307, 5
6236, 5
9150, 6
4725, 4
11700, 7
6675, 6
4110, 7
8850, 5
7350, 6
9900, 7
7350, 6
1046, 4
8025, 6
7500, 5
6900, 6
6450, 6
7350, 6
1494, 4
9450, 7
8400, 5
8937, 7
3600, 4
5250, 5
3627, 6
5025, 5
3905, 5
5625, 4
8550, 7
5925, 5
8400, 5
5025, 5
8025, 6
10350, 7
6150, 5
5025, 5
5250, 5
7500, 5
7524, 6
3117, 5
8614, 7
8175, 5
2412, 5
6174, 6
9150, 6
2918, 5
5925, 5
3398, 5
3634, 5
5625, 4
2062, 5
7350, 6
4749, 5
6825, 5
5475, 5
8400, 5
8025, 6
11250, 7
2315, 5
7812, 7
8025, 6
8400, 5
1755, 5
2925, 4
5475, 5
6600, 5
5972, 7
8700, 6
8400, 5
6825, 5
3117, 5
6825, 5
7500, 5
2835, 5
5925, 5
7275, 5
8175, 5
66, 3
8625, 5
6900, 6
5700, 5
6150, 5
8850, 5
7275, 5
66, 3
7125, 6
2448, 4
4998, 5
9150, 6
4998, 5
5925, 5
4500, 4
7800, 6
9600, 6
5326, 6
4695, 6
356, 4
6494, 6
2091, 5
2130, 5
1548, 4
4998, 5
2806, 5
10050, 6
7500, 5
4575, 5
5175, 4
4275, 4
1725, 3
7575, 6
4848, 6
348, 3
6375, 5
5250, 5
6225, 6
6675, 6
6750, 4
8025, 6
1700, 6
8025, 6
3458, 6
5925, 5
2055, 4
7800, 6
2918, 5
8400, 5
9600, 6
6150, 5
7650, 7
9150, 6
6750, 4
9300, 5
10950, 6
68, 4
13950, 7
7650, 4
3300, 3
5700, 5
3121, 5
6750, 4
2688, 6
8250, 6
6600, 5
10500, 6
7974, 6
5250, 5
7950, 5
64, 3
7725, 5
8175, 5
8625, 5
4050, 4
6798, 5
3348, 4
3480, 5
4548, 5
10050, 6
4950, 4
4950, 4
1850, 5
6600, 5
877, 5
7275, 5
7725, 5
5700, 5
10500, 6
5925, 5
1983, 4
7725, 5
4773, 5
5199, 5
9600, 6
7725, 5
6525, 4
877, 5
6873, 6
6150, 5
7500, 5
5925, 5
4998, 5
6375, 5
7800, 6
1098, 4
4350, 5
3600, 4
9150, 6
7500, 5
6150, 5
10200, 5
5700, 5
2700, 4
8475, 6
2209, 4
7299, 6
11850, 6
7575, 6
78, 5
9225, 7
8400, 5
8475, 6
11175, 6
577, 4
7050, 5
74, 4
3600, 4
10050, 6
7275, 5
10725, 6
579, 4
7500, 5
8250, 6
8025, 6
5400, 4
8925, 6
7575, 6
8250, 6
7800, 6
4125, 5
6624, 6
8925, 6
577, 4
6225, 6
4350, 5
1430, 5
3675, 5
1542, 5
6825, 5
4323, 5
5850, 4
6600, 5
6225, 6
9675, 7
6225, 6
3198, 5
5649, 5
6675, 6
6150, 5
6150, 5
4548, 5
8223, 6
8925, 6
5475, 5
7725, 5
3300, 3
4800, 5
7800, 6
5622, 6
5523, 6
1098, 4
9225, 7
2835, 5
5025, 5
6825, 5
1643, 5
2166, 4
8925, 6
6450, 6
5250, 5
4950, 4
7725, 5
7050, 5
4950, 4
7050, 5
7500, 5
5250, 5
4050, 4
9375, 6
4998, 5
6675, 6
7950, 5
7275, 5
1542, 5
7875, 7
7575, 6
4350, 5
3348, 4
4500, 4
5025, 5
3375, 4
5925, 5
9375, 6
6825, 5
2814, 5
7800, 6
4575, 5
6375, 5
4500, 4
6900, 6
7350, 6
5700, 5
5925, 5
6150, 5
4500, 4
5925, 5
5925, 5
6525, 4
4800, 5
6375, 5
7492, 6
4848, 6
8885, 6
3600, 4
5424, 5
358, 4
8025, 6
9300, 5
8424, 6
3873, 5
7575, 6
4725, 4
9375, 6
9825, 6
4350, 5
8025, 6
3539, 5
8025, 6
6375, 5
3624, 5
8775, 7
2066, 5
4725, 4
7875, 7
5175, 4
7800, 6
4500, 4
5850, 4
8400, 5
9825, 6
8025, 6
5025, 5
8925, 6
5250, 5
1979, 5
7500, 5
7800, 6
5925, 5
8250, 6
8025, 6
6675, 6
802, 4
6600, 5
5475, 5
4323, 5
3727, 6
4500, 4
5250, 5
6825, 5
5298, 6
3825, 4
6423, 6
9150, 6
7050, 5
4848, 6
5898, 5
7594, 7
6174, 6
5925, 5
1294, 5
6900, 6
7350, 6
6225, 6
5925, 5
4749, 5
5097, 5
8025, 6
4725, 4
6900, 6
6825, 5
5775, 6
4773, 5
6600, 5
8250, 6
5925, 5
3648, 5
5223, 5
9600, 6
7275, 5
5475, 5
7717, 6
6600, 5
1299, 4
6375, 5
7350, 6
10275, 6
3900, 5
10350, 7
6375, 5
5700, 5
573, 3
6750, 4
4998, 5
2144, 5
6825, 5
7800, 6
1979, 5
6375, 5
6225, 6
806, 4
6873, 6
3873, 5
9375, 6
5523, 6
6375, 5
1773, 4
5025, 5
9150, 6
1548, 4
6825, 5
7725, 5
9375, 6
6750, 4
4248, 4
7350, 6
5925, 5
9150, 6
4725, 4
4524, 5
8925, 6
7800, 6
5298, 6
3150, 4
5925, 5
7350, 6
7800, 6
9150, 6
5223, 5
2020, 5
6000, 6
8025, 6
6825, 5
9150, 6
7800, 6
5758, 5
324, 3
6600, 5
3375, 4
4800, 5
2700, 4
5250, 5
8250, 6
6900, 6
4575, 5
5468, 6
9825, 6
3399, 5
7050, 5
5475, 5
6600, 5
8475, 6
3257, 5
3482, 5
7299, 6
8850, 5
8625, 5
348, 3
6573, 5
2250, 4
1979, 5
8325, 7
3573, 4
7050, 5
6648, 6
7125, 6
7050, 5
2973, 5
6150, 5
6624, 6
7575, 6
3802, 5
5025, 5
5298, 6
6000, 6
348, 3
5775, 6
4275, 4
7398, 7
3457, 6
4623, 6
5325, 6
6150, 5
4350, 5
7500, 5
6600, 5
8100, 4
1548, 4
7998, 6
1548, 4
5250, 5
881, 5
5550, 6
4299, 5
1983, 4
8368, 7
4848, 6
5025, 5
5700, 5
4800, 5
6600, 5
4126, 5
6675, 6
5025, 5
6624, 6
9450, 7
3825, 4
5175, 4
7725, 5
1535, 4
7125, 6
6825, 5
8925, 6
8025, 6
6675, 6
9600, 6
5475, 5
4737, 5
6825, 5
7725, 5
6375, 5
3117, 5
1303, 5
7074, 6
6825, 5
6825, 5
15825, 8
4500, 4
78, 5
5700, 5
8025, 6
5925, 5
2002, 5
9375, 6
9600, 6
66, 3
5925, 5
10725, 6
8400, 5
581, 4
4323, 5
8250, 6
5250, 5
7275, 5
3600, 4
5700, 5
5973, 6
5925, 5
1050, 3
6150, 5
7800, 6
6975, 4
11250, 7
8700, 6
8475, 6
8659, 6
1998, 4
5925, 5
8475, 6
4548, 5
6150, 5
6185, 6
1104, 5
7500, 5
5025, 5
8925, 6
1294, 5
7800, 6
6600, 5
8475, 6
1919, 5
1998, 4
6375, 5
9150, 6
7800, 6
13050, 7
7950, 5
2271, 5
9675, 7
6375, 5
2091, 5
2876, 5
2372, 4
7950, 5
9825, 6
5700, 5
5475, 5
6205, 7
1943, 4
8925, 6
5925, 5
5475, 5
8250, 6
2271, 5
4575, 5
8925, 6
8475, 6
11700, 7
1046, 4
7800, 6
2128, 6
5475, 5
8175, 5
1979, 5
6375, 5
4575, 5
9600, 6
8700, 6
7350, 6
2672, 5
7575, 6
5250, 5
5925, 5
8475, 6
3257, 5
8700, 6
5250, 5
4350, 5
3680, 5
5925, 5
8475, 6
4800, 5
8357, 7
4050, 4
10575, 7
3600, 4
4291, 6
1942, 4
10950, 6
8700, 6
9236, 6
7500, 5
4800, 5
6825, 5
5949, 6
10800, 7
3273, 7
8550, 4
10125, 7
4074, 5
78, 5
2400, 3
6300, 4
12525, 9
7575, 6
10875, 5
7640, 7
7950, 5
13200, 6
5874, 5
6075, 4
3784, 4
3600, 4
5625, 4
7550, 6
6208, 5
9150, 6
8700, 6
8250, 6
7275, 5
4074, 5
48, 2
9375, 6
1974, 4
8025, 6
1998, 4
581, 4
9150, 6
6600, 5
8175, 5
6675, 6
7350, 6
11700, 7
8475, 6
1098, 4
1534, 4
7050, 5
10650, 5
7125, 6
3825, 4
579, 4
4575, 5
7050, 5
5925, 5
1950, 3
1950, 3
9375, 6
6600, 5
8400, 5
2835, 5
5250, 5
10575, 7
300, 2
5400, 4
4374, 6
4074, 5
5175, 4
10725, 6
5476, 5
3198, 5
7050, 5
5175, 4
8925, 6
66, 3
6375, 5
581, 4
6900, 6
5175, 4
7725, 5
9075, 5
8250, 6
6375, 5
6600, 5
5274, 6
6774, 5
8475, 6
3774, 4
48, 2
4950, 4
4275, 4
6825, 5
5175, 4
6375, 5
579, 4
1500, 3
8175, 5
1535, 4
7050, 5
8250, 6
7125, 6
1867, 5
11625, 6
9825, 6
7275, 5
5925, 5
7275, 5
5475, 5
5925, 5
4575, 5
7125, 6
6600, 5
6375, 5
8025, 6
6375, 5
3254, 5
3825, 4
7575, 6
5475, 5
3198, 5
6825, 5
8475, 6
7500, 5
2464, 6
3873, 5
1950, 3
6600, 5
1552, 5
5850, 4
7275, 5
4323, 5
9375, 6
4540, 6
3198, 5
6825, 5
7350, 6
4575, 5
8475, 6
585, 5
6825, 5
5250, 5
5700, 5
6225, 6
4725, 4
4725, 4
2804, 5
7500, 5
5724, 6
2514, 5
8850, 5
2976, 5
6600, 5
4473, 4
8700, 6
5250, 5
6750, 4
9375, 6
4923, 4
4548, 5
6675, 6
6825, 5
7500, 5
8625, 5
4575, 5
9225, 7
4275, 4
2748, 5
7500, 5
3399, 5
2020, 5
9675, 7
6675, 6
6085, 6
5499, 6
8250, 6
8025, 6
3375, 4
7050, 5
9600, 6
356, 4
3600, 4
4881, 6
5475, 5
3429, 6
2748, 5
9600, 6
3825, 4
6600, 5
6600, 5
4323, 5
4575, 5
2700, 4
2356, 5
7350, 6
8025, 6
9000, 7
8424, 6
6375, 5
1548, 4
5499, 6
8925, 6
9975, 5
1998, 4
3075, 3
8250, 6
5925, 5
1098, 4
6048, 7
7125, 6
8025, 6
701, 5
8400, 5
10200, 5
5250, 5
4500, 4
2107, 5
6750, 4
4350, 5
5925, 5
4023, 4
1106, 5
5025, 5
6900, 6
7575, 6
6075, 4
6600, 5
3825, 4
8250, 6
873, 4
3825, 4
6375, 5
3654, 6
6375, 5
8550, 7
6150, 5
8025, 6
6825, 5
7800, 6
4050, 4
5973, 6
5250, 5
8700, 6
5025, 5
4950, 4
6624, 6
1655, 5
6375, 5
6457, 6
823, 5
7050, 5
7050, 5
8097, 6
1098, 4
7125, 6
1524, 4
7323, 6
1323, 4
3174, 5
6600, 5
5958, 6
6225, 6
3178, 6
5475, 5
5475, 5
8475, 6
5250, 5
8475, 6
5673, 5
4323, 5
6375, 5
2732, 6
879, 5
4093, 6
2092, 5
7050, 5
8250, 6
3174, 5
10725, 6
6825, 5
3868, 6
7050, 5
6825, 5
6825, 5
2625, 3
4777, 6
6375, 5
7974, 6
8073, 7
6150, 5
10275, 6
5475, 5
6600, 5
4575, 5
1098, 4
3600, 4
5932, 6
2209, 4
6600, 5
6375, 5
7050, 5
5925, 5
7050, 5
7125, 6
7725, 5
4575, 5
9825, 6
4150, 6
8700, 6
9375, 6
4800, 5
8475, 6
4098, 5
5250, 5
6707, 6
6450, 6
6375, 5
5025, 5
4125, 5
7382, 6
2949, 5
8700, 6
6375, 5
2148, 6
7800, 6
6600, 5
6450, 6
5866, 6
3675, 5
8700, 6
4050, 4
7950, 5
8700, 6
4350, 5
12150, 7
3198, 5
7125, 6
1950, 3
5475, 5
8250, 6
1685, 5
6900, 6
8250, 6
5925, 5
2987, 5
7500, 5
6375, 5
6825, 5
7500, 5
5475, 5
6600, 5
5250, 5
5475, 5
573, 3
5025, 5
3075, 3
2777, 5
879, 5
3142, 5
5257, 6
5850, 4
8850, 5
3900, 5
5175, 4
6375, 5
4104, 5
8925, 6
6375, 5
8175, 5
725, 5
6849, 6
8250, 6
1773, 4
10875, 5
6900, 6
825, 3
8700, 6
4500, 4
4800, 5
7385, 7
2748, 5
3198, 5
6075, 4
8475, 6
8700, 6
6225, 6
3117, 5
5649, 5
7500, 5
6343, 6
8025, 6
6624, 6
2796, 5
2688, 6
9600, 6
2271, 5
11025, 7
3375, 4
6150, 5
9150, 6
9150, 6
7500, 5
11475, 7
11025, 7
82, 6
7050, 5
7950, 5
8025, 6
10275, 6
6150, 5
9600, 6
4800, 5
6150, 5
4125, 5
7125, 6
5925, 5
7575, 6
6825, 5
48, 2
6600, 5
6825, 5
579, 4
11700, 7
10725, 6
3825, 4
8400, 5
9375, 6
6600, 5
9150, 6
585, 4
4125, 5
3423, 5
6423, 6
5250, 5
8475, 6
8700, 6
3075, 3
5025, 5
5025, 5
4548, 5
9075, 5
2427, 5
6075, 4
7275, 5
11475, 7
1552, 5
2506, 4
6825, 5
5025, 5
5724, 6
8625, 5
9375, 6
4248, 4
5925, 5
10350, 7
1106, 5
4753, 6
7800, 6
7275, 5
7950, 5
78, 5
10275, 6
7800, 6
5625, 4
3975, 3
9075, 5
7800, 6
7575, 6
6975, 4
4009, 6
9450, 7
2530, 5
10524, 7
9375, 6
1755, 5
7800, 6
5925, 5
3177, 6
9150, 6
4290, 6
8250, 6
48, 2
8625, 5
12225, 8
7725, 5
11700, 7
8925, 6
6075, 4
8250, 6
8175, 5
6174, 6
6425, 6
6375, 5
7125, 6
8475, 6
6150, 5
8025, 6
3300, 3
2356, 5
8925, 6
3600, 4
9900, 7
3600, 4
356, 4
1102, 5
2002, 5
9000, 7
8175, 5
6075, 4
4800, 5
2748, 5
8925, 6
5700, 5
8025, 6
7800, 6
2203, 5
6900, 6
6198, 6
5748, 6
7575, 6
2203, 5
5187, 5
7725, 5
7950, 5
6150, 5
7500, 5
4974, 5
5400, 4
4500, 4
17400, 8
8700, 6
10050, 6
4950, 4
6825, 5
2765, 5
3075, 3
7050, 5
3852, 6
3070, 4
4500, 4
9375, 6
4126, 5
3900, 5
2412, 5
5083, 5
7275, 5
4500, 4
3445, 6
8400, 5
3290, 6
6675, 6
6825, 5
1867, 5
10950, 6
4800, 5
5550, 6
5925, 5
1954, 5
5899, 5
1524, 4
6600, 5
4864, 6
5424, 5
3932, 5
8175, 5
8250, 6
2539, 5
5424, 5
4800, 5
3250, 6
3825, 4
2271, 5
2925, 4
2694, 5
6600, 5
7725, 5
5475, 5
7350, 6
3825, 4
2539, 5
6225, 6
5925, 5
5649, 5
5025, 5
4062, 5
5400, 4
66, 3
3375, 4
8250, 6
12150, 7
4275, 4
6975, 4
7500, 5
48, 2
7125, 6
14475, 8
9600, 6
7125, 6
798, 3
4725, 4
6525, 4
11025, 7
6600, 5
1422, 4
2315, 5
6450, 6
7350, 6
3900, 5
7074, 6
11175, 6
10125, 7
6900, 6
7125, 6
3173, 5
7050, 5
6375, 5
3586, 6
5850, 4
7275, 5
9150, 6
2729, 6
6375, 5
6375, 5
6375, 5
1050, 3
6375, 5
4500, 4
3065, 6
4343, 6
1691, 6
6150, 5
2366, 4
4848, 6
6600, 5
5175, 4
8475, 6
6675, 6
5973, 6
10350, 7
6825, 5
2925, 4
5673, 5
6600, 5
3375, 4
7425, 7
3375, 4
6784, 5
6375, 5
6010, 5
3825, 4
9375, 6
6600, 5
6300, 4
8250, 6
5735, 6
5250, 5
4050, 4
7950, 5
4974, 5
8025, 6
7725, 5
697, 4
9150, 6
7275, 5
5925, 5
9150, 6
6399, 6
2427, 5
3225, 5
3727, 6
6399, 6
6675, 6
7800, 6
1998, 4
8925, 6
6375, 5
7275, 5
4299, 5
1050, 3
1318, 5
6150, 5
4800, 5
6450, 6
3360, 6
4800, 5
10800, 7
8025, 6
6283, 6
4125, 5
4458, 6
6375, 5
6000, 6
6150, 5
6225, 6
9000, 7
1098, 4
4350, 5
8250, 6
2147, 6
4800, 5
5700, 5
4800, 5
8925, 6
5724, 6
7725, 5
5700, 5
3427, 6
4125, 5
4098, 5
3174, 5
3202, 6
5700, 5
5700, 5
5400, 4
6075, 4
3177, 6
6375, 5
1098, 4
5250, 5
6225, 6
6375, 5
4950, 4
4125, 5
2806, 5
3975, 3
8625, 5
6450, 6
5973, 6
3375, 4
5700, 5
6450, 6
1718, 4
6150, 5
8475, 6
3375, 4
5700, 5
5700, 5
5448, 5
7500, 5
7125, 6
7350, 6
6900, 6
6375, 5
1050, 3
8250, 6
7500, 5
6072, 6
9825, 6
4350, 5
5250, 5
6150, 5
7275, 5
5175, 4
4599, 6
6000, 6
1954, 5
3600, 4
2835, 5
1726, 5
3624, 5
8775, 7
2400, 3
7500, 5
9225, 7
3375, 4
6600, 5
6375, 5
9174, 7
7575, 6
9525, 5
4998, 5
3150, 4
4500, 4
5025, 5
7500, 5
6450, 6
5250, 5
7524, 6
9375, 6
2953, 6
5700, 5
10350, 7
6375, 5
561, 3
3972, 5
4050, 4
4575, 5
9825, 6
8775, 4
3600, 4
5025, 5
5925, 5
4500, 4
6600, 5
9300, 5
7500, 5
6375, 5
8310, 7
7350, 6
4713, 6
8025, 6
9000, 7
5448, 5
5475, 5
7950, 5
5700, 5
5700, 5
3624, 5
360, 5
2835, 5
4575, 5
5775, 6
5475, 5
7575, 6
8550, 7
7800, 6
5925, 5
4098, 5
5185, 6
7350, 6
4800, 5
4773, 5
3825, 4
6150, 5
5025, 5
13425, 6
9150, 6
3582, 7
2693, 5
4074, 5
6150, 5
5392, 5
8625, 5
12075, 6
8250, 6
2281, 4
6825, 5
5550, 6
4275, 4
6825, 5
5250, 5
6675, 6
5175, 4
9600, 6
7500, 5
6675, 6
4050, 4
7421, 6
1182, 5
10125, 7
7050, 5
8775, 7
3825, 4
3258, 5
7275, 5
7125, 6
9375, 6
6150, 5
5250, 5
3726, 6
8625, 5
6750, 7
6610, 7
7875, 7
6600, 5
5625, 4
6600, 5
9600, 6
7575, 6
6675, 6
5475, 5
9900, 7
5700, 5
8925, 6
7125, 6
8250, 6
1323, 4
4074, 5
3648, 5
8025, 6
7350, 6
10500, 6
8523, 7
8250, 6
2037, 6
9075, 5
9825, 6
6198, 6
5325, 6
7050, 5
5673, 5
9450, 7
1725, 3
8700, 6
3825, 4
8424, 6
5250, 5
6150, 5
8025, 6
6734, 6
7800, 6
5250, 5
7275, 5
5475, 5
5750, 6
7361, 5
5925, 5
8625, 5
9375, 6
6600, 5
10575, 7
7050, 5
5925, 5
11625, 6
9300, 5
48, 2
8175, 5
8250, 6
1473, 3
4275, 4
8475, 6
8550, 4
64, 3
10275, 6
9600, 6
7950, 5
8250, 6
5400, 4
798, 3
5862, 5
7350, 6
9825, 6
9450, 7
7524, 6
6150, 5
6300, 4
6375, 5
7275, 5
11475, 7
7725, 5
6825, 5
7500, 5
5400, 4
7773, 6
5700, 5
7050, 5
11625, 6
4548, 5
9825, 6
5175, 4
7275, 5
7275, 5
10275, 6
9600, 6
3573, 4
5475, 5
10275, 6
8625, 5
5370, 6
8700, 6
2925, 4
8925, 6
9150, 6
10575, 7
10950, 6
5925, 5
2580, 5
8625, 5
8700, 6
11925, 7
7500, 5
72, 4
6825, 5
8475, 6
6150, 5
5625, 4
7050, 5
12525, 6
5996, 5
6300, 4
7275, 5
3380, 4
9825, 6
6825, 5
8700, 6
48, 2
1974, 4
5850, 4
7725, 5
7950, 5
5625, 4
8925, 6
7098, 6
6750, 4
6150, 5
8325, 4
9825, 6
4575, 5
1742, 5
6150, 5
7050, 5
10725, 6
11250, 7
6150, 5
9225, 7
5250, 5
5925, 5
3141, 5
8925, 6
8400, 5
5925, 5
10050, 6
7275, 5
5025, 5
7275, 5
4656, 6
5250, 5
8925, 6
6150, 5
5025, 5
10200, 8
9675, 7
9750, 5
4299, 5
4998, 5
7200, 4
9375, 6
7275, 5
6150, 5
8925, 6
3150, 4
3750, 3
1967, 5
8850, 5
60, 3
12825, 7
8400, 5
9150, 6
10275, 6
9600, 6
11250, 7
48, 2
8100, 4
16500, 8
11625, 6
7875, 4
7425, 4
4875, 3
9525, 5
5325, 3
11850, 6
11400, 6
2995, 5
6975, 4
5199, 5
6375, 5
11700, 7
17175, 8
6075, 4
7594, 7
5400, 4
5925, 5
3075, 3
3742, 6
4599, 6
5100, 3
9525, 5
5503, 6
5700, 5
10725, 6
6750, 4
5925, 5
2898, 4
8175, 5
5850, 4
7042, 6
3783, 4
7500, 5
8025, 6
4050, 4
5392, 5
7875, 4
11925, 7
5400, 4
10350, 7
4725, 4
2884, 4
8250, 6
4050, 4
16050, 8
7950, 5
5250, 5
1482, 4
9825, 6
5010, 7
6172, 6
7575, 6
9375, 6
6075, 4
9375, 6
1759, 4
10950, 6
9150, 6
8475, 6
5475, 5
8550, 4
7050, 5
9300, 5
7125, 6
8025, 6
11025, 7
2873, 4
6375, 5
10425, 5
6825, 5
4099, 5
4725, 4
8625, 5
1979, 5
2693, 5
5700, 5
5175, 4
2539, 5
2533, 4
3713, 6
2925, 4
5025, 5
4283, 5
2244, 5
4275, 4
7800, 6
5475, 5
3404, 4
2412, 5
5732, 6
5049, 6
7500, 5
2873, 4
3626, 6
4524, 5
5925, 5
6600, 5
7800, 6
5392, 5
3174, 5
11025, 7
7050, 5
3586, 6
2835, 5
1303, 5
2412, 5
5600, 7
6174, 6
9593, 7
2091, 5
9225, 7
7125, 6
8025, 6
6600, 5
8925, 6
5475, 5
8475, 6
4650, 3
7350, 6
6150, 5
7050, 5
8850, 5
5625, 4
6825, 5
11625, 6
3594, 5
9975, 5
4977, 5
3212, 5
9375, 6
7950, 5
5025, 5
10650, 5
5925, 5
5250, 5
5175, 4
5925, 5
6150, 5
9825, 6
10725, 6
5700, 5
6624, 6
8424, 6
6600, 5
5026, 5
7050, 5
2925, 4
1500, 3
9450, 7
5700, 5
3849, 5
8925, 6
2839, 6
5700, 5
5925, 5
4388, 6
10350, 7
7350, 6
5925, 5
6600, 5
6375, 5
9600, 6
8400, 5
5925, 5
7500, 5
8400, 5
9150, 6
4431, 6
9150, 6
4946, 5
5250, 5
7275, 5
8925, 6
9150, 6
3075, 3
6900, 6
9150, 6
3423, 5
6900, 6
5925, 5
6825, 5
3375, 4
7275, 5
8925, 6
9150, 6
2352, 6
7500, 5
3648, 5
4875, 3
4500, 4
11625, 6
7050, 5
4950, 4
4657, 6
4773, 5
4275, 4
11775, 5
4275, 4
6900, 6
4800, 5
3375, 4
5100, 6
6600, 5
6150, 5
6375, 5
1524, 4
4074, 5
3566, 5
6600, 5
6600, 5
7725, 5
1074, 4
7575, 6
2448, 4
4323, 5
4575, 5
7575, 6
3932, 5
6600, 5
3075, 3
11700, 7
3586, 6
6225, 6
2245, 5
5700, 5
8475, 6
6900, 6
7050, 5
8700, 6
7125, 6
4350, 5
1275, 3
5400, 4
7050, 5
11400, 6
7098, 6
7875, 7
4998, 5
7050, 5
3525, 3
3600, 4
3894, 6
1998, 4
11025, 7
7950, 5
8250, 6
6600, 5
6375, 5
6150, 5
7500, 5
7050, 5
7125, 6
13725, 7
3825, 4
8400, 5
5700, 5
7350, 6
3109, 4
10350, 7
6375, 5
5823, 4
1998, 4
8475, 6
11700, 7
4275, 4
1548, 4
6450, 6
2731, 4
5475, 5
11925, 7
1979, 5
3402, 6
6375, 5
7950, 5
2626, 5
7725, 5
8925, 6
6675, 6
5700, 5
662, 6
6000, 6
2850, 3
3772, 4
7950, 5
6300, 4
1275, 3
4548, 5
5025, 5
6573, 5
7725, 5
7125, 6
6375, 5
8025, 6
7425, 4
5925, 5
6623, 6
7575, 6
7275, 5
6150, 5
6375, 5
2400, 3
8250, 6
4050, 4
4800, 5
4725, 4
6825, 5
9825, 6
4725, 4
4950, 4
5025, 5
6825, 5
5274, 6
3873, 5
348, 3
9825, 6
7275, 5
14175, 7
3296, 4
5175, 4
7950, 5
2540, 5
1548, 4
2475, 4
8625, 5
9525, 5
7725, 5
9825, 6
4725, 4
8025, 6
5223, 5
6600, 5
8925, 6
5700, 5
5025, 5
5424, 5
5700, 5
4299, 5
4749, 5
6399, 6
2581, 5
4275, 4
8700, 6
6375, 5
5475, 5
8400, 5
573, 3
8250, 6
5925, 5
7725, 5
5523, 6
6450, 6
3099, 4
2625, 3
5475, 5
6198, 6
10050, 6
4836, 5
7125, 6
8400, 5
8925, 6
5925, 5
6375, 5
5250, 5
5250, 5
8700, 6
4800, 5
5700, 5
3375, 4
3375, 4
7275, 5
8250, 6
2635, 6
2694, 5
5025, 5
7800, 6
6450, 6
3398, 5
5925, 5
8475, 6
6600, 5
7050, 5
1967, 5
11700, 7
10575, 7
8175, 5
615, 5
2084, 4
6825, 5
6825, 5
5850, 4
4350, 5
9375, 6
5475, 5
6450, 6
5850, 4
5250, 5
6900, 6
581, 4
7725, 5
6000, 6
5925, 5
6825, 5
7050, 5
4582, 6
2953, 6
585, 4
8925, 6
10275, 6
8468, 7
3455, 5
9150, 6
5250, 5
3849, 5
1758, 4
7050, 5
10725, 6
5775, 6
9150, 6
9600, 6
4950, 4
5925, 5
5973, 6
7275, 5
4950, 4
7050, 5
6000, 6
5700, 5
9900, 7
3825, 4
1382, 4
2483, 6
4575, 5
8025, 6
5925, 5
6225, 6
8025, 6
1074, 4
2468, 5
8475, 6
5475, 5
8625, 5
7500, 5
7575, 6
3600, 4
7725, 5
3482, 5
6375, 5
2694, 5
1943, 4
5475, 5
5400, 4
5475, 5
8925, 6
1294, 5
7575, 6
6825, 5
8925, 6
9375, 6
4323, 5
3648, 5
7050, 5
8850, 5
798, 3
2925, 4
4800, 5
5475, 5
6825, 5
1318, 5
9150, 6
3011, 5
6150, 5
4575, 5
6368, 6
8025, 6
6825, 5
4749, 5
5925, 5
4575, 5
8175, 5
7575, 6
4524, 5
7575, 6
4623, 6
7050, 5
1323, 4
5499, 6
6000, 6
1806, 5
6375, 5
4800, 5
7350, 6
3150, 4
4050, 4
8700, 6
3600, 4
4950, 4
324, 3
5475, 5
877, 5
7500, 5
2850, 3
2452, 5
7950, 5
6600, 5
7050, 5
1102, 5
3600, 4
4800, 5
11175, 6
4500, 4
4500, 4
6525, 4
4787, 7
6600, 5
6067, 5
5131, 6
5025, 5
7050, 5
3116, 5
5250, 5
7062, 6
6900, 6
4725, 4
8199, 6
2850, 3
4548, 5
5700, 5
3200, 5
1979, 5
4760, 5
4773, 5
5625, 4
10458, 8
7725, 5
6375, 5
8400, 5
7395, 6
5625, 4
6450, 6
7125, 6
11250, 7
7950, 5
5392, 5
8400, 5
7275, 5
6600, 5
3075, 3
9825, 6
7050, 5
6825, 5
8700, 6
6900, 6
5175, 4
8051, 7
7725, 5
5700, 5
4275, 4
7275, 5
4074, 5
5250, 5
5925, 5
8025, 6
5475, 5
5424, 5
9825, 6
6675, 6
6123, 5
4125, 5
6150, 5
6375, 5
4149, 6
6375, 5
7725, 5
6825, 5
7500, 5
9600, 6
3600, 4
4323, 5
8073, 7
6150, 5
6150, 5
579, 4
5025, 5
5975, 6
8775, 7
1098, 4
3116, 5
1050, 3
5025, 5
1867, 5
6000, 6
7492, 6
5550, 6
7275, 5
3900, 5
8700, 6
11400, 6
6375, 5
11475, 7
6825, 5
3913, 6
3825, 4
5700, 5
1078, 5
5298, 6
9675, 7
6198, 6
9375, 6
8025, 6
7800, 6
2973, 5
4275, 4
3399, 5
2925, 4
5925, 5
7125, 6
6000, 6
3127, 5
5850, 4
364, 5
5973, 6
5250, 5
7760, 6
7800, 6
3600, 4
4098, 5
4350, 5
5775, 6
5250, 5
8250, 6
5325, 6
9750, 5
3398, 5
6900, 6
8250, 6
2023, 5
10275, 6
5925, 5
8025, 6
9075, 5
10050, 6
4881, 6
3150, 4
7275, 5
10050, 6
7500, 5
5185, 6
4824, 6
4125, 5
2949, 5
6900, 6
1078, 5
6450, 6
6450, 6
1298, 6
2651, 5
1465, 4
3403, 6
6600, 5
4800, 5
3962, 5
2091, 5
4291, 6
2872, 4
1791, 4
2612, 5
1679, 4
2276, 5
10050, 6
8250, 6
5475, 5
8025, 6
2164, 5
1940, 5
1255, 5
2388, 5
5700, 5
6150, 5
8100, 7
6000, 6
2687, 4
2500, 5
1455, 4
1567, 4
4150, 6
5701, 5
8250, 6
9900, 7
1679, 4
1828, 5
2724, 5
1903, 4
4524, 5
7575, 6
2748, 5
5302, 7
9150, 6
5925, 5
881, 5
364, 5
4500, 4
4950, 4
5673, 5
6375, 5
5925, 5
7275, 5
6150, 5
6150, 5
6150, 5
7800, 6
7800, 6
2475, 4
9150, 6
6600, 5
873, 4
9150, 6
4050, 4
9600, 6
1777, 5
5475, 5
4350, 5
4528, 6
6375, 5
8625, 5
8250, 6
7575, 6
7275, 5
4800, 5
1119, 4
2015, 4
2052, 5
181, 4
6900, 6
3900, 5
3540, 5
5700, 5
2052, 5
2500, 5
1367, 5
2052, 5
3600, 4
5073, 6
3198, 5
10050, 6
173, 3
3097, 6
1716, 5
578, 5
7050, 5
6900, 6
8700, 6
7275, 5
2276, 5
546, 4
1018, 4
2724, 5
5025, 5
4102, 6
6300, 4
5298, 6
6150, 5
5748, 6
6150, 5
7050, 5
7050, 5
3825, 4
2925, 4
7575, 6
628, 3
8700, 6
4938, 6
7050, 5
6600, 5
1854, 6
6000, 6
6675, 6
2835, 5
5325, 6
9975, 5
4800, 5
7725, 5
362, 5
7085, 6
7275, 5
6825, 5
6873, 6
6969, 7
1329, 5
8700, 6
1661, 4
9450, 7
2891, 5
1492, 5
546, 4
2052, 5
1940, 5
8025, 6
3873, 5
4650, 3
2302, 6
2263, 5
550, 5
2052, 5
2052, 5
8925, 6
5700, 5
8775, 7
4749, 5
2388, 5
1110, 5
1940, 5
1007, 4
6750, 4
5475, 5
4173, 6
4098, 5
1940, 5
970, 3
434, 4
181, 4
2175, 3
1870, 4
5475, 5
7575, 6
4575, 5
10500, 6
5475, 5
6075, 4
4050, 4
6174, 6
7350, 6
7050, 5
11850, 6
8025, 6
348, 3
7275, 5
5223, 5
883, 6
6825, 5
10275, 6
8925, 6
1275, 3
1554, 5
7125, 6
7500, 5
1158, 4
6375, 5
6450, 6
5833, 6
5250, 5
8700, 6
7050, 5
7500, 5
3257, 5
7125, 6
7575, 6
1604, 5
149, 2
2276, 5
1803, 5
10275, 6
3450, 5
8475, 6
3150, 4
1940, 5
1903, 4
1018, 4
1604, 5
5400, 4
4848, 6
6150, 5
4102, 6
1119, 4
1022, 5
2052, 5
1479, 5
6825, 5
2835, 5
8625, 5
4725, 4
1828, 5
1791, 4
2388, 5
1799, 5
7324, 6
5960, 6
8025, 6
7299, 6
2700, 4
2976, 5
5700, 5
4343, 6
3600, 4
6150, 5
10425, 8
11250, 7
9600, 6
697, 4
6600, 5
5625, 4
5250, 5
4098, 5
6600, 5
6348, 5
8700, 6
6624, 6
6450, 6
5700, 5
9600, 6
4275, 4
2002, 5
4650, 6
7800, 6
7800, 6
4581, 6
5925, 5
4500, 4
5475, 5
5475, 5
5700, 5
4524, 5
2925, 4
3648, 5
3648, 5
3100, 5
8475, 6
7725, 5
2019, 5
6375, 5
2590, 4
4599, 6
3399, 5
8175, 5
6825, 5
1548, 4
6600, 5
7575, 6
6825, 5
8250, 6
1050, 3
1749, 4
3306, 6
9975, 5
5025, 5
7323, 6
5700, 5
6000, 6
7500, 5
8475, 6
6450, 6
5448, 5
5448, 5
7385, 7
3255, 5
3633, 5
5625, 4
1943, 4
4800, 5
5649, 5
3398, 5
6825, 5
1137, 5
9774, 6
7275, 5
577, 4
6600, 5
1382, 4
4050, 4
6900, 6
4050, 4
364, 5
1275, 3
11025, 7
8475, 6
5025, 5
7050, 5
5523, 6
6600, 5
9150, 6
348, 3
5250, 5
4573, 6
8475, 6
7500, 5
10800, 7
2976, 5
3873, 5
3873, 5
6150, 5
7275, 5
10275, 6
6150, 5
6600, 5
8273, 7
5025, 5
5250, 5
3600, 4
5700, 5
6750, 4
6600, 5
6423, 6
7050, 5
825, 3
6150, 5
5748, 6
5250, 5
2925, 4
4098, 5
7275, 5
511, 4
7875, 7
1420, 4
8475, 6
6825, 5
2694, 5
4548, 5
7575, 6
10350, 7
4725, 4
4102, 6
9075, 5
7725, 5
6825, 5
11475, 7
6375, 5
8925, 6
7050, 5
3825, 4
3025, 6
6825, 5
2166, 4
8250, 6
3549, 4
5175, 4
10500, 6
3774, 4
11475, 7
4500, 4
5700, 5
11025, 7
6648, 6
7050, 5
1725, 3
6600, 5
4725, 4
5925, 5
6375, 5
4650, 3
9600, 6
8700, 6
358, 5
8250, 6
6825, 5
2918, 5
3304, 6
7725, 5
6450, 6
6600, 5
4725, 4
7050, 5
6825, 5
1552, 5
7575, 6
1500, 3
7500, 5
8250, 6
9600, 6
8025, 6
4942, 5
5925, 5
4599, 6
4875, 3
8700, 6
8850, 5
7725, 5
6375, 5
7500, 5
8400, 5
2850, 3
5250, 5
3150, 4
7125, 6
8475, 6
1773, 4
9150, 6
2700, 4
7050, 5
5700, 5
6750, 4
8475, 6
6375, 5
4998, 5
5850, 4
4950, 4
7350, 6
6675, 6
6375, 5
7275, 5
5475, 5
3825, 4
8400, 5
11250, 7
4350, 5
3120, 6
3825, 4
3539, 5
3846, 6
5700, 5
2448, 4
6150, 5
5925, 5
8925, 6
9150, 6
5850, 4
3600, 4
5700, 5
2107, 5
2357, 5
5925, 5
5476, 5
4299, 5
8250, 6
2475, 4
6825, 5
8025, 6
7800, 6
7623, 7
5475, 5
6150, 5
5700, 5
8175, 5
3198, 5
4725, 4
7800, 6
1275, 3
6375, 5
11475, 7
5475, 5
5223, 5
9600, 6
3825, 4
5250, 5
3825, 4
1322, 6
6375, 5
5533, 5
5700, 5
4173, 6
4125, 5
9150, 6
300, 2
10725, 6
4355, 5
3150, 4
4500, 4
7575, 6
7725, 5
6873, 6
6150, 5
2835, 5
6900, 6
5250, 5
4950, 4
6900, 6
3877, 6
6825, 5
1661, 4
4175, 6
9150, 6
5250, 5
11400, 6
9075, 5
7800, 6
5025, 5
7575, 6
4760, 7
2724, 5
1007, 4
2425, 6
1343, 4
4573, 6
9150, 6
9375, 6
5475, 5
1940, 5
2164, 5
1791, 4
1791, 4
4500, 4
7050, 5
6600, 5
300, 2
2276, 5
434, 4
434, 4
1343, 4
6600, 5
7500, 5
5250, 5
2298, 5
1567, 4
1791, 4
1167, 5
2015, 4
2835, 5
1080, 5
7725, 5
7575, 6
5925, 5
7126, 6
7275, 5
1967, 5
9375, 6
5250, 5
8250, 6
6225, 6
6825, 5
5700, 5
3117, 5
9075, 5
3304, 6
5925, 5
8475, 6
4950, 4
7350, 6
3930, 6
5925, 5
5475, 5
10800, 7
5700, 5
4974, 5
3399, 5
7725, 5
5842, 6
8550, 7
8175, 5
6150, 5
8550, 7
4050, 4
6675, 6
1716, 5
1791, 4
2052, 5
2276, 5
6600, 5
5175, 6
2694, 5
4942, 5
2276, 5
2145, 5
1940, 5
2276, 5
6825, 5
4500, 4
6375, 5
7275, 5
1231, 4
1567, 4
1492, 5
2052, 5
4500, 4
6375, 5
5475, 5
7350, 6
1828, 5
2276, 5
1567, 4
646, 4
3849, 5
5073, 6
5250, 5
6150, 5
6123, 5
6825, 5
5700, 5
6198, 6
8025, 6
3600, 4
5925, 5
3600, 4
3873, 5
8250, 6
6600, 5
7725, 5
1275, 3
6900, 6
6900, 6
356, 4
6150, 5
5475, 5
7050, 5
5550, 6
9375, 6
6150, 5
7950, 5
7800, 6
5175, 4
7950, 5
10650, 8
5223, 5
6825, 5
5973, 6
2977, 6
4800, 5
1940, 5
2612, 5
2052, 5
970, 3
9450, 7
4800, 5
2107, 5
4350, 5
1330, 4
1828, 5
3184, 6
3060, 5
5925, 5
8250, 6
3360, 6
1080, 5
2052, 5
1828, 5
1119, 4
550, 5
7050, 5
3825, 4
5700, 5
3648, 5
1248, 5
2164, 5
546, 4
1604, 5
7500, 5
3600, 4
5550, 6
3873, 5
825, 3
12300, 6
300, 2
6150, 5
5842, 5
2925, 4
1430, 5
7800, 6
5925, 5
5925, 5
1773, 4
5700, 5
6450, 6
4323, 5
9375, 6
3150, 4
8925, 6
5025, 5
6375, 5
4299, 5
3300, 3
5250, 5
3225, 5
8700, 6
7098, 6
4950, 4
1548, 4
7800, 6
8025, 6
3873, 5
4923, 4
6273, 7
2500, 5
1940, 5
1470, 5
1367, 5
4130, 5
2949, 5
9675, 7
6900, 6
2724, 5
1828, 5
2164, 5
1716, 5
8250, 6
4950, 4
8925, 6
4050, 4
1136, 5
1007, 4
1231, 4
1679, 4
8564, 6
4770, 6
5925, 5
9450, 7
1828, 5
1567, 4
181, 4
1828, 5
4283, 5
2688, 6
4050, 4
7500, 5
7800, 6
3600, 4
2539, 5
849, 4
2908, 5
10125, 7
7500, 5
7950, 5
8700, 6
7350, 6
9600, 6
8175, 5
6450, 6
4098, 5
2091, 5
7698, 5
7800, 6
3600, 4
2191, 5
5475, 5
5617, 5
579, 4
6600, 5
6825, 5
7275, 5
8700, 6
9675, 7
5025, 5
8175, 5
8475, 6
10050, 6
1810, 6
7800, 6
6900, 6
849, 4
7125, 6
6225, 6
4327, 6
358, 4
7275, 5
2073, 5
6375, 5
9225, 7
10050, 6
2054, 4
2805, 5
5499, 6
6000, 6
2468, 5
7725, 5
1577, 4
9900, 7
4074, 5
7800, 6
3825, 4
4800, 5
10500, 6
7800, 6
4800, 5
7350, 6
4074, 5
5925, 5
8700, 6
8925, 6
5448, 5
5973, 6
6150, 5
5977, 7
1974, 4
2244, 5
10050, 6
7200, 4
5250, 5
5949, 6
4862, 5
4275, 4
4698, 4
2356, 5
5025, 5
2925, 4
7098, 6
8475, 6
6375, 5
8700, 6
7725, 5
4630, 6
1773, 4
8250, 6
2298, 5
6600, 5
6624, 6
1098, 4
2976, 5
5475, 5
4350, 5
4998, 5
5025, 5
348, 3
5025, 5
1773, 4
10050, 6
1275, 3
9075, 5
2223, 4
4773, 5
9600, 6
6600, 5
5925, 5
8475, 6
6818, 6
6150, 5
5250, 5
8250, 6
6825, 5
6375, 5
6174, 6
6750, 4
7800, 6
7500, 5
6225, 6
3198, 5
3150, 4
7800, 6
5250, 5
5175, 4
4725, 4
6900, 6
6150, 5
13950, 7
7500, 5
7275, 5
6825, 5
13200, 6
7725, 5
10350, 7
8100, 4
6825, 5
3300, 3
7125, 6
5025, 5
5925, 5
7299, 6
2062, 5
9000, 7
4575, 5
9150, 6
6150, 5
3117, 5
10650, 5
3825, 4
1979, 5
8250, 6
10275, 6
7500, 5
10575, 7
8250, 6
3825, 4
7350, 6
7725, 5
3648, 5
6150, 5
3825, 4
6375, 5
4575, 5
9375, 6
6675, 6
5925, 5
5025, 5
7275, 5
6375, 5
3586, 6
5700, 5
8025, 6
3624, 5
6375, 5
7125, 6
6375, 5
5925, 5
4725, 4
8700, 6
5925, 5
6375, 5
6600, 5
2700, 4
5925, 5
354, 4
6825, 5
8199, 6
7050, 5
7725, 5
4350, 5
3825, 4
8550, 7
9450, 7
8025, 6
4098, 5
5400, 4
6150, 5
5223, 5
5475, 5
5925, 5
9600, 6
6375, 5
7500, 5
3300, 3
3825, 4
4350, 5
6450, 6
348, 3
4848, 6
5250, 5
2748, 5
2953, 6
6825, 5
10275, 6
3482, 5
7350, 6
6450, 6
3901, 7
2925, 4
6825, 5
9150, 6
8625, 5
5025, 5
8025, 6
4800, 5
4374, 6
8025, 6
6600, 5
6150, 5
1327, 5
6150, 5
4098, 5
8025, 6
8250, 6
5250, 5
6375, 5
5025, 5
7575, 6
3163, 6
6225, 6
5325, 6
5475, 5
7725, 5
2700, 4
7275, 5
4125, 5
5475, 5
360, 4
1323, 4
3849, 5
8025, 6
5243, 6
6375, 5
4132, 6
3648, 5
3117, 5
4500, 4
7435, 6
6375, 5
5400, 4
7275, 5
4098, 5
7950, 5
5475, 5
9300, 5
8700, 6
7098, 6
348, 3
1871, 4
8475, 6
2031, 5
6825, 5
5475, 5
8250, 6
4575, 5
6273, 7
8250, 6
7050, 5
5250, 5
6150, 5
1554, 5
4749, 5
9375, 6
3116, 5
8700, 6
1749, 4
6150, 5
1791, 4
1927, 5
894, 5
410, 3
9525, 5
10050, 6
4125, 5
2973, 5
1604, 5
181, 4
1231, 4
1134, 5
5250, 5
6600, 5
6150, 5
6600, 5
1716, 5
2500, 5
1604, 5
2052, 5
4200, 3
5925, 5
1779, 5
4500, 4
1479, 5
1130, 4
2076, 6
1828, 5
8475, 6
4773, 5
4725, 4
6675, 6
348, 3
8550, 7
4350, 5
5025, 5
5175, 4
4303, 6
7725, 5
11925, 7
5475, 5
7050, 5
2130, 5
3123, 4
8025, 6
12075, 6
5700, 5
2298, 5
7500, 5
8199, 6
5700, 5
7350, 6
5475, 5
4800, 5
1919, 5
6450, 6
2400, 3
7350, 6
3398, 5
3648, 5
2973, 5
9150, 6
5475, 5
6723, 7
1604, 5
1703, 5
895, 4
1839, 5
5925, 5
3450, 5
1974, 4
6150, 5
1791, 4
2463, 4
1119, 4
1367, 5
8025, 6
5925, 5
9000, 7
2976, 5
858, 3
2276, 5
1791, 4
1716, 5
5925, 5
6150, 5
6375, 5
10800, 7
464, 5
434, 4
2015, 4
1679, 4
5079, 6
6900, 6
8700, 6
3163, 6
2980, 5
3059, 5
8700, 6
8700, 6
4190, 6
1942, 4
5775, 6
6675, 6
2850, 3
3022, 6
2539, 5
7950, 5
6375, 5
5700, 5
2166, 4
7050, 5
2249, 5
8700, 6
2553, 5
3853, 6
2412, 5
5925, 5
7275, 5
5441, 6
7500, 5
4800, 5
4150, 6
6900, 6
6900, 6
6900, 6
7125, 6
6150, 5
2276, 5
2276, 5
1380, 5
1367, 5
9450, 7
6900, 6
9150, 6
3059, 5
173, 3
1679, 4
2388, 5
181, 4
6429, 6
7950, 5
4660, 5
2800, 6
1679, 4
1679, 4
1436, 4
2015, 4
5079, 6
8250, 6
4599, 6
6900, 6
2239, 4
2164, 5
1455, 4
2612, 5
6150, 5
1812, 6
1725, 3
9375, 6
3900, 5
7548, 6
4575, 5
3733, 5
4950, 4
2835, 5
10350, 7
5898, 5
6150, 5
7848, 7
7275, 5
7575, 6
2227, 5
11550, 5
6150, 5
4998, 5
5523, 6
4350, 5
6150, 5
7800, 6
4725, 4
4950, 4
5925, 5
5475, 5
6075, 4
4575, 5
6450, 6
6825, 5
4725, 4
6600, 5
1773, 4
6675, 6
440, 5
1279, 5
1828, 5
1828, 5
7800, 6
8250, 6
360, 4
2523, 5
570, 4
1031, 5
1007, 4
522, 3
5025, 5
3624, 5
7800, 6
3825, 4
1940, 5
173, 3
772, 5
2015, 4
9825, 6
9375, 6
9675, 7
6225, 6
1119, 4
1828, 5
2157, 6
2388, 5
1616, 6
7575, 6
6825, 5
1382, 4
7125, 6
6825, 5
7800, 6
5308, 5
5625, 4
8700, 6
6600, 5
7275, 5
6825, 5
348, 3
8925, 6
2688, 6
9375, 6
7050, 5
9600, 6
4023, 4
6600, 5
1983, 4
6900, 6
5925, 5
701, 5
5175, 4
8175, 5
8250, 6
7350, 6
6225, 6
4773, 5
5700, 5
3375, 4
5973, 6
4125, 5
8775, 7
7500, 5
4098, 5
5250, 5
7050, 5
4862, 5
7098, 6
6150, 5
6450, 6
358, 4
6675, 6
3198, 5
6900, 6
5025, 5
1110, 6
8223, 6
2973, 5
6000, 6
7275, 5
3501, 6
7575, 6
4797, 6
7800, 6
4575, 5
5025, 5
324, 3
3600, 4
1826, 5
4045, 6
3116, 5
5925, 5
7950, 5
4548, 5
1698, 6
6150, 5
3375, 4
9225, 7
4725, 4
7500, 5
3825, 4
6600, 5
7275, 5
7350, 6
6825, 5
1793, 3
14250, 8
1406, 5
7800, 6
573, 3
5925, 5
3150, 4
4548, 5
6174, 6
9375, 6
8700, 6
3873, 5
7800, 6
5073, 6
5960, 6
4196, 5
2694, 5
4575, 5
4800, 5
8523, 7
2754, 6
9825, 6
3198, 5
9375, 6
6150, 5
8175, 5
6225, 6
9375, 6
5002, 6
5298, 6
6675, 6
1554, 5
4431, 6
3825, 4
6375, 5
4950, 4
6975, 4
4800, 5
9900, 7
2925, 4
8250, 6
6174, 6
1661, 4
7050, 5
5100, 6
4500, 4
7575, 6
7725, 5
3459, 6
8925, 6
6600, 5
2805, 5
7275, 5
1494, 4
6375, 5
6825, 5
6375, 5
6000, 3
3075, 3
5925, 5
7425, 4
2541, 5
6075, 4
4752, 5
8475, 6
8025, 6
6600, 5
5408, 5
6099, 5
5625, 4
7050, 5
8550, 7
8175, 5
5625, 4
9600, 6
7575, 6
9825, 6
1323, 4
7050, 5
6375, 5
5925, 5
5175, 4
5073, 6
7575, 6
6375, 5
7575, 6
348, 3
5925, 5
8700, 6
5400, 4
5250, 5
5025, 5
6150, 5
6825, 5
4425, 6
1500, 3
5475, 5
8100, 7
6375, 5
6227, 6
4773, 5
7275, 5
4800, 5
3600, 4
3586, 6
8025, 6
6375, 5
2402, 5
8250, 6
7800, 6
5775, 6
5700, 5
3681, 5
9375, 6
7500, 5
4050, 4
6675, 6
7985, 6
5475, 5
7800, 6
4125, 5
3750, 3
5775, 6
4248, 4
10350, 7
11250, 7
6075, 4
8700, 6
5250, 5
3573, 4
8400, 5
5475, 5
5224, 5
10275, 6
5925, 5
5700, 5
5700, 5
9150, 6
7125, 6
2091, 5
2132, 5
6924, 7
9675, 7
8475, 6
5167, 5
4050, 4
7275, 5
4998, 5
1050, 3
7125, 6
5523, 6
6423, 6
7275, 5
9672, 6
5925, 5
5775, 6
7125, 6
5925, 5
4050, 4
2973, 5
5700, 5
1098, 4
2031, 5
4350, 5
6150, 5
8475, 6
9825, 6
6900, 6
5700, 5
12900, 8
5700, 5
6849, 6
4572, 6
6375, 5
5025, 5
2700, 4
5925, 5
7275, 5
623, 6
8250, 6
3423, 5
5475, 5
9600, 6
5298, 6
2475, 4
6525, 4
5775, 6
7950, 5
3375, 4
5475, 5
7125, 6
9457, 7
8025, 6
5775, 6
5523, 6
7575, 6
6225, 6
5250, 5
9375, 6
3825, 4
7350, 6
1327, 5
1430, 5
6225, 6
11025, 7
849, 4
2298, 5
5475, 5
6000, 6
5025, 5
8475, 6
8250, 6
6174, 6
2836, 5
181, 4
1828, 5
2388, 5
7275, 5
4548, 5
8025, 6
8700, 6
2388, 5
1007, 4
2052, 5
1940, 5
7050, 5
2973, 5
6825, 5
6825, 5
2127, 4
1679, 4
2724, 5
1591, 5
8925, 6
5250, 5
5949, 6
6675, 6
1940, 5
183, 4
522, 3
1791, 4
3375, 4
3423, 5
9675, 7
5550, 6
5850, 4
5475, 5
10575, 7
6825, 5
10800, 7
7950, 5
8850, 5
3075, 3
3075, 3
6600, 5
4500, 4
1074, 4
5898, 5
348, 3
8250, 6
6423, 6
1554, 5
7500, 5
4350, 5
4725, 4
8925, 6
6600, 5
5925, 5
11025, 7
7275, 5
5475, 5
4050, 4
1074, 4
3375, 4
8925, 6
4575, 5
7500, 5
2164, 5
1940, 5
1391, 5
2487, 5
1074, 4
1826, 5
2694, 5
5700, 5
1330, 4
1455, 4
1492, 5
2052, 5
3300, 3
370, 6
881, 5
9450, 7
1130, 4
2500, 5
1343, 4
2500, 5
5850, 4
7575, 6
4050, 4
5250, 5
1479, 5
1082, 3
546, 4
2612, 5
7275, 5
9900, 7
358, 4
1434, 6
4252, 5
6600, 5
4800, 5
6849, 6
4275, 4
656, 5
6600, 5
5025, 5
354, 4
1500, 3
7275, 5
797, 5
8700, 6
1654, 5
4350, 5
10275, 6
4800, 5
8673, 6
8250, 6
7074, 6
4725, 4
4773, 5
2748, 5
9150, 6
5025, 5
5025, 5
3150, 4
5250, 5
4950, 4
9198, 7
8250, 6
8475, 6
776, 5
1343, 4
1716, 5
1479, 5
6198, 6
5925, 5
1554, 5
6600, 5
1136, 5
1903, 4
1604, 5
2164, 5
3445, 6
8625, 5
9450, 7
6900, 6
1455, 4
1716, 5
1716, 5
2052, 5
6825, 5
9375, 6
5475, 5
4350, 5
1604, 5
1231, 4
1567, 4
1828, 5
3375, 4
2355, 5
6375, 5
7350, 6
6150, 5
5475, 5
5925, 5
3211, 5
8925, 6
4187, 5
6150, 5
7350, 6
5700, 5
4725, 4
7725, 5
2428, 5
2250, 4
7350, 6
3120, 6
7800, 6
7125, 6
7275, 5
5925, 5
3200, 5
7800, 6
5250, 5
8250, 6
2609, 5
5700, 5
8025, 6
9150, 6
4984, 5
7125, 6
4725, 4
6600, 5
3901, 5
2164, 5
187, 5
183, 4
1567, 4
6675, 6
2724, 5
8274, 7
8250, 6
2388, 5
2164, 5
2052, 5
2276, 5
5250, 5
6675, 6
6825, 5
8475, 6
1604, 5
2388, 5
1679, 4
2723, 6
5956, 5
7050, 5
3482, 5
3058, 6
895, 4
2948, 5
2060, 6
1212, 4
1716, 5
6600, 5
5700, 5
994, 4
3723, 6
7050, 5
5700, 5
5250, 5
9750, 5
4050, 4
5615, 6
4848, 6
1455, 4
1940, 5
8250, 6
6600, 5
6525, 4
4350, 5
2835, 5
9375, 6
8298, 7
7050, 5
6573, 5
5475, 5
4214, 5
7800, 6
5700, 5
7575, 6
5649, 5
4050, 4
7800, 6
2482, 5
2388, 5
4908, 6
3423, 5
7725, 5
4500, 4
3198, 5
3304, 6
4050, 4
3707, 5
2694, 5
6375, 5
1119, 4
4050, 4
4118, 6
5724, 6
10050, 6
3150, 4
5523, 6
9375, 6
4974, 5
8700, 6
7950, 5
4350, 5
6825, 5
6825, 5
4773, 5
7950, 5
3427, 6
68, 4
8850, 5
3798, 4
4398, 6
9150, 6
6450, 6
5925, 5
8025, 6
5250, 5
6000, 6
3375, 4
2002, 5
3423, 5
8475, 6
5925, 5
2015, 4
6225, 6
7050, 5
5400, 4
5550, 6
4350, 5
8175, 5
9600, 6
6375, 5
6150, 5
6225, 6
4323, 5
6600, 5
8250, 6
5700, 5
2748, 5
6450, 6
4950, 4
4042, 5
798, 3
5400, 4
3029, 5
7800, 6
5325, 6
2724, 5
6150, 5
6150, 5
6825, 5
3150, 4
5625, 4
5475, 5
7275, 5
4275, 4
1367, 5
5475, 5
10725, 6
5925, 5
2245, 5
5445, 6
6600, 5
7725, 5
4725, 4
6825, 5
8700, 6
4773, 5
6450, 6
5925, 5
7800, 6
10125, 7
6423, 6
6059, 6
7500, 5
5475, 5
6300, 4
1791, 4
5250, 5
1248, 3
4950, 4
5475, 5
5925, 5
5250, 5
6348, 5
6150, 5
10275, 6
7575, 6
5973, 6
4575, 5
4950, 4
7800, 6
7098, 6
1903, 4
8175, 5
8400, 5
5250, 5
5850, 4
4500, 4
9000, 7
5475, 5
7125, 6
7800, 6
4125, 5
5475, 5
5673, 5
10575, 7
3423, 5
8700, 6
9375, 6
5274, 6
8400, 5
7575, 6
5973, 6
6000, 6
5025, 5
2388, 5
4725, 4
1812, 4
6150, 5
2724, 5
7074, 6
10575, 7
5925, 5
4950, 4
8250, 6
4800, 5
3198, 5
3573, 4
2023, 5
6825, 5
5475, 5
6873, 6
6750, 4
8250, 6
9300, 5
6600, 5
3873, 5
7575, 6
7125, 6
328, 4
5250, 5
8475, 6
11400, 6
1382, 4
5250, 5
10275, 6
9900, 7
1318, 5
3764, 5
7050, 5
5700, 5
5850, 4
2818, 5
7998, 6
4248, 4
5475, 5
9150, 6
9825, 6
7800, 6
5250, 5
2388, 5
579, 4
6798, 5
4725, 4
8250, 6
7575, 6
5700, 5
2298, 5
10050, 6
8850, 5
6860, 6
6375, 5
1355, 5
4974, 5
1643, 5
11025, 7
2130, 5
5101, 6
1679, 4
6450, 6
4800, 5
9375, 6
7275, 5
7125, 6
4595, 6
5159, 6
1104, 5
2203, 5
1007, 4
2617, 4
8223, 6
7575, 6
7350, 6
4050, 4
5250, 5
5475, 5
5700, 5
10275, 6
5475, 5
5274, 6
2276, 5
7575, 6
8025, 6
5250, 5
5025, 5
8025, 6
3648, 5
7950, 5
10425, 5
11625, 6
4725, 4
4350, 5
1382, 4
5250, 5
7050, 5
1270, 4
9300, 5
10950, 6
4725, 4
7800, 6
5025, 5
6150, 5
6225, 6
4350, 5
9150, 6
5925, 5
1814, 5
5475, 5
5223, 5
3600, 4
6677, 6
6600, 5
5700, 5
4323, 5
5925, 5
3707, 5
7725, 5
5475, 5
5468, 6
5625, 4
7850, 7
4848, 6
5700, 5
8925, 6
4524, 5
4200, 3
5250, 5
1777, 5
585, 4
9000, 7
6423, 6
4275, 4
7050, 5
3257, 5
6375, 5
2546, 4
5925, 5
7950, 5
5250, 5
5025, 5
7725, 5
4275, 4
9825, 6
6375, 5
4098, 5
7800, 6
4296, 6
6198, 6
8175, 5
5475, 5
6825, 5
12825, 7
1554, 5
7050, 5
11400, 6
5625, 4
4974, 5
2321, 4
5025, 5
4908, 6
5475, 5
3399, 5
7050, 5
9825, 6
300, 2
8475, 6
2835, 5
7575, 6
6185, 6
5748, 6
6825, 5
7575, 6
7125, 6
5758, 5
3600, 4
7725, 5
7050, 5
1940, 5
8250, 6
9300, 5
5250, 5
6150, 5
5523, 6
8175, 5
4050, 4
5925, 5
804, 4
2203, 5
4050, 4
2147, 6
4206, 6
6825, 5
5025, 5
6375, 5
4127, 6
7725, 5
3150, 4
6600, 5
7800, 6
2835, 5
6375, 5
7725, 5
1915, 5
6450, 6
2227, 5
7350, 6
5250, 5
3907, 6
873, 4
8475, 6
3375, 4
8250, 6
15975, 7
2132, 5
2500, 5
7548, 6
8925, 6
2529, 6
3198, 5
3900, 5
7350, 6
1777, 5
5049, 6
3600, 4
7950, 5
3375, 4
4950, 4
2653, 5
5475, 5
4252, 5
8175, 5
7800, 6
8250, 6
6450, 6
4275, 4
5250, 5
2805, 5
6150, 5
8250, 6
5625, 4
5700, 5
4350, 5
6900, 6
3825, 4
4050, 4
4950, 4
11475, 7
6900, 6
8625, 5
2164, 5
4350, 5
8700, 6
3648, 5
10350, 7
5925, 5
4548, 5
8250, 6
2388, 5
356, 4
4725, 4
5073, 6
6600, 5
5025, 5
1867, 5
9525, 5
1791, 4
6300, 4
5175, 4
8700, 6
5400, 4
2002, 5
7350, 6
1466, 4
4465, 5
6450, 6
3341, 5
364, 5
149, 3
6873, 6
4528, 6
6450, 6
5250, 5
3900, 5
2276, 5
5925, 5
2976, 5
5700, 5
7050, 5
16500, 8
9825, 6
4809, 6
1270, 4
5250, 5
2315, 5
2553, 5
1382, 4
7500, 5
3791, 5
6375, 5
3075, 3
7299, 6
9600, 6
6150, 5
4125, 5
9375, 6
8325, 7
5175, 4
7950, 5
7125, 6
5700, 5
6825, 5
7050, 5
806, 4
7275, 5
6375, 5
1940, 5
525, 2
7275, 5
6001, 6
360, 4
3211, 5
4098, 5
5674, 5
5136, 6
8025, 6
6450, 6
3600, 4
5140, 5
6600, 5
7350, 6
7275, 5
4524, 5
3652, 6
10125, 7
5475, 5
5625, 4
7350, 6
4524, 5
6825, 5
8025, 6
4074, 5
6375, 5
5475, 5
1102, 5
7050, 5
4749, 5
8925, 6
4779, 6
1998, 4
6900, 6
8700, 6
7050, 5
2164, 5
4524, 5
5250, 5
3375, 4
6375, 5
5925, 5
3600, 4
581, 4
8250, 6
4125, 5
3624, 5
5925, 5
10425, 5
6150, 5
6150, 5
1567, 4
4800, 5
3086, 5
5700, 5
4875, 6
5925, 5
6198, 6
10500, 6
6825, 5
7050, 5
1661, 4
7050, 5
6375, 5
4323, 5
8850, 5
358, 4
1828, 5
690, 5
3022, 6
1318, 5
5250, 5
623, 6
7575, 6
7085, 6
5700, 5
7275, 5
4524, 5
6375, 5
1479, 5
3825, 4
4500, 4
7725, 5
6825, 5
7275, 5
1716, 5
7124, 7
5625, 4
4773, 5
7050, 5
9375, 6
2688, 6
8925, 6
4275, 4
581, 4
6150, 5
9225, 7
8025, 6
5250, 5
7875, 7
5499, 6
6900, 6
8475, 6
5475, 5
2448, 4
6900, 6
5700, 5
3600, 4
9825, 6
1749, 4
4998, 5
6900, 6
7500, 5
10875, 5
7350, 6
2052, 5
6900, 6
6375, 5
7275, 5
4350, 5
7125, 6
4350, 5
5175, 4
6825, 5
6375, 5
5625, 4
5475, 5
7500, 5
2700, 4
2835, 5
4800, 5
2015, 4
3423, 5
6600, 5
7800, 6
8925, 6
4500, 4
2164, 5
5625, 4
7800, 6
9375, 6
5298, 6
6873, 6
4575, 5
4275, 4
4150, 6
3141, 5
1158, 4
3825, 4
2276, 5
9825, 6
8700, 6
7500, 5
4323, 5
7875, 7
1950, 3
1158, 4
6975, 4
5221, 6
5925, 5
2164, 5
1528, 5
6825, 5
6150, 5
3291, 6
6300, 4
8025, 6
5250, 5
12150, 7
1974, 4
7800, 6
8025, 6
10950, 6
7725, 5
2874, 4
6150, 5
4050, 4
9825, 6
7800, 6
8223, 6
6873, 6
6825, 5
10050, 6
6324, 5
5250, 5
8925, 6
1102, 5
6143, 6
1104, 5
1323, 4
4575, 5
5625, 4
8475, 6
360, 4
5025, 5
8483, 7
8850, 5
7425, 4
1903, 4
6450, 6
8700, 6
12075, 6
10275, 6
5925, 5
7050, 5
5202, 6
6150, 5
5073, 6
4299, 5
7125, 6
9600, 6
3133, 5
3284, 5
11700, 7
6675, 6
5925, 5
2625, 3
5025, 5
5925, 5
4950, 4
4800, 5
4575, 5
8025, 6
1299, 4
7125, 6
2918, 5
8175, 5
12825, 7
7050, 5
4575, 5
1998, 4
2500, 5
4800, 5
8172, 7
2553, 5
7125, 6
4248, 4
8700, 6
4824, 6
5250, 5
4350, 5
9525, 5
4275, 4
12375, 7
17400, 8
6900, 6
6375, 5
5700, 5
3238, 4
5874, 5
1098, 4
6450, 6
3399, 5
5925, 5
7500, 5
7299, 6
6600, 5
6975, 4
5475, 5
2468, 5
7301, 7
4275, 4
5925, 5
3539, 5
5925, 5
2925, 4
522, 3
10800, 7
2468, 5
6220, 5
5250, 5
11175, 6
4575, 5
4800, 5
6675, 6
6375, 5
1604, 5
173, 3
2976, 5
5475, 5
7050, 5
8250, 6
8700, 6
4575, 5
1903, 4
5700, 5
10725, 6
4548, 5
1343, 4
2428, 5
6600, 5
1777, 5
4275, 4
581, 4
7575, 6
6000, 6
2243, 5
546, 4
5025, 5
6600, 5
4323, 5
4078, 6
561, 3
4157, 5
7050, 5
8250, 6
364, 5
9375, 6
6600, 5
3030, 5
970, 3
6150, 5
9225, 7
6375, 5
6900, 6
2203, 5
8025, 6
6450, 6
4173, 6
1143, 5
5175, 4
4824, 6
3482, 5
7125, 6
11175, 6
7275, 5
7125, 6
5700, 5
8025, 6
8550, 7
8700, 6
5700, 5
4714, 6
5250, 5
4800, 5
6375, 5
4800, 5
2973, 5
5475, 5
6675, 6
4773, 5
7650, 7
300, 2
5327, 6
3000, 5
1554, 5
7350, 6
6375, 5
3075, 3
4528, 6
5298, 6
8475, 6
7350, 6
4800, 5
8925, 6
10050, 6
10800, 7
4098, 5
4575, 5
6150, 5
8301, 7
1828, 5
3600, 4
1206, 4
4548, 5
573, 3
5025, 5
4800, 5
8400, 5
2925, 4
5175, 4
3825, 4
4572, 6
7575, 6
2175, 3
4770, 6
4275, 4
1594, 4
1950, 5
7125, 6
8250, 6
6450, 6
9150, 6
5748, 6
5673, 5
2039, 5
4800, 5
3198, 5
3375, 4
7575, 6
7050, 5
3727, 6
5700, 5
6825, 5
3564, 6
1771, 5
4050, 4
5712, 6
6075, 4
6150, 5
6600, 5
8100, 7
6375, 5
7477, 6
1777, 5
2166, 4
72, 4
7950, 5
1007, 4
8475, 6
4800, 5
697, 4
9825, 6
1998, 4
7050, 5
