Evaluations, Played
580, 5
2486, 6
3600, 6
1468, 5
826, 4
1444, 5
4275, 6
1762, 6
1165, 5
2325, 6
924, 4
5325, 7
3450, 6
3900, 6
1163, 4
2325, 5
902, 4
2850, 5
864, 4
3075, 5
1051, 5
5550, 7
3600, 6
3525, 6
1089, 5
7350, 8
3525, 6
3560, 6
3975, 6
1575, 4
1431, 5
3450, 6
3150, 5
2100, 5
3375, 6
477, 5
1279, 5
1819, 6
2025, 5
3750, 6
3517, 6
3099, 6
1617, 6
2475, 6
1950, 5
2590, 6
2775, 5
624, 4
1519, 5
1617, 6
2850, 5
4800, 7
3825, 6
2036, 5
2412, 6
4425, 6
3038, 6
1374, 5
5325, 7
1051, 5
3150, 5
2700, 5
1824, 6
1472, 5
1250, 5
4500, 7
3975, 6
1449, 4
4425, 7
2274, 6
3900, 6
1425, 4
1810, 5
4500, 7
4575, 5
4650, 7
3075, 6
624, 4
3399, 6
2700, 5
6750, 8
3375, 6
3150, 5
66, 3
952, 5
356, 4
348, 3
2325, 4
4575, 6
6225, 8
74, 4
3675, 6
3900, 6
2250, 5
3450, 5
2325, 4
3549, 8
636, 4
948, 4
3900, 5
2199, 6
6450, 7
1923, 5
3075, 5
3075, 5
3000, 5
3225, 5
3375, 5
3075, 5
4275, 6
2400, 5
3000, 6
4050, 6
2625, 5
1500, 4
1125, 3
1698, 5
356, 4
999, 5
1070, 5
2625, 6
1275, 4
2700, 5
3900, 6
1875, 5
3675, 6
1875, 4
1126, 5
1201, 4
1125, 3
1846, 7
3300, 5
4800, 7
3375, 6
2025, 5
3675, 6
2400, 4
4125, 6
4425, 5
60, 3
2175, 4
7350, 8
2625, 4
3225, 4
1238, 4
5775, 5
4125, 6
2100, 4
1875, 5
3825, 6
3525, 6
3450, 5
5475, 7
64, 3
5625, 7
975, 3
2250, 4
3450, 5
3675, 5
2175, 4
956, 4
2625, 5
6000, 6
2400, 5
4200, 6
2850, 5
3150, 6
1950, 4
5775, 6
3825, 5
3375, 6
3675, 6
3198, 6
3273, 6
675, 3
2635, 7
4950, 6
4950, 6
3474, 6
5250, 7
1650, 4
3900, 6
4575, 6
2302, 7
3300, 5
360, 5
4950, 7
2925, 5
1773, 5
4050, 6
2100, 4
5250, 6
3150, 5
849, 4
5400, 7
5850, 7
1165, 5
1397, 5
1950, 5
3399, 6
2250, 4
4050, 5
74, 5
5325, 7
2925, 5
1875, 4
4050, 6
877, 5
4200, 6
74, 4
900, 3
4050, 6
877, 5
3750, 7
1575, 4
4350, 5
4725, 6
3900, 6
3375, 5
4725, 6
3600, 6
2325, 5
1051, 5
3825, 6
3750, 6
1650, 4
4050, 5
1875, 4
2025, 5
4050, 6
1950, 5
3900, 6
1428, 6
3450, 6
2400, 4
3675, 6
2400, 5
479, 5
3198, 6
3375, 6
3375, 6
1425, 4
3075, 4
2550, 4
1800, 5
3150, 6
600, 3
802, 5
1299, 5
3600, 5
1575, 4
1674, 5
788, 4
733, 6
4800, 6
3525, 6
5025, 6
2400, 5
3600, 6
1950, 4
1350, 5
2850, 6
3150, 5
5250, 6
2550, 5
2400, 4
1104, 5
2925, 5
3525, 6
4275, 5
1473, 5
348, 3
2850, 4
1275, 3
3000, 5
3900, 6
3300, 5
1851, 6
1323, 5
3750, 6
4425, 6
354, 4
873, 4
2175, 5
473, 4
3450, 5
5148, 8
4425, 6
3154, 6
1500, 4
1240, 5
4275, 6
863, 4
3150, 5
3825, 6
2925, 6
2925, 5
654, 5
2550, 5
1737, 6
2641, 5
2250, 5
2100, 5
798, 4
2550, 5
2120, 5
3600, 6
1483, 7
3000, 5
3000, 5
3375, 6
3000, 6
2799, 6
1254, 6
7050, 7
2250, 4
2700, 5
1500, 4
1773, 5
1875, 5
1425, 5
2499, 6
3075, 6
2625, 5
2775, 6
2007, 6
2475, 5
2199, 6
1200, 3
2325, 4
3450, 5
3375, 6
4200, 7
1575, 4
2823, 6
352, 4
6150, 6
2448, 5
2850, 5
1725, 4
1923, 5
3249, 7
2700, 5
3150, 5
774, 4
2175, 4
3675, 6
1089, 5
2523, 6
3075, 6
648, 4
3150, 6
675, 3
1698, 5
5625, 7
4650, 7
2025, 5
3099, 6
3675, 5
2175, 5
1425, 4
1650, 4
3600, 7
3675, 6
1538, 5
864, 4
4275, 6
3225, 5
2850, 5
3450, 6
975, 3
1177, 6
1500, 4
2775, 5
3600, 6
2475, 5
1575, 4
2448, 6
1548, 5
348, 3
2850, 5
2550, 5
1323, 5
699, 4
1350, 5
3675, 6
4200, 6
5400, 7
2250, 5
2242, 6
3975, 6
5550, 6
3375, 6
5325, 8
2475, 5
3075, 5
1200, 4
2373, 5
1660, 5
2775, 5
1224, 5
2475, 5
4725, 6
948, 4
2298, 6
1698, 5
5625, 8
1350, 4
5025, 7
3000, 5
4275, 6
3975, 6
1248, 5
2325, 5
479, 5
1061, 6
3150, 5
3300, 5
3675, 5
1950, 4
3900, 7
2850, 5
3591, 7
2298, 6
2025, 5
3750, 6
1144, 6
2148, 5
2025, 5
3900, 6
2213, 6
2325, 4
4275, 5
2550, 5
4950, 7
4500, 7
2574, 6
2649, 6
1950, 5
2157, 6
3249, 6
2925, 5
2700, 5
1398, 5
1698, 5
1275, 3
3075, 5
3225, 6
2175, 5
3975, 5
3075, 6
3075, 6
4875, 6
3873, 8
4575, 7
2301, 7
3000, 6
2222, 5
4200, 6
3750, 5
3300, 5
3000, 5
1725, 4
3750, 7
1603, 6
2625, 5
975, 5
1725, 4
4200, 6
1575, 4
2700, 6
4125, 6
1875, 4
348, 3
5025, 7
1299, 5
2448, 6
2250, 5
1023, 4
3150, 7
3450, 5
3600, 6
991, 6
3075, 6
3750, 6
2700, 5
1773, 5
5025, 6
3900, 6
2850, 6
2298, 5
654, 5
2100, 5
3150, 6
2625, 5
487, 3
1575, 4
2475, 5
2925, 5
2673, 6
3000, 4
825, 3
5775, 7
2850, 5
1378, 5
1331, 5
2925, 6
3675, 7
3600, 6
1659, 6
2325, 6
1500, 5
1970, 5
2082, 6
2100, 4
2025, 4
3525, 6
3225, 6
1707, 5
4125, 6
3750, 5
712, 4
2250, 4
2475, 5
4575, 6
1565, 6
5250, 6
3975, 6
3375, 6
3000, 6
1650, 4
78, 5
3075, 5
6300, 6
2925, 5
3900, 6
5625, 7
3675, 6
70, 4
2850, 4
5025, 7
1998, 5
3750, 5
1698, 5
4350, 7
5400, 7
2025, 4
5100, 6
2850, 5
1548, 5
2475, 5
2625, 5
4125, 6
4299, 7
4125, 6
1425, 4
2175, 5
1241, 5
4200, 6
360, 5
624, 4
2025, 5
2175, 4
3075, 5
3948, 7
3675, 6
2400, 4
4575, 6
2850, 5
4125, 6
2850, 4
3525, 6
2175, 5
1721, 7
648, 4
2550, 5
1800, 5
2475, 5
5700, 7
3525, 5
4725, 6
2550, 6
2250, 5
3375, 6
4050, 6
542, 5
938, 4
3479, 6
2483, 6
788, 4
1659, 6
1950, 5
1575, 4
2325, 5
3450, 6
4125, 6
2925, 5
3300, 6
5775, 7
2700, 5
6525, 8
5250, 6
1950, 4
5250, 7
3825, 6
2850, 5
1545, 5
2485, 6
1355, 5
6225, 7
3900, 6
3900, 6
1237, 5
2100, 5
1950, 5
3450, 6
2700, 5
1425, 5
4350, 6
3975, 6
3600, 6
3150, 5
3127, 7
3450, 5
1317, 5
978, 4
2700, 6
864, 4
2325, 5
3675, 6
1284, 5
4125, 6
3075, 5
1660, 5
4650, 7
1725, 4
624, 4
3825, 5
3975, 7
1660, 5
5325, 7
5550, 7
5400, 4
64, 3
1050, 3
5700, 6
2325, 4
3900, 6
6375, 8
4350, 6
2210, 5
3150, 4
625, 4
3900, 6
3225, 5
5850, 7
3075, 4
2850, 5
2503, 6
3975, 5
5400, 6
3774, 6
1356, 5
2499, 6
68, 4
3600, 5
3975, 5
3000, 5
3150, 5
2400, 5
2550, 5
3225, 6
900, 3
2925, 5
3324, 7
948, 4
3450, 6
300, 2
1350, 4
648, 4
4275, 6
4800, 7
2625, 5
3525, 6
1848, 5
2274, 6
3300, 5
2850, 5
3075, 5
2625, 5
2100, 5
4725, 6
3600, 5
4425, 6
4200, 7
3300, 5
4575, 7
2850, 6
1125, 4
3498, 6
729, 5
2850, 6
2250, 5
4050, 5
3675, 5
5025, 7
48, 2
1950, 4
3150, 5
3675, 5
1998, 5
952, 5
2775, 4
4275, 6
3300, 5
3231, 6
5175, 6
1355, 5
1275, 4
2799, 6
74, 5
1350, 4
5100, 8
3825, 7
2175, 4
4950, 7
3348, 6
4350, 6
2025, 4
2175, 5
2325, 5
2475, 5
3900, 6
2700, 5
5250, 6
5175, 7
1698, 5
4650, 7
6075, 8
4500, 6
937, 5
2850, 5
952, 5
1725, 4
3300, 5
3450, 6
4800, 6
1562, 6
1575, 4
3150, 6
1800, 4
1548, 5
2475, 5
3675, 6
900, 3
2002, 6
3198, 5
2625, 5
1579, 6
4050, 6
1927, 6
5100, 7
3450, 6
3075, 6
2025, 5
1875, 4
1398, 5
3300, 6
4500, 6
1113, 6
1248, 4
2400, 4
978, 4
654, 5
1023, 4
2448, 6
2850, 5
1829, 5
4725, 7
2325, 5
4500, 6
705, 5
3825, 5
675, 3
1650, 4
2175, 5
1241, 5
354, 4
2250, 5
3825, 6
348, 3
2550, 5
2175, 4
825, 3
2925, 5
4050, 6
956, 6
3450, 5
3375, 6
2775, 5
1575, 4
3300, 5
3975, 6
3150, 5
1425, 5
3399, 6
3075, 6
4050, 6
3525, 6
3750, 6
6450, 6
2154, 7
2925, 6
2925, 5
2175, 5
1800, 5
3150, 5
2475, 5
3375, 6
1875, 5
3675, 6
4125, 6
2720, 6
2100, 4
3000, 5
1875, 5
3525, 6
1548, 5
4725, 7
4923, 8
2073, 5
2850, 6
3300, 5
4800, 6
3600, 6
2598, 6
3225, 5
1800, 5
652, 5
1852, 6
1650, 3
1664, 6
1127, 5
1275, 4
3675, 6
2673, 6
3375, 6
3375, 5
1275, 3
4125, 6
3375, 5
3075, 5
1950, 5
862, 6
3075, 5
3075, 5
1473, 4
1013, 5
3600, 5
3900, 6
5550, 6
3174, 6
3798, 7
4425, 7
2700, 4
3750, 6
1173, 4
2175, 5
3300, 6
3849, 7
3150, 6
648, 4
3075, 5
1602, 6
2775, 5
1391, 5
1950, 4
4425, 7
2775, 5
2335, 6
798, 4
3040, 6
3450, 6
2850, 5
3825, 5
2625, 5
2110, 6
3273, 6
1023, 4
2100, 5
1398, 5
1350, 4
3075, 6
1022, 4
2073, 6
1599, 5
2044, 6
2850, 6
4050, 7
2775, 4
2625, 6
2223, 6
2925, 5
4425, 6
1575, 3
3150, 5
3675, 7
2688, 7
4500, 6
1224, 5
1223, 5
1974, 6
2175, 4
4725, 6
1069, 4
825, 3
1327, 5
2373, 6
1425, 4
1575, 4
3300, 5
3450, 5
2775, 5
4950, 6
4200, 6
1998, 5
892, 6
954, 6
1023, 4
3000, 6
3825, 6
2823, 6
5874, 9
648, 4
2550, 6
4350, 6
2973, 6
2550, 4
2775, 5
3600, 7
2625, 5
3324, 6
2100, 5
2298, 6
900, 3
2175, 5
3450, 6
2724, 7
1894, 6
3375, 5
2513, 6
2199, 6
1998, 6
3150, 6
2100, 4
2925, 5
1698, 5
3600, 6
1491, 5
3300, 5
1679, 5
3150, 6
4875, 7
352, 4
1627, 6
4950, 6
1477, 6
2103, 6
3750, 6
2324, 7
3900, 6
3600, 6
3150, 5
3675, 6
2550, 5
2429, 6
1575, 4
2325, 5
4500, 7
5325, 7
1500, 4
2298, 6
2625, 6
3600, 7
3075, 5
4800, 6
1800, 4
3000, 5
3873, 6
1848, 5
910, 5
3975, 6
3975, 6
2025, 5
1627, 6
3300, 6
3300, 6
1773, 6
2550, 5
1950, 5
3150, 6
600, 3
3450, 6
5250, 7
2400, 6
5175, 7
3825, 6
2775, 6
3900, 6
624, 4
1927, 7
2101, 6
3198, 6
1575, 4
4350, 6
4800, 7
1800, 4
1472, 5
4875, 6
2124, 6
3975, 6
3300, 5
2574, 6
1190, 5
1240, 5
3825, 6
1051, 5
3675, 6
3000, 6
2625, 5
4275, 6
1974, 5
2775, 4
1725, 4
5775, 8
82, 6
2175, 4
4350, 5
4575, 7
1398, 5
4725, 6
1875, 4
1378, 5
1575, 4
1575, 4
2400, 5
1275, 4
1656, 6
2925, 6
78, 5
4650, 6
2925, 5
5400, 7
2625, 5
2700, 4
2673, 6
2457, 7
3825, 6
4650, 4
4725, 6
2424, 6
4125, 6
4050, 6
2523, 6
3675, 6
4800, 6
3150, 6
4125, 6
2925, 6
2550, 6
3900, 6
449, 3
2100, 5
3675, 5
1772, 6
3375, 5
825, 3
2298, 6
812, 5
1950, 5
1950, 5
2850, 5
5025, 7
4800, 7
5325, 6
5100, 6
1323, 5
2400, 5
3825, 5
2250, 5
4125, 5
74, 4
1698, 5
3000, 4
4125, 6
1323, 4
5400, 5
1885, 5
1378, 5
1800, 4
2400, 5
5250, 7
4200, 6
1749, 5
3150, 6
2344, 6
3300, 6
5400, 7
4725, 6
4350, 6
1650, 4
3300, 6
78, 5
2400, 5
2850, 5
3225, 5
3375, 5
1398, 5
2250, 4
825, 3
2250, 4
3825, 6
1449, 5
2400, 5
2143, 6
2625, 5
1173, 5
2475, 5
2550, 4
3675, 6
3150, 6
3150, 5
2400, 5
3450, 6
654, 5
2400, 5
1350, 4
1089, 5
4425, 7
300, 2
1023, 6
1398, 5
2850, 5
2550, 5
3825, 6
3450, 6
3075, 6
3525, 5
1950, 5
723, 4
3225, 6
2550, 5
1812, 5
3075, 5
975, 5
2475, 4
1374, 5
2550, 6
1650, 4
3975, 6
6150, 7
2129, 6
6225, 7
4950, 6
4500, 7
2850, 5
324, 3
3975, 6
2551, 7
3525, 6
1265, 5
2617, 6
1519, 5
2475, 5
2175, 4
2794, 6
3525, 5
4050, 6
3750, 5
2175, 5
3825, 6
4899, 7
1449, 5
1038, 5
4125, 6
926, 5
2542, 6
1397, 5
615, 6
2100, 5
849, 4
2515, 5
2724, 6
712, 4
1969, 6
849, 4
1425, 4
4275, 6
2049, 5
2049, 5
1224, 4
1125, 4
3024, 6
2850, 5
3375, 5
2100, 5
4275, 6
1918, 6
4500, 7
2475, 5
2834, 6
849, 4
3000, 5
4950, 6
4875, 6
2925, 5
2925, 5
66, 3
2700, 5
2175, 5
3675, 6
3900, 5
3300, 5
1623, 5
60, 3
5325, 5
3525, 4
2775, 5
2250, 5
2700, 5
2775, 5
3075, 5
3075, 5
2175, 4
3150, 6
863, 4
3300, 6
2025, 5
1725, 4
1127, 5
5325, 7
2025, 4
3075, 5
3975, 7
2400, 5
2189, 6
850, 5
3675, 5
2775, 4
948, 4
1089, 5
1203, 5
5250, 7
2029, 6
2700, 5
3450, 6
3600, 6
900, 3
2550, 5
3300, 6
3750, 6
850, 5
2527, 7
1323, 5
1923, 5
3900, 5
1491, 5
3300, 5
652, 5
2823, 6
3450, 6
4125, 6
2925, 5
3900, 6
1278, 5
2475, 5
2523, 6
1402, 6
600, 3
2475, 5
4275, 6
2550, 4
2775, 5
877, 5
1051, 5
3075, 5
899, 5
3300, 6
900, 3
2775, 6
1013, 5
6150, 7
1224, 5
4200, 6
539, 5
3750, 5
3000, 6
1875, 5
2194, 6
2700, 5
4275, 6
1350, 4
4350, 6
2775, 6
1098, 4
825, 3
4575, 7
3900, 6
2850, 6
2925, 5
1402, 6
3198, 6
1875, 4
1016, 4
2878, 6
4500, 7
1274, 5
2925, 6
3750, 6
1256, 5
2250, 5
1323, 5
2925, 5
4125, 6
1899, 5
3225, 6
3123, 7
4050, 6
723, 4
2523, 6
2903, 6
2523, 6
2475, 5
1875, 4
2475, 4
2175, 4
6225, 7
2223, 5
3750, 6
3000, 6
2250, 5
2625, 5
2250, 5
1299, 5
2100, 5
4125, 6
1960, 6
2775, 5
648, 4
1504, 5
2475, 5
356, 4
6375, 7
3600, 6
1425, 4
4575, 6
3300, 5
600, 3
2700, 5
4275, 7
4800, 6
703, 5
1707, 5
3375, 6
1632, 5
1519, 5
4350, 6
3150, 6
5100, 7
3225, 5
3525, 7
4200, 6
3300, 6
4800, 6
948, 4
3900, 6
1613, 5
654, 5
1350, 4
1248, 5
3975, 6
4350, 6
4050, 5
4350, 6
2025, 5
2209, 6
1874, 6
2874, 7
3300, 6
2147, 6
1753, 6
3075, 5
2550, 5
877, 6
3375, 6
1725, 4
3900, 5
2025, 5
2100, 5
2475, 5
1425, 4
4125, 6
3600, 6
1699, 6
1923, 6
2298, 6
3150, 5
3750, 6
900, 3
1548, 4
3525, 6
2523, 6
356, 4
3600, 6
3375, 5
1998, 6
3075, 5
3450, 6
4200, 7
1173, 4
3000, 5
1323, 5
2625, 5
1650, 4
3600, 6
2250, 5
2550, 6
3525, 6
2175, 5
1215, 5
2730, 6
3525, 6
4350, 6
975, 3
2625, 5
2250, 5
1698, 5
3750, 6
1427, 6
1698, 5
3000, 5
2598, 6
3150, 6
3075, 5
1650, 5
358, 4
4275, 6
3675, 6
3600, 6
2475, 6
3300, 6
3750, 6
3525, 6
2025, 5
4050, 7
2925, 6
4200, 5
4200, 6
2394, 7
3600, 6
2550, 5
3750, 6
1997, 5
2548, 6
3375, 6
3525, 5
5175, 6
2850, 5
1552, 6
2550, 5
1125, 4
1875, 4
473, 4
3075, 5
1800, 5
2475, 4
3825, 6
2336, 6
2523, 6
4074, 7
3825, 6
2400, 5
4500, 6
3225, 5
2250, 5
2550, 5
1923, 5
2325, 5
4125, 6
2775, 5
1170, 5
5250, 7
1350, 5
3225, 6
1331, 5
3179, 6
3825, 6
6225, 8
2199, 5
4875, 6
3900, 7
3075, 5
1125, 4
1164, 5
5700, 6
4050, 6
2400, 5
2775, 5
5025, 6
358, 4
3150, 6
2401, 6
3375, 6
900, 3
2550, 5
2850, 5
1575, 4
3600, 7
1425, 4
2475, 5
4500, 7
4050, 6
6000, 6
4950, 7
1950, 5
3600, 7
2475, 5
3150, 5
1500, 4
3525, 6
1653, 6
4125, 6
4074, 6
2649, 6
1299, 5
1668, 6
3775, 7
3375, 5
3375, 6
3375, 6
2850, 6
4350, 6
1500, 4
2925, 6
5100, 8
3900, 5
68, 4
6225, 7
2850, 4
5100, 6
3450, 5
3225, 4
3000, 4
72, 4
2700, 4
3000, 5
5250, 8
2625, 4
356, 4
3450, 6
3825, 6
4425, 5
4500, 7
4800, 7
4050, 6
5325, 7
5175, 6
1875, 4
4950, 6
1275, 3
4425, 5
2475, 5
3600, 6
2213, 6
3675, 6
2373, 5
3825, 6
2250, 5
2625, 6
3150, 5
1473, 5
2550, 5
2400, 5
4275, 7
1519, 5
1800, 4
1473, 4
4050, 6
2775, 5
1950, 5
3849, 7
3750, 5
1668, 6
2925, 5
2250, 5
1200, 4
1125, 4
1398, 5
4275, 6
4050, 7
4275, 6
3375, 5
64, 3
2775, 5
10650, 5
4125, 5
2550, 4
3900, 7
5100, 7
4950, 7
5475, 6
5475, 7
6300, 8
2495, 6
2325, 4
2499, 5
72, 5
3375, 6
4500, 7
825, 3
6075, 8
1350, 3
798, 4
5025, 7
1500, 3
1164, 5
2199, 5
1393, 5
2317, 6
2391, 6
1309, 5
3975, 6
2373, 4
1725, 5
3900, 6
2025, 5
4500, 7
2977, 7
2025, 5
2250, 5
2625, 4
3825, 6
5475, 6
3975, 6
2925, 6
1618, 6
3075, 5
3675, 6
4050, 5
1735, 5
3150, 6
2550, 5
1773, 5
2250, 4
3750, 6
3150, 6
1023, 4
4125, 6
1875, 5
4800, 7
3778, 5
3675, 5
2475, 5
5175, 6
5250, 8
72, 5
2325, 4
4575, 7
4500, 6
2625, 4
2850, 5
1425, 3
48, 2
1500, 3
2400, 4
5475, 7
3675, 5
1425, 3
2175, 4
1200, 3
2175, 3
5850, 6
4125, 6
1427, 5
2775, 5
3300, 6
2175, 4
1767, 6
4275, 5
3600, 5
1350, 3
2758, 6
3975, 5
2250, 4
2025, 4
2925, 5
6675, 7
1350, 3
2475, 5
3150, 5
3525, 5
6150, 8
348, 3
1125, 4
675, 2
2550, 4
3300, 5
3225, 6
3375, 5
3675, 6
2067, 6
2325, 4
6150, 7
3525, 5
3225, 6
4200, 7
3525, 5
629, 4
4200, 6
3975, 6
7575, 8
5850, 7
2405, 7
3975, 6
3450, 5
1575, 3
4875, 7
2175, 4
2814, 7
4725, 6
3000, 5
6075, 6
4425, 5
2475, 5
1773, 5
2325, 5
3525, 5
4050, 6
5325, 6
1955, 6
3675, 5
1275, 4
3225, 5
2627, 6
2775, 5
2850, 5
3825, 6
2100, 5
2925, 5
6075, 7
778, 5
1545, 5
2617, 6
1979, 5
7050, 6
1462, 5
1051, 4
1274, 5
1950, 5
1089, 5
1393, 5
2925, 5
5325, 6
3338, 6
3150, 5
5325, 7
3000, 5
2574, 6
736, 5
2325, 4
5550, 7
964, 5
4725, 6
2400, 5
3375, 6
1875, 4
5100, 6
4725, 7
2703, 7
1254, 6
2082, 6
1350, 4
1330, 5
1172, 6
1127, 5
4800, 6
2850, 6
3150, 6
1299, 5
2475, 5
2625, 5
1662, 5
3000, 5
348, 3
4275, 6
3375, 6
2775, 5
2775, 6
5025, 6
2025, 4
2925, 5
4950, 6
2250, 4
4950, 7
3150, 5
2083, 5
2523, 5
1500, 4
5700, 7
1023, 4
5325, 8
4500, 7
4800, 7
4275, 6
4650, 8
348, 3
2550, 4
3675, 5
1575, 4
909, 4
914, 5
2439, 6
2325, 4
4650, 6
2925, 5
2475, 4
3600, 6
2326, 5
4942, 6
4950, 7
3627, 7
3975, 6
3525, 5
1575, 4
1923, 5
1331, 5
3075, 6
1050, 4
1177, 6
4275, 6
940, 4
3900, 7
1200, 3
3225, 5
2111, 5
1950, 4
4275, 6
798, 4
2925, 5
3525, 5
2325, 5
4200, 6
1950, 4
2925, 5
2475, 5
2400, 5
1988, 5
2775, 5
2823, 6
3075, 5
3825, 6
4875, 7
5025, 6
1275, 4
1275, 3
5325, 7
3600, 5
6525, 8
2175, 5
3788, 6
2560, 5
348, 3
2700, 4
2025, 4
473, 4
2025, 5
2925, 6
1566, 5
2850, 5
2850, 5
5700, 7
1275, 4
1519, 5
2438, 5
2175, 5
3000, 5
4350, 6
2400, 5
1923, 5
3450, 6
1725, 4
2700, 5
3375, 6
2625, 5
2475, 4
3375, 5
5700, 7
924, 4
2925, 6
2452, 6
2250, 5
3900, 6
1660, 5
3750, 6
2400, 5
4800, 7
2175, 4
2175, 5
3225, 5
2925, 5
2100, 5
1875, 5
2175, 5
2550, 5
5100, 6
5325, 6
1627, 6
2850, 5
3375, 5
2475, 5
2775, 5
1398, 5
1623, 5
3600, 6
2775, 5
1164, 5
2124, 6
2148, 6
3300, 5
2250, 4
3225, 4
6075, 6
4350, 6
975, 3
4050, 6
2850, 5
4800, 6
5100, 7
4050, 6
3150, 5
1500, 4
354, 4
1988, 6
1500, 4
826, 4
1693, 6
5625, 6
4416, 8
1951, 5
3600, 5
4500, 6
1650, 4
978, 4
1548, 5
798, 4
1378, 5
1519, 5
3150, 5
4123, 7
2325, 5
2475, 4
3225, 5
1098, 5
1449, 5
4275, 6
4050, 6
3750, 6
3525, 5
1504, 6
2850, 5
2775, 6
3085, 6
4500, 5
3075, 5
1659, 5
1331, 5
3300, 5
3825, 6
3750, 6
1950, 5
4425, 6
2925, 4
2625, 5
2325, 5
1650, 4
4950, 6
1425, 4
2325, 4
2700, 5
3825, 6
2700, 5
3300, 6
1500, 3
2550, 5
4050, 7
1241, 5
1125, 3
2700, 4
3600, 6
1894, 6
5475, 7
2700, 6
3150, 5
1875, 4
3150, 5
3075, 5
2550, 4
4125, 6
2325, 4
1540, 5
2925, 6
1519, 5
1674, 5
675, 3
1500, 4
1144, 4
4575, 6
3444, 7
949, 5
2271, 5
1487, 5
1500, 4
1473, 5
2475, 5
2025, 4
3292, 8
5100, 5
4350, 6
1027, 5
3000, 5
2250, 4
3000, 5
4275, 6
2475, 5
2925, 5
1800, 4
3975, 6
2700, 5
2925, 6
3525, 6
4425, 6
4500, 6
2175, 5
1489, 6
3259, 5
1397, 4
3000, 5
2231, 6
1453, 5
4275, 6
5850, 8
1355, 5
3375, 6
3900, 6
3000, 6
3750, 6
2700, 5
2700, 5
3450, 4
4950, 7
2325, 5
2100, 5
3975, 7
1950, 5
1524, 5
825, 3
2175, 5
3150, 5
4575, 6
3075, 5
3423, 7
535, 4
1824, 5
2148, 5
2250, 4
2850, 5
2775, 6
4725, 7
1029, 5
3375, 6
712, 4
2250, 5
4950, 6
4050, 7
964, 5
2700, 5
1524, 5
2625, 6
3675, 5
4500, 7
2250, 5
1350, 4
1275, 4
1097, 4
2673, 6
2523, 6
1552, 5
2400, 5
1698, 5
3225, 6
4125, 6
2775, 5
4350, 5
1473, 5
3300, 6
1500, 4
5475, 7
727, 5
1425, 4
1950, 5
3300, 5
3375, 6
2400, 6
1425, 4
3300, 5
2100, 4
4500, 6
1425, 4
4350, 6
3750, 5
2475, 4
3319, 6
1800, 4
3208, 7
712, 4
1899, 5
3375, 5
5475, 6
5325, 7
2100, 5
1127, 5
4200, 6
2400, 4
356, 4
4275, 6
873, 5
3600, 5
3450, 5
1773, 5
2550, 5
3150, 6
1923, 5
1473, 5
5625, 7
3300, 5
4050, 6
1126, 5
3600, 6
2175, 5
4050, 6
3474, 7
1125, 4
3150, 6
1632, 5
1398, 5
4125, 6
2850, 5
3300, 6
2148, 6
4698, 7
348, 3
3000, 6
816, 5
976, 5
4650, 7
4350, 7
3375, 5
2025, 5
1398, 5
1725, 4
797, 5
2748, 7
1096, 5
3075, 5
3600, 6
1725, 4
3675, 6
4500, 7
2874, 6
356, 4
4200, 6
3075, 5
1500, 4
3600, 5
4500, 6
3750, 6
1519, 5
3225, 4
2814, 6
2175, 4
1725, 4
1998, 5
1050, 3
449, 3
2053, 5
3975, 6
4575, 5
2711, 5
2400, 5
774, 4
1698, 4
2775, 5
2850, 5
2702, 6
5400, 7
723, 4
2175, 4
4500, 5
6300, 7
1566, 5
1066, 6
3300, 6
712, 4
2373, 6
600, 3
4200, 6
1425, 3
1500, 4
933, 5
4725, 5
4425, 6
2475, 4
5325, 7
5400, 6
1425, 5
2550, 5
4500, 6
3000, 5
2100, 4
2925, 5
3000, 6
3600, 5
4050, 5
2475, 5
1074, 5
3450, 5
3675, 6
4125, 5
2475, 5
4350, 6
4575, 6
1800, 4
825, 3
1299, 5
4800, 6
2700, 6
4950, 7
648, 4
1575, 3
1275, 4
3075, 5
473, 4
5925, 7
2625, 5
3225, 6
1145, 5
2625, 5
1950, 4
5175, 7
1393, 5
1149, 5
1773, 5
1252, 5
1173, 5
1650, 4
1599, 5
4650, 7
1546, 6
1275, 4
3150, 6
3000, 6
3900, 6
4650, 5
4575, 7
3375, 6
465, 5
1659, 6
3999, 7
4950, 6
3450, 6
2598, 6
1875, 4
300, 2
2325, 5
2784, 7
5775, 7
2925, 6
1927, 6
2448, 6
3300, 5
2100, 4
3300, 6
1899, 5
3375, 6
3075, 5
1473, 5
648, 4
1173, 5
652, 5
3750, 5
5100, 7
1923, 5
4875, 6
3300, 5
902, 4
2475, 6
812, 5
2400, 5
2082, 6
3975, 5
3158, 7
1707, 5
2700, 5
2428, 6
4875, 6
2700, 5
2175, 4
1703, 4
2597, 6
1894, 6
4050, 6
3975, 6
461, 4
4050, 6
1264, 6
4275, 6
3525, 6
1096, 5
3975, 6
1504, 6
2925, 5
846, 5
2100, 6
1125, 4
675, 3
4350, 7
4275, 6
2325, 5
2850, 5
2091, 5
429, 4
637, 4
637, 4
1128, 5
3225, 5
1725, 5
2100, 5
3300, 6
1052, 5
1014, 5
1356, 5
585, 5
3525, 6
3675, 6
3525, 6
1800, 4
713, 4
173, 3
976, 5
623, 5
3750, 5
1303, 6
1397, 5
2401, 6
637, 4
862, 5
599, 4
561, 4
2850, 5
3900, 5
2175, 5
3075, 5
2250, 5
2625, 5
1425, 4
360, 4
2223, 6
774, 4
4800, 7
873, 4
1350, 4
2925, 6
2925, 5
2850, 5
4950, 6
873, 4
1725, 5
2073, 6
3075, 6
1875, 5
1950, 4
2775, 5
4575, 6
2377, 7
2325, 5
3975, 6
1575, 4
2850, 5
2550, 5
3225, 6
3150, 5
2100, 5
2395, 6
3375, 6
938, 5
1128, 5
526, 3
326, 5
4125, 6
3525, 6
2625, 5
2625, 5
824, 5
1315, 6
824, 5
637, 4
2700, 4
4050, 6
3150, 6
2700, 6
737, 5
1014, 5
1394, 5
1090, 5
3150, 6
3300, 5
2448, 6
5025, 7
775, 5
824, 5
354, 5
1014, 5
3675, 5
2250, 5
5700, 6
3825, 6
2400, 5
2823, 6
2250, 5
2073, 5
1165, 5
1989, 5
3075, 6
2373, 6
3900, 6
2673, 6
3225, 5
1548, 5
2625, 5
1866, 5
2925, 6
1398, 4
2874, 6
1773, 5
3225, 6
2250, 4
3825, 7
2325, 5
1323, 5
2799, 6
2025, 5
660, 6
3600, 6
1623, 5
4725, 7
2850, 6
3375, 6
1449, 5
484, 5
561, 4
1356, 5
1128, 5
3000, 5
2475, 5
3000, 5
2823, 6
699, 5
865, 4
1052, 5
761, 5
3225, 5
2175, 5
1167, 6
5175, 7
938, 5
326, 5
637, 4
1052, 5
2250, 5
4575, 6
4050, 6
4425, 6
1014, 5
751, 4
900, 5
322, 4
5400, 7
4050, 6
3300, 6
834, 4
3000, 6
3825, 6
5175, 7
1875, 5
3450, 6
3675, 5
798, 4
1623, 5
3600, 6
4050, 6
2025, 4
3000, 5
4800, 6
1173, 5
2700, 5
4200, 6
2325, 5
2475, 5
2625, 5
6225, 7
2475, 5
3975, 6
1398, 5
3000, 5
3075, 5
2250, 5
3975, 6
4350, 6
4125, 6
1844, 6
1950, 4
3300, 6
839, 6
976, 5
561, 4
599, 4
2598, 6
4875, 6
2148, 5
1500, 4
862, 5
1204, 5
350, 5
173, 3
4350, 6
3000, 5
3423, 7
4500, 6
862, 5
390, 5
585, 5
623, 5
4125, 6
2925, 5
2250, 5
3165, 7
611, 5
183, 4
699, 5
1014, 5
1142, 5
2325, 5
2700, 5
2850, 5
3825, 5
1127, 5
3797, 7
2850, 6
3300, 5
3375, 6
3600, 5
3900, 7
3825, 6
4425, 6
3000, 6
3525, 6
1294, 6
352, 4
3600, 5
1875, 4
2775, 6
3825, 6
1027, 5
2775, 5
1678, 6
2625, 5
1650, 4
1725, 5
3675, 5
2775, 6
358, 4
2925, 5
2325, 5
3450, 6
1950, 5
3225, 6
3150, 6
2724, 6
654, 5
360, 4
1578, 6
2100, 4
3000, 5
5325, 7
4050, 6
1679, 5
4275, 7
3600, 6
2874, 6
5175, 7
2250, 5
1173, 5
2550, 5
3450, 6
3675, 6
2775, 4
3525, 5
2925, 5
1923, 5
3150, 5
1650, 4
4425, 7
1350, 4
3525, 6
2550, 5
940, 4
2025, 4
1650, 4
3600, 6
2700, 5
5025, 7
2673, 7
5550, 7
1277, 4
1075, 6
3150, 6
2175, 5
1555, 6
3024, 7
3225, 5
4275, 6
3525, 5
1284, 5
4500, 6
4275, 7
3150, 5
2673, 6
1096, 5
4275, 7
2325, 5
1998, 5
5100, 6
3450, 6
5550, 6
2775, 6
3375, 6
1350, 4
3750, 6
1773, 5
2025, 4
2148, 6
2925, 5
2823, 6
3825, 6
2400, 5
4500, 5
3225, 5
2925, 5
1726, 5
457, 4
1350, 4
2925, 5
2100, 5
2925, 6
2448, 6
2100, 5
2100, 5
2625, 5
1425, 5
2550, 4
3750, 6
5400, 7
2925, 5
3450, 5
3123, 6
1749, 6
2625, 5
3000, 5
3225, 5
3375, 5
826, 4
4275, 7
4500, 6
4050, 7
1323, 5
3600, 5
2100, 4
4050, 6
2775, 5
427, 4
3750, 6
1800, 6
2175, 4
2475, 5
2250, 4
4575, 6
1413, 6
2100, 5
1712, 6
862, 4
3000, 5
3268, 7
4050, 5
4575, 7
3150, 6
1519, 5
1350, 4
3675, 6
2850, 4
1875, 5
2625, 5
2700, 5
5025, 6
1848, 5
3594, 7
1500, 4
2850, 5
2448, 6
4725, 7
2925, 5
2128, 5
1444, 5
1425, 5
3150, 6
2250, 5
4350, 7
3525, 6
2625, 5
4125, 6
3000, 5
5100, 6
3150, 6
2550, 5
952, 5
2625, 5
4500, 6
2368, 6
1773, 5
3675, 6
3203, 6
3675, 5
3000, 6
2063, 6
3150, 5
3225, 5
712, 4
1725, 5
5025, 7
1989, 5
2025, 5
3525, 5
774, 4
4425, 6
1428, 6
4248, 7
2325, 5
2700, 5
2373, 6
1398, 5
4050, 5
3750, 6
3525, 6
2250, 5
473, 4
1125, 4
1848, 6
3525, 5
1650, 4
1899, 6
1300, 6
2250, 5
4050, 6
3825, 7
1918, 7
4200, 6
835, 5
2625, 5
2625, 5
1950, 5
3300, 5
5325, 6
3000, 6
473, 4
5025, 6
3075, 6
1584, 6
5325, 7
4125, 6
2550, 5
1650, 4
3975, 6
3900, 5
3450, 5
3774, 7
3900, 6
3075, 6
1828, 6
2250, 4
2523, 6
2100, 5
2850, 6
3975, 6
2250, 4
2250, 5
1800, 5
1378, 5
4050, 7
1552, 6
654, 5
988, 5
3399, 6
2700, 5
2625, 5
2700, 4
3225, 5
1594, 6
2880, 7
2550, 6
2810, 5
3075, 5
948, 4
358, 5
1623, 5
3160, 8
2175, 5
3300, 5
2250, 5
1425, 4
5775, 7
4950, 6
3900, 7
953, 6
356, 4
3225, 6
3225, 6
2700, 5
3273, 6
1950, 5
2625, 5
2625, 6
628, 5
1575, 4
1090, 5
352, 5
1239, 6
298, 3
3375, 5
2499, 7
4875, 8
1149, 5
599, 4
1280, 5
1128, 5
851, 5
1609, 5
2523, 6
3975, 6
2100, 5
1014, 5
737, 5
561, 4
903, 4
2550, 5
1425, 4
1110, 6
733, 6
938, 5
585, 5
647, 5
966, 7
3866, 8
1599, 5
4050, 7
2925, 5
2325, 5
3150, 6
2850, 5
2884, 7
2428, 6
5025, 6
2700, 6
1425, 5
4500, 7
2233, 5
3225, 5
2829, 7
3525, 6
826, 4
4088, 7
1524, 5
1500, 4
3450, 6
2325, 5
1565, 6
2625, 5
2625, 6
2175, 5
1423, 6
1200, 3
499, 5
1350, 4
2878, 7
3239, 7
1875, 5
3225, 6
4725, 7
801, 5
938, 5
322, 4
187, 5
1463, 4
3234, 8
1322, 4
1165, 5
789, 4
149, 3
751, 4
1394, 5
4275, 6
3300, 6
5025, 7
1397, 5
900, 5
599, 4
390, 5
326, 5
2625, 5
2775, 6
4350, 6
3450, 6
976, 5
1090, 5
1090, 5
599, 4
1875, 4
2663, 6
2075, 6
5250, 6
2025, 5
2274, 6
2925, 5
2400, 5
2850, 5
3825, 6
1998, 5
3000, 6
1725, 4
2092, 6
2475, 5
2475, 5
2663, 6
5400, 7
3450, 6
4200, 6
1875, 4
3048, 6
2100, 5
648, 4
3225, 5
2298, 6
2550, 5
2550, 6
2850, 5
2400, 5
1749, 5
1552, 6
1725, 4
1623, 5
366, 5
3375, 5
751, 4
938, 5
862, 5
976, 5
4575, 6
3147, 6
1894, 6
1355, 6
181, 4
1318, 5
976, 5
938, 5
3000, 5
2250, 5
1149, 5
3750, 6
1394, 5
649, 5
1356, 5
322, 4
3675, 5
2850, 5
1848, 5
3675, 6
637, 4
675, 4
561, 4
976, 5
4050, 6
879, 6
2925, 5
4275, 7
1998, 6
3000, 5
4200, 6
2775, 5
1575, 4
1500, 4
4050, 6
1888, 6
3075, 5
4725, 7
2598, 6
3000, 6
975, 3
1773, 5
4650, 7
1125, 4
358, 4
3150, 5
2523, 6
2775, 5
2775, 5
1023, 5
3075, 5
3900, 6
1575, 4
1350, 4
3375, 5
1566, 5
2850, 5
2625, 5
2175, 5
2775, 5
751, 4
322, 4
336, 3
675, 4
1500, 4
3675, 6
1674, 5
1650, 5
713, 4
725, 6
751, 4
561, 4
2100, 5
4350, 6
3525, 6
366, 5
609, 5
1280, 5
173, 3
1581, 6
2700, 5
3000, 6
4500, 6
3825, 7
1052, 5
1052, 5
751, 4
1052, 5
1444, 5
2775, 5
2475, 5
2475, 5
3600, 7
2850, 6
864, 4
2025, 4
1800, 4
1824, 5
1698, 5
3525, 5
1286, 5
2850, 5
1808, 6
1875, 4
1800, 4
2925, 5
3300, 6
2823, 5
360, 5
2523, 6
4650, 6
1828, 5
4275, 6
1323, 4
1398, 4
1125, 4
3825, 5
1700, 6
3900, 6
2223, 6
2325, 5
1698, 5
358, 4
5775, 6
4800, 7
348, 3
2799, 6
4350, 7
3750, 5
2475, 5
1350, 4
1812, 6
2148, 5
3375, 6
3675, 6
948, 4
2325, 4
2325, 5
1088, 5
1200, 4
2850, 5
1125, 3
1688, 5
2349, 6
2175, 4
1248, 5
3150, 6
4425, 7
1398, 5
4350, 6
6675, 5
5025, 7
4200, 6
1051, 5
2100, 4
1575, 4
5025, 7
3225, 6
2025, 5
2625, 5
1472, 5
1691, 6
1350, 5
1848, 5
2550, 5
3375, 6
3010, 6
3450, 6
5175, 7
2700, 5
2250, 5
4050, 6
1053, 4
5400, 6
1241, 5
1477, 6
1627, 6
3205, 7
348, 3
3225, 6
1473, 5
1473, 5
5475, 6
1950, 5
3300, 6
2325, 5
3375, 5
1554, 6
3000, 5
3675, 6
1350, 5
3075, 5
3450, 5
5850, 7
2253, 5
600, 3
3825, 5
3225, 5
3900, 6
2250, 5
1763, 5
2364, 6
1425, 5
4500, 6
3300, 6
3000, 5
4650, 6
4800, 6
4650, 6
2700, 5
2400, 4
4125, 6
2550, 5
4425, 6
1899, 6
1599, 5
5100, 6
1350, 3
4950, 6
1200, 3
2523, 6
2223, 6
4575, 7
1548, 4
2100, 4
2550, 5
3450, 5
1125, 3
5325, 7
3525, 5
5625, 7
2850, 5
3000, 6
5250, 6
4425, 6
3075, 5
2475, 5
3600, 6
2429, 6
4350, 6
4650, 6
2925, 6
5775, 7
3450, 7
3975, 6
5025, 6
4200, 5
1200, 3
1767, 6
1698, 5
3150, 5
4800, 6
3900, 6
2475, 5
5850, 6
2850, 5
5850, 7
1500, 4
4350, 6
4275, 7
2373, 5
2100, 5
2325, 5
3075, 6
2175, 5
1807, 6
4500, 6
4425, 7
3600, 6
3825, 6
4350, 5
4125, 5
1275, 3
1950, 4
4125, 6
2025, 5
1800, 4
1500, 4
2175, 5
3685, 7
4050, 7
348, 3
3750, 6
5250, 6
3975, 6
2475, 5
473, 4
4875, 7
2100, 4
2775, 5
958, 6
4575, 7
3225, 5
1848, 5
1241, 5
2700, 5
2775, 5
5325, 7
2175, 5
3900, 7
1098, 4
3900, 6
3300, 5
3450, 6
4350, 6
1694, 6
3525, 6
2700, 5
5250, 7
2100, 5
1331, 5
2625, 5
2925, 5
3600, 6
879, 5
3525, 6
2400, 6
3375, 5
2625, 6
1552, 6
2925, 6
2072, 5
2523, 6
1950, 4
3375, 6
4575, 7
3300, 6
3750, 6
1678, 5
2264, 6
473, 4
2333, 7
3075, 5
2700, 5
1089, 5
5100, 7
1848, 6
3000, 5
2898, 6
2025, 5
1998, 6
1477, 6
4575, 7
4575, 7
487, 3
1063, 5
3825, 5
1305, 5
519, 5
3750, 6
1875, 5
3225, 6
3525, 5
1688, 5
2925, 5
1800, 4
1472, 5
3450, 6
4125, 5
3525, 6
2325, 5
1800, 5
3075, 5
3075, 7
1378, 6
4173, 7
4275, 7
1275, 4
2325, 5
1404, 6
5475, 6
3825, 5
2100, 5
2625, 5
3300, 5
2775, 5
4725, 8
3300, 6
4575, 6
4425, 7
1014, 5
322, 4
637, 4
1128, 5
300, 2
1248, 5
1950, 4
1548, 4
1000, 6
1201, 6
1052, 5
865, 4
3150, 6
2574, 7
2344, 6
2700, 6
310, 4
183, 4
1052, 5
789, 4
4650, 6
2298, 6
3975, 6
2175, 5
927, 5
1318, 5
637, 4
173, 3
1566, 5
3600, 5
3525, 5
2588, 6
3525, 5
3900, 5
3300, 5
1950, 4
4050, 7
2124, 6
2700, 4
2100, 5
1275, 4
2700, 5
3300, 5
1275, 4
3000, 5
3675, 6
2842, 7
1650, 4
1725, 5
2175, 5
3525, 6
4125, 6
2475, 5
648, 4
675, 3
4050, 6
2250, 5
2550, 5
3750, 6
360, 4
358, 5
2775, 5
2448, 6
1500, 4
1014, 5
322, 4
1242, 5
713, 4
3000, 5
2250, 5
1974, 5
2775, 6
623, 5
1014, 5
824, 5
938, 5
3675, 5
2925, 5
5025, 7
3150, 6
775, 5
654, 5
683, 5
976, 5
873, 4
4125, 6
2175, 4
2625, 5
412, 3
713, 4
1391, 6
512, 4
1191, 4
628, 5
4650, 7
2700, 6
2850, 5
2550, 5
2082, 6
2424, 6
1725, 4
461, 4
2700, 4
5550, 6
3525, 5
2250, 5
1835, 6
2475, 5
1125, 4
3600, 6
1670, 7
2700, 5
3375, 6
3225, 6
2625, 6
4425, 6
4725, 7
2925, 4
5025, 6
4575, 6
2700, 5
3750, 6
1594, 5
2475, 5
2400, 5
3975, 6
3075, 6
2250, 5
767, 6
751, 4
1318, 5
561, 4
1876, 5
4350, 6
4650, 6
3450, 5
585, 5
713, 4
938, 5
173, 3
1809, 6
457, 4
3347, 6
1331, 5
484, 5
561, 4
692, 5
911, 5
5850, 5
2349, 6
2175, 5
2775, 6
1014, 5
1470, 5
1014, 5
938, 5
1749, 5
648, 4
2325, 4
2700, 5
2925, 6
2673, 7
3300, 6
3174, 6
2070, 6
2904, 6
4725, 6
4350, 6
3525, 6
2625, 5
2199, 5
2400, 5
3825, 5
3000, 5
3600, 5
358, 4
1398, 5
3375, 6
3375, 6
3075, 5
4050, 6
825, 3
2898, 6
3000, 6
1473, 5
3300, 6
2475, 5
2100, 5
2471, 5
3525, 5
3150, 5
2325, 5
561, 4
388, 5
181, 4
713, 4
975, 3
2250, 5
3048, 7
1623, 5
1660, 5
824, 5
737, 5
561, 4
1950, 4
2325, 5
2025, 5
4425, 6
1166, 5
775, 5
637, 4
976, 5
1753, 6
4275, 6
3300, 6
3099, 7
1114, 6
661, 5
704, 6
1166, 5
1847, 6
4425, 5
3825, 6
4125, 6
4125, 6
1378, 5
4650, 7
1015, 4
2091, 6
4350, 6
4425, 7
3975, 5
3525, 5
2550, 5
4200, 6
750, 3
2775, 5
3600, 5
3975, 6
1350, 3
1875, 5
1350, 4
3225, 6
2625, 5
5025, 6
4725, 7
4275, 6
3600, 6
1613, 5
2673, 6
2775, 5
3675, 5
699, 4
1998, 6
3525, 6
652, 5
2325, 5
3450, 6
2100, 5
2025, 5
2349, 6
2325, 5
3525, 6
1698, 5
2100, 4
2850, 6
4050, 5
699, 4
1875, 5
1483, 7
3150, 6
1950, 4
1500, 4
3048, 6
4950, 7
1149, 5
1847, 6
1824, 6
2087, 6
750, 4
1613, 5
1725, 4
2925, 5
1753, 6
2775, 5
3225, 6
2925, 5
3975, 5
729, 5
2325, 5
2850, 4
2475, 5
5625, 7
2053, 6
3675, 6
624, 4
2550, 5
1500, 4
3150, 5
2187, 5
2775, 6
5175, 7
3375, 5
5250, 7
2298, 6
2148, 6
1650, 4
1355, 5
1875, 4
5325, 6
2700, 5
4125, 7
2250, 4
4200, 7
3300, 5
3150, 5
3150, 6
2316, 6
1125, 4
4050, 6
2625, 5
3600, 6
1698, 5
3375, 6
4350, 6
1500, 4
1800, 5
2250, 5
3423, 7
3075, 6
2973, 6
1674, 5
3825, 5
2400, 5
2298, 6
1248, 5
1927, 6
3075, 6
3900, 6
4575, 6
3675, 5
2505, 8
4275, 6
4050, 6
2682, 5
1824, 5
1575, 4
2175, 5
825, 3
2073, 5
3525, 6
1350, 4
798, 4
4725, 7
3900, 6
1800, 5
3225, 4
3300, 5
1599, 5
5025, 6
2925, 5
2748, 5
2100, 4
1950, 4
3600, 5
2400, 5
823, 5
940, 4
2175, 5
1350, 4
1284, 5
1241, 5
2625, 5
2475, 5
826, 4
1277, 5
873, 4
352, 4
1200, 4
5325, 6
4050, 7
2025, 4
3000, 5
1425, 4
2424, 6
3750, 6
2400, 4
2475, 5
2025, 4
3000, 6
1674, 5
798, 4
3375, 5
1650, 4
3000, 5
2475, 5
1425, 4
1950, 5
1453, 6
4800, 6
3450, 5
2448, 6
4425, 6
2625, 5
4425, 6
4725, 7
1753, 6
2124, 5
3675, 6
3600, 6
2850, 5
2343, 6
4275, 6
952, 5
1023, 4
2625, 6
2625, 5
1473, 5
3075, 5
4875, 6
5175, 7
3375, 5
798, 4
2175, 5
1950, 5
723, 4
1027, 5
3600, 6
3675, 6
1500, 4
1466, 6
3600, 6
1500, 4
4125, 7
1773, 6
2025, 5
4125, 7
5250, 6
4500, 7
3217, 6
3000, 6
3675, 6
2574, 6
838, 5
1896, 6
2475, 5
2625, 5
3900, 6
3225, 6
366, 5
1248, 5
1425, 4
3225, 5
2073, 6
3975, 7
3300, 5
2298, 6
3450, 6
1350, 4
3300, 5
3300, 5
2448, 6
2775, 5
1960, 6
2550, 5
3600, 6
4299, 7
3750, 5
1125, 4
4125, 6
1393, 5
1146, 6
3300, 5
4125, 7
1575, 4
461, 5
2775, 6
4425, 7
1950, 5
1539, 6
2574, 6
4725, 6
2373, 6
2298, 6
1279, 5
1950, 4
1623, 5
3675, 5
3364, 6
4050, 6
3300, 5
1143, 5
2775, 5
3600, 6
4125, 6
658, 6
2025, 4
4200, 6
648, 4
2420, 6
4275, 6
912, 5
2673, 7
3900, 6
4125, 6
2823, 6
727, 5
4599, 7
1800, 6
3072, 6
4125, 6
3225, 6
561, 4
1242, 5
326, 5
599, 4
2325, 5
3225, 6
1252, 6
1950, 5
585, 5
1242, 5
1052, 5
1166, 5
1323, 5
3750, 6
2400, 5
1773, 6
561, 4
976, 5
183, 4
938, 5
4125, 5
1599, 5
2025, 5
515, 5
412, 3
1429, 6
328, 5
599, 4
1749, 5
2325, 4
3300, 6
4425, 7
750, 3
3525, 6
3300, 6
4500, 6
4725, 6
3300, 5
348, 3
2100, 5
4875, 6
4650, 6
3225, 5
1444, 5
4800, 7
3075, 6
3450, 6
4050, 6
2475, 5
3000, 6
3900, 6
2625, 6
2400, 5
4125, 6
2925, 5
956, 4
2175, 4
3300, 6
2223, 6
2400, 5
1800, 4
1950, 4
2550, 5
2250, 5
900, 5
1204, 5
875, 5
976, 5
4650, 6
1121, 5
3450, 5
6375, 8
326, 5
561, 4
938, 5
424, 4
3225, 6
1575, 4
1275, 3
3300, 5
1052, 5
1280, 5
1014, 5
1152, 6
3750, 6
4500, 6
2049, 6
2625, 6
1391, 6
637, 4
862, 5
561, 4
4350, 6
804, 5
3975, 7
2973, 6
2025, 5
3000, 5
4200, 6
4200, 7
2598, 5
3075, 5
2775, 5
1511, 6
3225, 5
3750, 6
2700, 5
3825, 5
3675, 6
836, 5
4050, 6
3423, 6
3375, 5
873, 4
1476, 5
3000, 5
873, 4
3300, 6
1650, 4
2799, 6
1275, 4
2598, 6
4350, 6
2400, 5
4575, 6
1698, 5
648, 4
2223, 6
965, 5
609, 5
187, 5
824, 5
348, 3
1698, 5
2700, 5
4050, 7
1204, 5
675, 4
1242, 5
1090, 5
4500, 6
4200, 7
1749, 5
1224, 4
298, 3
1090, 5
976, 5
936, 6
4650, 6
1425, 4
3525, 6
3300, 5
599, 4
1014, 5
599, 4
789, 4
3450, 5
3225, 6
1941, 6
1278, 5
4125, 6
1472, 5
4050, 6
1894, 6
4875, 6
3900, 6
1472, 5
4650, 6
2250, 4
1753, 6
2700, 5
5250, 6
4875, 7
3000, 6
2475, 5
3375, 6
3300, 6
2250, 5
4275, 6
3450, 6
3300, 6
5325, 6
2124, 6
2035, 6
2250, 5
2700, 5
1899, 5
1829, 5
2175, 5
1565, 6
3225, 5
909, 4
687, 5
862, 5
976, 5
1394, 5
4500, 6
2649, 6
2025, 5
1824, 5
1090, 5
900, 5
713, 4
1166, 5
3150, 5
1950, 5
2325, 5
4575, 7
173, 3
187, 5
976, 5
824, 5
1782, 5
788, 4
940, 4
4575, 8
827, 4
1052, 5
797, 5
692, 5
938, 5
3750, 6
3710, 6
938, 5
2175, 5
2025, 4
3750, 6
358, 4
4875, 7
4050, 6
4853, 8
1875, 5
599, 4
187, 5
3375, 5
2400, 5
2129, 6
2499, 6
2336, 6
5850, 7
4725, 6
2298, 6
2625, 5
3150, 6
1941, 6
4725, 6
3525, 6
2298, 6
3600, 6
2325, 4
2250, 5
1650, 4
851, 5
4125, 5
364, 5
1923, 6
300, 2
1425, 4
2188, 5
1950, 4
1239, 7
3900, 5
3300, 5
751, 4
5025, 7
2400, 5
3150, 5
3225, 6
1725, 4
4350, 6
3450, 5
1950, 4
3675, 5
4200, 6
4275, 6
3525, 6
2625, 5
5625, 7
4650, 7
1252, 6
60, 3
3150, 6
1500, 3
2925, 5
1323, 5
3450, 6
2925, 5
2025, 5
2700, 5
3450, 5
1051, 5
1992, 6
2302, 7
3000, 5
1725, 4
938, 5
1352, 6
3150, 5
3000, 5
2850, 5
2175, 5
3750, 6
2859, 7
3525, 5
4800, 7
3000, 5
2625, 5
1828, 6
1970, 5
2176, 6
2175, 5
2101, 6
1725, 5
2269, 6
5850, 7
4200, 5
5850, 7
1950, 5
1355, 5
3324, 6
1425, 4
2625, 5
2925, 5
3225, 5
3245, 7
5100, 6
948, 4
3450, 5
789, 4
1832, 5
3300, 5
3000, 6
1575, 4
4575, 6
1162, 5
3150, 5
4275, 6
356, 4
2250, 5
2100, 4
3450, 5
3150, 6
4950, 6
3423, 6
1575, 4
2574, 6
2775, 5
2400, 5
2550, 5
599, 4
4125, 6
4875, 6
1801, 5
2325, 5
2550, 5
358, 4
1098, 4
2100, 5
1425, 4
2625, 5
3225, 5
3075, 5
3675, 6
1650, 4
2025, 5
851, 5
2325, 5
3375, 5
3300, 6
5700, 5
4899, 8
3450, 5
2325, 5
1650, 4
1923, 5
3525, 6
2625, 5
948, 4
4575, 5
1650, 4
4050, 6
2100, 4
2925, 5
624, 4
2298, 6
2823, 6
3450, 5
3873, 6
900, 5
1275, 4
1556, 5
1051, 5
322, 4
2025, 5
3900, 6
1725, 5
3750, 5
1599, 5
3075, 6
1275, 4
6225, 8
561, 4
901, 4
3750, 6
648, 4
2475, 5
2475, 5
2175, 5
2100, 5
2700, 5
1575, 4
1679, 5
2175, 5
3225, 5
4425, 6
4275, 6
3900, 7
4350, 6
1749, 6
2100, 5
1698, 5
1053, 4
2850, 5
2250, 5
3225, 5
788, 4
4200, 7
1275, 3
1612, 6
4350, 6
4125, 6
1801, 5
2317, 6
1090, 5
6525, 8
6075, 7
5250, 6
1125, 4
2025, 5
3900, 6
1173, 4
2550, 6
699, 4
2775, 5
3450, 5
599, 4
3525, 6
3975, 5
3000, 6
3150, 6
3225, 6
1432, 5
1051, 5
370, 6
1800, 4
4200, 5
3750, 6
3825, 5
2005, 7
4200, 6
2383, 6
561, 4
1127, 5
2400, 4
2925, 5
4275, 5
2925, 6
3525, 5
5850, 8
2279, 6
2874, 6
2100, 5
2625, 5
1394, 5
1590, 6
2400, 4
3600, 5
1599, 5
3600, 6
961, 6
2175, 4
5100, 6
1899, 5
1725, 4
4125, 6
3675, 5
2166, 5
3217, 6
1177, 6
2400, 3
1051, 5
3600, 5
1425, 4
3750, 6
4125, 5
1200, 4
5175, 6
2625, 5
2223, 6
3600, 5
712, 4
1200, 4
1374, 5
2400, 5
2850, 5
1425, 4
4350, 6
3225, 6
5400, 7
4098, 7
5025, 6
2100, 5
1725, 4
2349, 6
2325, 5
1950, 5
2700, 5
3150, 6
2250, 4
3150, 5
2223, 6
473, 4
2874, 6
5250, 7
3000, 5
2373, 5
2025, 4
2925, 5
5700, 6
3675, 7
4125, 5
2850, 5
1125, 4
3450, 6
2574, 6
2250, 4
4050, 6
2625, 6
3300, 6
1688, 5
3273, 6
2475, 5
3525, 6
2073, 6
3450, 5
3075, 6
3000, 6
3999, 7
3750, 6
3900, 6
1398, 5
3300, 6
3000, 6
3525, 6
3450, 6
2700, 5
2775, 5
2073, 6
1956, 6
1348, 6
2208, 6
3488, 7
2677, 7
2325, 5
3375, 5
3600, 5
4500, 6
1575, 3
3975, 6
2850, 4
599, 4
3225, 6
2452, 7
3150, 5
3525, 6
1575, 3
1519, 5
1950, 4
2823, 6
5100, 7
6450, 7
1350, 4
1477, 6
1603, 5
3750, 6
2925, 5
4575, 6
1350, 4
3975, 6
3525, 6
5100, 6
2100, 5
5049, 8
4875, 6
1352, 5
1318, 5
300, 2
1998, 5
4050, 5
364, 5
2700, 5
2748, 6
2400, 5
1885, 5
3150, 7
3225, 5
3750, 5
561, 4
1125, 4
358, 4
3675, 6
656, 5
2775, 5
4125, 6
4500, 6
2250, 5
3000, 5
1870, 5
6525, 5
1678, 5
5175, 6
2700, 5
1200, 3
3975, 6
1464, 5
1500, 4
2625, 5
1548, 5
3000, 6
4950, 6
1125, 4
3900, 6
1698, 5
1280, 6
4275, 6
3450, 6
4575, 6
2850, 5
1800, 3
4500, 7
2199, 6
5250, 7
827, 4
3675, 6
1599, 5
2625, 5
1847, 6
1950, 4
3123, 6
2325, 5
824, 5
4050, 6
3975, 6
1698, 5
2100, 5
1800, 4
2848, 6
2475, 5
1546, 5
3900, 6
2823, 6
2073, 6
6000, 8
1173, 4
2317, 6
723, 5
5250, 8
2850, 4
5025, 6
2475, 5
505, 4
4800, 6
2625, 6
2400, 4
4500, 6
358, 5
561, 4
3750, 6
2625, 5
4800, 6
2325, 5
4350, 5
1402, 6
1988, 6
3600, 7
1425, 3
2000, 5
3825, 6
5625, 7
2250, 4
1407, 4
2775, 6
2550, 5
1575, 4
2475, 4
1098, 4
5250, 7
5475, 7
2400, 5
3900, 5
5325, 7
798, 4
5100, 6
2700, 5
2700, 6
3075, 5
3000, 5
2898, 6
1166, 5
1548, 5
1998, 6
2936, 7
4275, 6
2439, 6
2325, 5
1941, 6
1504, 5
3300, 5
5100, 7
826, 4
826, 4
1848, 5
3450, 5
2850, 5
2400, 5
2925, 5
2550, 5
3375, 6
449, 3
6150, 7
2550, 5
3000, 6
3150, 5
2799, 6
3161, 6
2241, 6
2977, 7
5700, 7
3825, 6
1425, 4
1848, 5
1725, 4
1524, 5
4425, 6
4650, 6
862, 5
1200, 4
4050, 6
4500, 5
2148, 6
1284, 5
358, 5
2550, 5
3150, 5
3825, 5
3075, 6
2175, 5
1350, 4
648, 4
3600, 5
938, 5
975, 5
1165, 5
5175, 7
2175, 5
2223, 5
6075, 7
4950, 7
948, 4
2397, 6
3900, 5
2044, 6
656, 5
356, 4
4500, 7
3225, 6
1052, 5
354, 5
3525, 5
2175, 5
3999, 7
2850, 6
2775, 5
2550, 5
1725, 5
4500, 6
3300, 6
1566, 5
322, 4
1202, 5
2400, 5
2550, 5
2625, 4
5550, 6
561, 4
2874, 6
2925, 6
5700, 6
2925, 6
3075, 5
3000, 5
2550, 5
2546, 7
356, 4
3525, 6
1299, 4
3000, 5
1950, 5
5475, 7
2250, 5
2175, 4
3075, 6
3825, 6
2823, 5
2199, 6
3900, 6
4875, 6
1801, 5
3825, 6
3300, 6
2775, 6
1875, 5
1998, 6
1800, 4
713, 4
1173, 4
1350, 4
3000, 5
2025, 4
2025, 5
729, 5
3873, 7
3150, 5
4125, 6
3225, 6
3300, 5
2448, 5
3000, 5
2925, 6
1848, 5
1090, 5
3375, 6
3075, 5
2813, 5
1875, 5
723, 4
938, 5
3212, 7
2874, 6
473, 4
1402, 6
2100, 5
3450, 6
2400, 5
3600, 5
5325, 7
503, 5
4425, 6
862, 5
3450, 5
2550, 5
1650, 4
3600, 5
1575, 4
1398, 4
3450, 6
2073, 5
1425, 5
2400, 5
599, 4
3225, 5
3375, 5
2100, 4
3000, 6
1923, 6
3123, 6
2274, 5
1323, 5
3150, 5
3000, 5
1754, 5
3825, 7
364, 5
3825, 6
2025, 5
2775, 6
5550, 6
358, 4
1773, 5
2223, 6
3075, 5
3399, 7
1631, 6
2625, 5
4725, 6
2775, 4
2429, 6
3825, 6
3675, 6
1800, 4
5025, 7
2400, 5
2898, 6
1824, 5
2175, 5
5100, 6
2925, 6
775, 5
2925, 6
4425, 5
2175, 5
2100, 5
4200, 6
1013, 5
5175, 7
3300, 6
874, 5
5550, 7
461, 4
1650, 4
2925, 4
183, 4
450, 2
4950, 6
4125, 6
957, 5
4350, 5
2625, 5
1725, 4
1998, 6
2475, 5
3450, 5
1749, 5
624, 4
1697, 5
1252, 6
1398, 4
4500, 6
3525, 6
2160, 6
976, 5
3825, 6
938, 4
1350, 4
5325, 7
2925, 5
2250, 5
2325, 5
3375, 6
3225, 5
2148, 6
1749, 5
2625, 5
2400, 4
1950, 5
449, 3
2393, 6
648, 4
788, 4
4350, 6
3324, 7
2424, 6
3075, 6
1121, 5
3549, 6
4800, 7
3675, 6
652, 5
2400, 6
3675, 6
3900, 6
1149, 5
2250, 5
2925, 5
3675, 6
422, 4
4350, 7
2775, 5
3750, 6
3000, 5
2625, 5
2550, 5
1541, 6
2625, 6
2037, 6
1128, 5
336, 3
1800, 5
2325, 5
3675, 6
2850, 6
2025, 5
4125, 6
496, 4
3225, 5
2550, 5
873, 5
637, 4
1875, 5
4725, 6
3075, 5
1707, 5
1200, 3
1127, 5
2625, 5
1203, 5
824, 5
1548, 5
3198, 6
1698, 4
1275, 3
3600, 6
3087, 6
5250, 7
3150, 5
1548, 5
4350, 7
1091, 4
1125, 3
637, 4
1706, 6
1575, 4
3300, 6
2250, 5
2475, 5
4200, 6
3104, 7
3900, 6
1090, 5
2775, 6
2475, 5
3075, 5
4575, 5
3450, 6
3000, 5
3075, 5
1923, 5
3375, 6
2100, 5
2025, 5
2724, 6
4050, 7
3150, 5
3750, 6
1500, 4
2925, 5
954, 6
1899, 6
4050, 6
3300, 6
3150, 5
648, 4
2400, 5
4050, 6
4050, 6
3675, 5
3975, 6
3075, 5
1950, 5
3150, 5
3000, 5
3675, 5
788, 4
2775, 5
3349, 7
2700, 5
2025, 5
4050, 6
2400, 5
4050, 6
862, 5
2475, 5
1355, 6
1177, 5
2073, 5
3375, 6
4875, 7
3450, 6
1998, 5
1623, 5
2973, 6
3975, 6
5850, 7
300, 2
1650, 4
3790, 8
2850, 5
2625, 5
3150, 5
3273, 6
2250, 5
2475, 5
4500, 7
3825, 6
713, 4
3150, 6
1425, 4
2823, 6
3825, 5
2250, 5
3600, 5
1200, 4
729, 5
2100, 5
2195, 6
1923, 5
3300, 6
3600, 5
5325, 7
4350, 6
3000, 5
2747, 6
1800, 4
2748, 6
2268, 7
64, 3
2175, 5
751, 4
3150, 6
2649, 6
3750, 6
1623, 5
2100, 4
2550, 5
