Evaluations, Played
22950, 7
8168, 6
17850, 6
18600, 5
16500, 6
21000, 6
17400, 6
17400, 6
15450, 5
17850, 6
3124, 5
20520, 6
17850, 6
18300, 6
20550, 6
29700, 7
19050, 5
15900, 5
13200, 5
18600, 5
15000, 5
25950, 6
16950, 6
18750, 6
8185, 5
15000, 5
25650, 7
18000, 7
2790, 4
10140, 5
16800, 5
20100, 6
13650, 5
12424, 7
7770, 5
16410, 6
21150, 7
20100, 6
24150, 6
20100, 6
17400, 6
21600, 7
24600, 6
12300, 5
16924, 7
7047, 6
5643, 6
22500, 7
19320, 7
18300, 6
10050, 5
14670, 6
16950, 6
19500, 5
22200, 5
18720, 6
12750, 5
16800, 5
16500, 6
15150, 6
13650, 5
14100, 5
15000, 5
377, 4
15000, 5
7650, 4
16500, 6
16050, 6
17100, 7
17850, 6
19650, 6
13650, 5
24750, 7
11190, 6
11940, 5
15570, 6
11850, 5
20100, 6
14100, 5
17250, 5
8247, 6
22350, 6
25950, 6
4020, 4
12600, 4
23700, 6
16500, 6
10950, 5
10920, 5
4571, 5
22800, 6
13650, 5
18300, 6
7200, 4
26490, 6
20850, 5
14700, 6
20550, 6
12900, 6
5997, 5
20700, 7
15900, 5
15600, 6
18270, 6
16050, 6
21750, 5
17400, 6
14700, 6
11820, 5
19290, 6
16470, 6
19650, 6
5922, 6
21300, 5
17850, 6
15450, 5
15450, 5
13650, 5
16950, 6
14250, 6
22890, 6
9120, 5
5621, 6
17850, 6
17250, 5
15000, 5
26100, 7
13200, 5
4386, 6
4150, 5
9000, 4
2228, 5
13650, 5
4346, 5
2550, 3
13650, 5
11850, 5
20250, 7
12870, 6
20100, 6
10920, 5
20550, 6
17400, 6
13740, 5
19050, 5
26400, 6
12750, 5
12150, 4
13650, 5
5194, 6
14670, 6
15600, 6
19800, 7
19200, 6
9720, 6
4346, 5
13650, 5
9240, 5
12750, 5
9150, 5
14100, 5
12844, 6
14100, 5
22050, 7
19650, 6
11700, 4
16950, 6
17850, 6
11520, 6
10500, 5
14250, 6
18194, 7
13650, 5
23250, 6
14250, 6
21000, 6
30150, 7
10950, 5
3240, 4
18840, 6
17370, 6
14550, 5
13200, 5
28800, 7
18600, 5
5922, 6
5850, 4
27000, 7
20550, 6
13650, 5
13650, 5
1393, 4
886, 6
9900, 4
10020, 5
14700, 6
14070, 5
6990, 5
4950, 4
15240, 6
15000, 5
23250, 6
3671, 5
14100, 5
23700, 6
11400, 5
16500, 6
5526, 6
10800, 4
2956, 5
5792, 6
16500, 6
11370, 5
359, 3
20100, 6
13650, 5
18750, 6
6870, 5
21990, 6
840, 3
4571, 5
963, 5
5696, 6
16950, 6
16050, 6
22500, 7
22350, 6
18940, 8
12840, 5
24150, 6
17850, 6
12900, 6
13650, 5
13200, 5
10050, 5
17400, 6
19200, 6
5320, 6
20100, 6
8550, 4
15150, 6
13590, 7
24600, 6
11440, 6
14250, 6
17250, 5
14970, 5
18150, 5
12300, 5
14250, 6
5070, 5
19650, 6
16800, 5
3972, 5
1782, 5
11040, 5
17850, 6
10572, 7
15900, 5
2670, 4
20550, 6
15450, 5
21900, 6
20400, 5
12540, 6
17370, 6
15150, 6
21570, 7
4346, 5
21300, 5
12870, 6
17850, 6
20700, 7
18990, 7
17820, 6
10050, 5
16500, 6
16949, 5
16050, 6
10800, 4
15450, 5
14250, 6
11370, 5
16020, 6
13422, 5
17400, 6
16950, 6
20220, 7
8380, 7
16800, 5
22220, 6
23400, 7
22950, 7
16350, 5
23850, 7
20100, 6
19200, 6
14670, 6
19591, 6
20670, 7
22800, 6
15000, 5
18000, 7
15450, 5
7820, 6
16050, 6
25950, 6
21000, 6
12750, 5
24394, 8
15900, 5
18420, 7
10800, 4
13320, 6
1622, 5
23700, 6
5850, 4
20850, 5
15600, 6
11850, 5
5921, 5
21750, 5
15450, 5
20100, 6
20100, 6
25200, 7
19200, 6
15244, 7
11520, 6
18270, 6
12750, 5
14550, 5
12300, 5
16050, 6
19950, 5
5021, 5
16050, 6
19200, 6
22350, 6
18750, 6
19200, 6
14250, 6
18300, 6
9000, 4
13500, 4
9150, 5
11520, 6
13800, 6
26850, 6
24600, 6
13710, 6
14700, 6
11970, 6
10350, 4
8850, 3
9510, 5
20550, 6
15240, 6
13200, 5
12870, 6
17250, 5
3276, 6
3570, 4
13320, 6
5914, 6
21120, 7
17970, 7
16500, 6
16050, 6
11400, 5
11981, 7
23400, 7
16920, 6
10950, 5
15150, 6
17550, 7
10470, 5
5504, 5
19650, 6
9510, 5
10744, 7
16800, 5
14700, 6
14100, 5
15900, 5
10620, 6
18000, 7
6900, 5
21450, 6
15420, 8
21000, 6
7800, 5
6073, 5
27300, 6
13320, 6
2360, 6
2232, 6
12244, 8
14550, 5
750, 5
18750, 6
6750, 4
18150, 5
20100, 6
11370, 5
15000, 5
24150, 6
21000, 6
21000, 6
24300, 7
20100, 6
13500, 4
11850, 5
3147, 4
7004, 7
17370, 6
2592, 5
17850, 6
10740, 6
5520, 5
18090, 7
16350, 5
11290, 5
18300, 6
23700, 6
21450, 6
7648, 5
2550, 3
2756, 6
18750, 6
20850, 5
16590, 6
16350, 5
18750, 6
17700, 5
21000, 6
8550, 4
17820, 6
25500, 6
13540, 5
19650, 6
16050, 6
13620, 5
11400, 5
7999, 6
7650, 4
12300, 5
19650, 6
26850, 6
23700, 6
14700, 6
16470, 6
16500, 6
21150, 7
14550, 5
16390, 6
20550, 6
20550, 6
13800, 6
16350, 5
16050, 6
13260, 6
17400, 6
15000, 5
18750, 6
17850, 6
20850, 5
14700, 6
22650, 5
26400, 6
19650, 6
13050, 4
18300, 6
15240, 6
17250, 5
5021, 5
2804, 5
30600, 7
15960, 6
21600, 7
3252, 6
16350, 5
17640, 7
9034, 5
12544, 7
14250, 6
12990, 6
21000, 6
8700, 5
27900, 7
16350, 5
22950, 7
15690, 6
10594, 6
3130, 5
26400, 6
22800, 6
12750, 5
15000, 5
21450, 6
17850, 6
15450, 5
2238, 6
13170, 5
19500, 5
10500, 5
22350, 6
9150, 5
12990, 6
11850, 5
16950, 6
29100, 6
18300, 6
20400, 5
5246, 5
18750, 6
14220, 6
14140, 6
5062, 6
18420, 7
20340, 7
10800, 4
15600, 6
21900, 6
17400, 6
21000, 6
13170, 5
21994, 7
3446, 5
15060, 6
14100, 5
3597, 4
14250, 6
12300, 5
6690, 6
20340, 7
12300, 5
1786, 6
17400, 6
7073, 6
25950, 6
30000, 6
14700, 6
15900, 5
32700, 6
22950, 7
14100, 5
9240, 5
10020, 5
3042, 5
14790, 6
23700, 6
5297, 7
13800, 6
4571, 5
11490, 5
15150, 6
19500, 5
15150, 6
21600, 7
14250, 6
17850, 6
11490, 5
21000, 6
14550, 5
18300, 6
15600, 6
18300, 6
20624, 7
13890, 6
19650, 6
16470, 6
10650, 6
16500, 6
22020, 7
14250, 6
10800, 4
10950, 5
26550, 7
24300, 7
13650, 5
11250, 4
16350, 5
17400, 6
18300, 6
12270, 5
16800, 5
21900, 6
12750, 5
12450, 6
19320, 7
20550, 6
16950, 6
12540, 6
28800, 7
17850, 6
17250, 5
25500, 6
19650, 6
16350, 5
16050, 6
14400, 4
23400, 7
17250, 5
16020, 6
17940, 6
6998, 6
17490, 6
12750, 5
11850, 5
17400, 6
15450, 5
17250, 5
16950, 6
12600, 4
16950, 6
9096, 5
17100, 7
14550, 5
13320, 6
6300, 4
2922, 4
12720, 5
14550, 5
25200, 7
19200, 6
21450, 6
10416, 6
10950, 5
12750, 5
17400, 6
734, 4
9600, 5
20850, 5
21450, 6
5910, 5
9000, 4
10050, 5
8700, 5
11944, 6
17070, 7
20100, 6
15420, 5
15150, 6
18300, 6
2790, 4
18300, 6
4796, 5
12870, 6
22350, 6
18300, 6
15150, 6
15150, 6
16050, 6
24150, 6
8670, 5
21000, 6
20550, 6
14100, 5
27450, 7
19620, 6
19650, 6
18150, 5
23250, 6
18900, 7
17850, 6
1890, 4
7900, 6
15570, 6
25950, 6
5044, 5
15000, 5
20550, 6
2794, 5
16500, 6
17850, 6
12300, 5
10665, 5
20250, 7
14100, 5
10290, 6
8610, 5
13890, 6
22950, 7
17190, 7
11400, 5
14100, 5
11970, 6
23700, 6
15150, 6
10020, 5
13650, 5
25650, 7
11520, 6
4617, 6
21600, 7
12750, 5
19200, 6
17250, 5
9573, 6
18750, 6
19384, 6
15450, 5
13800, 6
8250, 5
15000, 5
15450, 5
7200, 4
17850, 6
9450, 4
16350, 5
3450, 3
10950, 5
18750, 6
15120, 6
1910, 5
10920, 5
20100, 6
10924, 6
20550, 6
24600, 6
16350, 5
13890, 6
14550, 5
12450, 6
9600, 5
15450, 5
11400, 5
22200, 5
13800, 6
19950, 5
12360, 6
3702, 6
18750, 6
13890, 6
14100, 5
12900, 6
13274, 6
15000, 5
7920, 6
11400, 5
16950, 6
20100, 6
19650, 6
20400, 5
18600, 5
6814, 6
18300, 6
26100, 7
11400, 5
19500, 5
5526, 6
16350, 5
19650, 6
16950, 6
10950, 5
9964, 6
19950, 5
5490, 4
15940, 6
18300, 6
18300, 6
8340, 5
10170, 6
14700, 6
16050, 6
17250, 5
23400, 7
13170, 5
20100, 6
20700, 7
17250, 5
27300, 6
15000, 5
9600, 5
15450, 5
16800, 5
13500, 4
17250, 5
24150, 6
5976, 6
20550, 6
12300, 5
21000, 6
20550, 6
21000, 6
15996, 6
18300, 6
2674, 5
17850, 6
17700, 5
19650, 6
20100, 6
24750, 7
15450, 5
2230, 5
15000, 5
11070, 6
16020, 6
12720, 5
12300, 5
20550, 6
12750, 5
13350, 6
19050, 5
20100, 6
17250, 5
16500, 6
11850, 5
2798, 5
24750, 7
19650, 6
5493, 5
22800, 6
2340, 4
730, 6
15960, 6
12300, 5
27900, 7
16444, 6
14550, 5
904, 5
7650, 4
18300, 6
8558, 6
20040, 8
21450, 6
9150, 5
2212, 5
6311, 6
15390, 7
8550, 4
22800, 6
5520, 5
22650, 5
17400, 6
14250, 6
14550, 5
936, 5
16650, 7
18150, 5
18990, 7
19200, 6
888, 5
15150, 6
4796, 5
17370, 6
15900, 5
14100, 5
19650, 6
16350, 5
14550, 5
3597, 4
19500, 5
13320, 6
10050, 5
3240, 4
18300, 6
14250, 6
3896, 5
18600, 5
14100, 5
23700, 6
15450, 5
15150, 6
14250, 6
19050, 5
20850, 5
18300, 6
12750, 5
2670, 4
17400, 6
9000, 4
15450, 5
19740, 6
15120, 6
15000, 5
6814, 5
8196, 5
7320, 5
20100, 6
21000, 6
12750, 5
1108, 4
18300, 6
12300, 5
8100, 4
17400, 6
17370, 6
20100, 6
11644, 7
15900, 5
19650, 6
13320, 6
14550, 5
22350, 6
12450, 6
20550, 6
904, 5
14100, 5
12750, 5
16500, 6
15450, 5
18300, 6
15450, 5
28950, 8
30300, 8
13320, 6
13500, 4
7350, 5
27420, 7
15150, 6
887, 5
19290, 6
24300, 7
20550, 6
20100, 6
24300, 7
9600, 5
18750, 6
16350, 5
898, 5
15450, 5
10170, 6
17250, 5
19650, 6
17850, 6
11190, 6
16050, 6
16140, 6
12750, 5
5504, 5
22350, 6
23250, 6
24270, 7
10050, 5
14100, 5
23700, 6
30600, 7
13174, 6
4020, 4
180, 4
16950, 6
11400, 5
16950, 6
17250, 5
6270, 4
14250, 6
15150, 6
29400, 8
7410, 6
20100, 6
21900, 6
3046, 6
16800, 5
15300, 7
17040, 6
13294, 6
15000, 5
19650, 6
16950, 6
11040, 5
13200, 5
9120, 5
20700, 7
25950, 6
13650, 5
3496, 6
24600, 6
18750, 6
6147, 6
14670, 6
4422, 5
3042, 5
19170, 6
17850, 6
5249, 5
2220, 4
18540, 7
17400, 6
13200, 5
19500, 5
15150, 6
19994, 7
18900, 7
16500, 6
13200, 5
12000, 6
25800, 5
14340, 6
34200, 7
17850, 6
24150, 6
29250, 7
16390, 6
14250, 6
14550, 5
17400, 6
11400, 5
25650, 7
10350, 4
9240, 5
18150, 5
20550, 6
11850, 5
15600, 6
10350, 4
11400, 5
7120, 6
16500, 6
22590, 7
6670, 6
20400, 5
15000, 5
10800, 4
20250, 7
12750, 5
13460, 6
6447, 5
17400, 6
4121, 5
12720, 5
12360, 6
3900, 3
8226, 6
11400, 5
18300, 6
10650, 6
27240, 8
22350, 6
19200, 6
20550, 6
19650, 6
16920, 6
16350, 5
3221, 5
10350, 4
9240, 5
17370, 6
14100, 5
15150, 6
12750, 5
11070, 6
12390, 5
16350, 5
15600, 6
15600, 6
7320, 5
16950, 6
10860, 5
15000, 5
17490, 6
18750, 6
11524, 7
20850, 5
16410, 6
23400, 7
13744, 6
15450, 5
20100, 6
22440, 6
16800, 5
27000, 7
20100, 6
25050, 6
21450, 6
11196, 7
12990, 6
9600, 5
12270, 5
22350, 6
26250, 8
22800, 6
19650, 6
7770, 5
10350, 4
22050, 7
15150, 6
9040, 5
16950, 6
17370, 6
18750, 6
11850, 5
4350, 3
16020, 6
19200, 6
11370, 5
28800, 7
33600, 6
19050, 5
9120, 5
12420, 6
13350, 6
16050, 6
19800, 7
20100, 6
4026, 5
16050, 6
17850, 6
13690, 6
11070, 6
18300, 6
17820, 6
20100, 6
20550, 6
25950, 6
20550, 6
14340, 6
13650, 5
18000, 7
11460, 6
14700, 6
24150, 6
381, 5
21000, 6
14070, 5
5937, 5
12300, 5
11376, 6
11850, 5
8700, 5
23850, 7
16350, 5
20550, 6
15510, 6
18870, 7
16800, 5
21000, 6
3846, 6
9000, 4
11400, 5
21000, 6
12750, 5
3793, 5
11070, 6
14550, 5
11520, 6
24000, 5
11490, 5
22350, 6
12420, 6
25200, 7
18750, 6
15450, 5
21900, 6
23400, 7
10920, 5
15540, 5
15044, 7
1198, 6
11850, 5
11820, 5
24150, 6
14550, 5
21750, 5
24600, 6
18300, 6
13770, 6
14250, 6
4916, 6
20100, 6
16050, 6
19620, 6
21600, 7
13500, 4
15600, 6
11250, 4
14670, 6
17400, 6
16500, 6
14700, 6
24600, 6
18720, 6
9570, 5
20100, 6
19800, 7
21450, 6
375, 4
7268, 6
16050, 6
14100, 5
15900, 5
15450, 5
20550, 6
14100, 5
28800, 7
17400, 6
21000, 6
22950, 7
9600, 5
16860, 6
7240, 5
11496, 6
16050, 6
17850, 6
19950, 5
3147, 4
11940, 5
4259, 5
12300, 5
4571, 5
15450, 5
11400, 5
18750, 6
17250, 5
18600, 5
9600, 5
25650, 7
15600, 6
15420, 5
6720, 4
20550, 6
15600, 6
3000, 3
12210, 5
17250, 5
16350, 5
1174, 5
11040, 5
16950, 6
19200, 6
2674, 5
16950, 6
18300, 6
19200, 6
10920, 5
18300, 6
18750, 6
17850, 6
19200, 6
8550, 4
10590, 5
15000, 5
22500, 7
5021, 5
17850, 6
20100, 6
19650, 6
23400, 7
17190, 7
26040, 6
24750, 7
21450, 6
25950, 6
13770, 6
13200, 5
12300, 5
14550, 5
12900, 6
16050, 6
6372, 6
15000, 5
12870, 6
20100, 6
23040, 7
10800, 4
3822, 4
10500, 5
18750, 6
17850, 6
18300, 6
23250, 6
16170, 7
21000, 6
8670, 5
8220, 5
11250, 4
24750, 7
11400, 5
9900, 4
29100, 6
9600, 5
14340, 6
24270, 7
10800, 4
5097, 5
23490, 7
2709, 4
10800, 4
3120, 4
21450, 6
25500, 6
24300, 7
12900, 6
22200, 5
4920, 4
18900, 7
19200, 6
4422, 5
15150, 6
12750, 5
2596, 6
14250, 6
20250, 7
12300, 5
15450, 5
5094, 5
14550, 5
11400, 5
19200, 6
11370, 5
16950, 6
15150, 6
17850, 6
19500, 5
17250, 5
14250, 6
18840, 6
18450, 7
11970, 6
21000, 6
18300, 6
11400, 5
2234, 5
13896, 7
15000, 5
12790, 6
14700, 6
21450, 6
18600, 5
10950, 5
22650, 5
11250, 4
28650, 6
10440, 4
16740, 7
12750, 5
16350, 5
10540, 6
12300, 5
13800, 6
15120, 6
15900, 5
21900, 6
16950, 6
23850, 7
18300, 6
5820, 4
19500, 5
13890, 6
12750, 5
12600, 4
21000, 6
15600, 6
25050, 6
17850, 6
18990, 7
16350, 5
18750, 6
16800, 5
19200, 6
22200, 5
3576, 5
14550, 5
19950, 5
24300, 7
21750, 5
11550, 6
18750, 6
7890, 5
7650, 4
15600, 6
10800, 4
16140, 6
6457, 6
7055, 6
7440, 5
20100, 6
14100, 5
18600, 5
3256, 5
20550, 6
13800, 6
18300, 6
11190, 6
14100, 5
4874, 4
28200, 6
11850, 5
17850, 6
28350, 7
15000, 5
21450, 6
1092, 5
20700, 7
11370, 5
14370, 7
7650, 4
3416, 6
8100, 4
3147, 4
27600, 8
31050, 7
13200, 5
16950, 6
22470, 7
16350, 5
13350, 6
21000, 6
16050, 6
24600, 6
17400, 6
19650, 6
14550, 5
8490, 6
19950, 5
10950, 5
17370, 6
14550, 5
20550, 6
12900, 6
23250, 6
19200, 6
21450, 6
21600, 7
19650, 6
3690, 4
12300, 5
24150, 6
25500, 6
5532, 7
21000, 6
19200, 6
17400, 6
20100, 6
10950, 5
22350, 6
13200, 5
4571, 5
13650, 5
15150, 6
9960, 5
14250, 6
16050, 6
15150, 6
16350, 5
13650, 5
17999, 6
16350, 5
11400, 5
11550, 6
3120, 4
25950, 6
11550, 6
19200, 6
3083, 4
28350, 7
3258, 6
9960, 5
26400, 6
14340, 6
4594, 5
19650, 6
11370, 5
16500, 6
6098, 6
12750, 5
17400, 6
2620, 5
11400, 5
24600, 6
12300, 5
6521, 6
12300, 5
11550, 6
22050, 7
5173, 5
19650, 6
12150, 4
23700, 6
11950, 6
17850, 6
26700, 8
12750, 5
5974, 6
19800, 7
16590, 6
1313, 4
12420, 6
6420, 5
9028, 5
21000, 6
22950, 7
9450, 4
17700, 5
7196, 6
21000, 6
20970, 6
20100, 6
11700, 4
22590, 7
23250, 6
18598, 6
15150, 6
10920, 5
10424, 5
11940, 5
16650, 4
3167, 5
17400, 6
18750, 6
21900, 6
16050, 6
11400, 5
22350, 6
22324, 7
16950, 6
19200, 6
15240, 6
15900, 5
14670, 6
17850, 6
23700, 6
6071, 6
13740, 5
13650, 5
17250, 5
15450, 5
14700, 6
25050, 6
14550, 5
16500, 6
21900, 6
15150, 6
2804, 6
19650, 6
21032, 7
5204, 7
8340, 5
17850, 6
13200, 5
11850, 5
10500, 5
15000, 5
20250, 7
12750, 5
26400, 6
21450, 6
8550, 4
23700, 6
18600, 5
16350, 5
4571, 5
15150, 6
18300, 6
8842, 6
14550, 5
21300, 5
28500, 8
9600, 5
15150, 6
16620, 7
19200, 6
24300, 7
20550, 6
9090, 4
12840, 5
21000, 6
19350, 7
11850, 5
18450, 7
17700, 5
15300, 4
21600, 7
11850, 5
9750, 3
25200, 7
16950, 6
14250, 6
12424, 7
916, 5
21000, 6
12750, 5
15570, 6
12300, 5
18300, 6
30150, 7
4796, 5
33900, 8
8820, 6
16560, 7
10170, 6
16500, 6
15000, 5
5021, 5
5640, 5
16350, 5
23400, 7
22950, 7
3240, 4
11550, 6
20100, 6
9150, 5
19650, 6
16350, 5
10950, 5
12846, 6
19350, 7
17400, 6
15000, 5
3240, 4
18300, 6
7200, 4
19200, 6
20100, 6
11290, 5
14100, 5
14140, 6
18150, 5
13170, 5
6396, 5
18300, 6
16140, 6
12750, 5
11970, 6
4174, 6
26850, 6
30600, 7
14400, 4
21000, 6
8796, 6
14100, 5
14400, 4
21570, 7
4596, 5
23700, 6
14550, 5
12090, 6
11490, 5
17850, 6
15450, 5
14100, 5
15900, 5
14520, 5
3896, 5
12870, 6
22800, 6
21900, 6
25170, 7
15000, 5
18750, 6
18300, 6
14700, 6
20250, 7
11550, 6
15840, 7
14550, 5
11201, 5
15450, 5
17640, 7
15150, 6
15000, 5
19950, 5
15600, 6
20100, 6
14820, 7
18300, 6
11700, 4
16350, 5
10470, 5
21900, 6
23940, 7
11070, 6
19200, 6
17490, 6
17250, 5
25500, 6
22800, 6
13350, 6
19770, 7
15940, 6
8790, 5
10860, 5
18300, 6
10590, 5
19200, 6
9600, 5
14100, 5
25500, 6
22020, 7
9600, 5
15600, 6
15600, 6
10050, 5
24900, 5
16350, 5
16350, 5
21900, 6
14670, 6
18090, 7
16950, 6
13200, 5
14250, 6
12000, 6
6996, 6
2784, 5
17850, 6
26100, 7
13200, 5
14220, 6
18750, 6
15900, 5
16800, 5
16500, 6
18300, 6
16500, 6
15600, 6
19650, 6
16650, 7
18750, 6
15450, 5
17850, 6
13350, 6
14220, 6
15600, 6
16050, 6
21150, 7
16050, 6
22440, 6
15000, 5
16050, 6
4752, 6
16050, 6
874, 5
3716, 6
18870, 7
8550, 4
17700, 5
10350, 4
16950, 6
15570, 6
12150, 4
17520, 7
22200, 5
15750, 4
20100, 6
5376, 5
12870, 6
9690, 5
3256, 6
15150, 6
17250, 5
11490, 5
21000, 6
10500, 5
16020, 6
14250, 6
11850, 5
16050, 6
15000, 5
18870, 7
25500, 6
2697, 4
21450, 6
21750, 5
887, 5
14700, 6
19500, 5
16350, 5
18300, 6
23850, 7
17250, 5
17700, 5
14100, 5
11250, 4
21900, 6
21990, 6
3522, 5
20100, 6
9900, 4
4796, 5
16470, 6
11490, 5
33300, 7
4798, 4
10650, 6
5021, 5
3657, 5
12450, 6
16050, 6
30000, 6
19800, 7
8520, 4
17220, 5
21990, 6
18900, 7
15450, 5
13200, 5
18300, 6
4571, 5
21450, 6
16950, 6
15000, 5
16050, 6
17700, 5
24150, 6
18300, 6
16800, 5
13350, 6
13370, 7
19200, 6
12300, 5
21900, 6
15539, 6
16050, 6
19500, 5
10950, 5
15150, 6
13650, 5
16800, 5
19650, 6
14220, 6
1948, 5
6420, 5
20700, 7
17700, 5
5322, 5
9690, 5
13890, 6
17400, 6
17850, 6
13650, 5
29400, 8
23700, 6
9854, 6
17520, 7
20100, 6
15000, 5
20700, 7
6445, 6
18750, 6
17520, 7
18300, 6
20250, 7
14700, 6
13770, 6
12390, 5
19650, 6
10500, 5
18300, 6
15150, 6
11070, 6
936, 5
19650, 6
12750, 5
9000, 4
21300, 5
14100, 5
13260, 6
7496, 5
14100, 5
15900, 5
26850, 6
13650, 5
14790, 6
18750, 6
7722, 6
18600, 5
16020, 6
18300, 6
9450, 4
21450, 6
7000, 6
19050, 5
19200, 6
16350, 5
12750, 5
14550, 5
11700, 4
18750, 6
22920, 7
7290, 4
3046, 6
16950, 6
16050, 6
5520, 5
19650, 6
19200, 6
17850, 6
20550, 6
15600, 6
16050, 6
18390, 6
20550, 6
22470, 7
16800, 5
13350, 6
15150, 6
15600, 6
17250, 5
7983, 6
18990, 7
10500, 5
22350, 6
3258, 6
6150, 3
16950, 6
19500, 5
11520, 6
12750, 5
10294, 7
13200, 5
18300, 6
16050, 6
5097, 5
16500, 6
2164, 5
21000, 6
14100, 5
17850, 6
3252, 5
5970, 5
13200, 5
16950, 6
17850, 6
23370, 7
26100, 7
25200, 7
13320, 6
12544, 7
15750, 7
15150, 6
16860, 6
9570, 5
12150, 4
21900, 6
29850, 8
864, 4
20100, 6
1122, 6
14550, 5
19200, 6
13770, 6
8220, 5
21450, 6
5547, 5
23400, 7
24300, 7
9150, 5
23250, 6
11490, 5
11250, 4
16800, 5
14100, 5
9240, 5
18450, 7
11400, 5
14670, 6
13175, 6
16950, 6
17400, 6
16050, 6
12450, 6
16950, 6
7999, 6
10050, 5
14550, 5
25650, 7
21120, 7
19650, 6
3698, 5
18190, 6
10350, 4
18090, 7
12300, 5
7896, 6
13200, 5
2100, 3
13650, 5
17400, 6
18300, 6
18600, 5
12750, 5
13350, 6
13440, 6
19200, 6
14700, 6
18750, 6
24600, 6
6540, 5
13170, 5
12420, 6
13650, 5
25950, 6
10950, 5
17850, 6
18300, 6
19200, 6
15000, 5
13890, 6
10050, 5
22500, 7
17250, 5
19770, 7
16350, 5
14100, 5
10500, 5
9150, 5
20100, 6
21450, 6
9450, 4
18990, 7
11850, 5
12300, 5
14550, 5
5850, 4
2798, 5
6450, 5
14550, 5
15450, 5
17400, 6
13650, 5
17070, 7
21450, 6
10800, 4
5526, 6
7800, 5
9900, 4
18150, 5
13800, 6
14550, 5
21600, 7
14100, 5
15450, 5
17494, 7
21000, 6
18300, 6
10950, 5
9690, 5
13890, 6
15210, 7
23400, 7
5190, 5
2830, 6
880, 5
20400, 5
13740, 5
17310, 6
9000, 4
14700, 6
17700, 5
19050, 5
17400, 6
21000, 6
21000, 6
11520, 6
13350, 6
24300, 7
19200, 6
11850, 5
3346, 4
21150, 7
21570, 7
4466, 6
18300, 6
23250, 6
14700, 6
18300, 6
22800, 6
22500, 7
4620, 5
12398, 6
10500, 5
19800, 7
17400, 6
23400, 7
9900, 4
17400, 6
25950, 6
16050, 6
30150, 7
2212, 5
14100, 5
4346, 5
19200, 6
21000, 6
10950, 5
11910, 6
36000, 7
10020, 5
18094, 8
18600, 5
14550, 5
12990, 6
13620, 5
11974, 7
16500, 6
21600, 7
8340, 5
20100, 6
5460, 5
11970, 6
17700, 5
21000, 6
19650, 6
24690, 6
14494, 8
14100, 5
19500, 5
5471, 5
13740, 5
13200, 5
13650, 5
17850, 6
18300, 6
17820, 6
9570, 5
13650, 5
16740, 7
17850, 6
14700, 6
13650, 5
4498, 5
26550, 7
19650, 6
8550, 4
15600, 6
5524, 6
3972, 5
4571, 5
25500, 6
11520, 6
14508, 5
9900, 4
10020, 5
21450, 6
19050, 5
10950, 5
15900, 5
2247, 4
1784, 5
21450, 6
26100, 7
13650, 5
5520, 5
23700, 6
17250, 5
14790, 6
8100, 4
14700, 6
22800, 6
12450, 6
22950, 7
13170, 5
26400, 6
774, 5
24300, 7
14640, 5
16350, 5
13650, 5
16950, 6
10800, 4
10500, 5
13440, 6
12750, 5
15150, 6
5471, 5
7740, 4
3207, 5
14550, 5
15150, 6
15000, 5
17100, 7
24150, 6
20550, 6
19500, 5
10500, 5
2757, 5
15450, 5
11850, 5
14220, 6
14550, 5
22050, 7
22350, 6
15150, 6
19200, 6
25950, 6
22800, 6
23700, 6
12900, 6
20250, 7
19710, 7
10950, 5
26550, 7
8790, 5
16350, 5
18840, 6
18750, 6
8370, 6
15690, 6
14250, 6
20790, 7
23850, 7
16500, 6
16500, 6
11550, 6
20100, 6
18300, 6
5510, 6
11400, 5
883, 4
8670, 5
15150, 6
9000, 4
2800, 5
9600, 5
19650, 6
25050, 6
17040, 6
7200, 4
15600, 6
17250, 5
10950, 5
18450, 7
12660, 5
17250, 5
13110, 5
13110, 5
21240, 7
14070, 5
23550, 8
27870, 7
18600, 5
18750, 6
16950, 6
14700, 6
23700, 6
13770, 6
27120, 8
15900, 5
13320, 6
19500, 5
3578, 5
12420, 6
10590, 5
15750, 4
16650, 4
2592, 5
16350, 5
13744, 6
17400, 6
16950, 6
18900, 7
18750, 6
14550, 5
12600, 4
22500, 7
16020, 6
22950, 7
17250, 5
22350, 6
7642, 5
22500, 7
15570, 6
14340, 6
12300, 5
5850, 4
16500, 6
19200, 6
17820, 6
22800, 6
5217, 6
19200, 6
14160, 6
13650, 5
13800, 6
15450, 5
15150, 6
22050, 7
6990, 5
15900, 5
19200, 6
11400, 5
16500, 6
18720, 6
8280, 6
11850, 5
13140, 7
11890, 6
7770, 5
1630, 4
21900, 6
18300, 6
16050, 6
8250, 5
10500, 5
13800, 6
5016, 6
9600, 5
15570, 6
14790, 6
18300, 6
22950, 7
17700, 5
15900, 5
26100, 7
12750, 5
14790, 6
13200, 5
15240, 6
17850, 6
7650, 4
17400, 6
3793, 5
16950, 6
24150, 6
24300, 7
14100, 5
13446, 7
15000, 5
19200, 6
14250, 6
9150, 5
22620, 8
11850, 5
14700, 6
19500, 5
16350, 5
18300, 6
5940, 4
14700, 6
23400, 7
26850, 6
10500, 5
20100, 6
10540, 6
4259, 5
16950, 6
22800, 6
29250, 7
14250, 6
18790, 7
120, 2
12870, 6
16024, 7
23250, 6
9720, 6
7890, 5
23250, 6
20550, 6
10590, 5
16200, 4
19320, 7
17400, 6
15600, 6
3570, 4
14100, 5
23250, 6
21450, 6
11700, 4
14700, 6
14550, 5
17640, 7
7320, 5
5010, 5
22050, 7
13650, 5
17970, 7
12540, 6
4243, 5
12420, 6
16350, 5
13650, 5
10500, 5
21450, 6
17370, 6
12424, 7
11370, 5
19500, 5
22800, 6
12750, 5
18300, 6
15450, 5
10950, 5
13240, 6
26850, 6
22350, 6
21150, 7
20550, 6
16050, 6
19800, 7
16540, 7
20550, 6
12870, 6
33750, 7
20346, 8
13350, 6
16800, 5
22800, 6
19290, 6
7440, 5
12090, 6
12750, 5
16500, 6
17494, 7
17700, 5
22350, 6
19650, 6
13050, 4
14100, 5
18150, 5
23250, 6
18750, 6
16350, 5
11250, 4
18090, 7
19200, 6
18600, 5
17850, 6
14590, 6
17850, 6
14250, 6
27149, 7
13200, 5
20550, 6
4114, 5
5518, 6
25650, 7
17820, 6
13650, 5
21900, 6
14550, 5
14250, 6
27750, 6
18990, 7
11850, 5
15190, 7
6430, 6
12990, 6
20550, 6
26850, 6
20550, 6
14550, 5
13200, 5
2670, 4
4272, 4
16470, 6
18300, 6
15300, 4
10950, 5
17400, 6
14550, 5
18750, 6
7200, 4
15150, 6
5520, 5
15000, 5
20100, 6
15690, 6
16500, 6
21000, 6
13500, 4
8559, 6
24300, 7
14250, 6
13200, 5
20100, 6
18300, 6
11190, 6
22500, 7
16470, 6
22950, 7
15150, 6
2678, 5
20610, 7
22800, 6
18300, 6
20340, 7
19650, 6
11850, 5
27789, 8
12750, 5
19650, 6
18300, 6
12750, 5
15450, 5
10020, 5
16050, 6
10950, 5
15600, 6
19200, 6
20550, 6
16800, 5
5021, 5
15570, 6
4182, 6
16500, 6
15900, 5
13090, 5
12150, 4
12900, 6
7200, 4
13200, 5
24000, 5
24150, 6
2790, 4
11490, 5
5974, 6
11400, 5
15900, 5
4647, 5
23700, 6
20340, 7
17250, 5
21000, 6
29100, 6
10574, 6
13200, 5
13650, 5
18750, 6
7646, 6
24300, 7
22350, 6
10950, 5
17400, 6
4800, 3
10050, 5
16860, 6
10800, 4
20100, 6
12750, 5
21900, 6
15900, 5
10800, 4
14160, 6
14670, 6
5520, 5
12090, 6
11464, 7
18300, 6
16050, 6
18000, 7
874, 5
18300, 6
16050, 6
12150, 4
22500, 7
15600, 6
10590, 5
23700, 6
7020, 6
18750, 6
20550, 6
19200, 6
23040, 7
27000, 7
10594, 6
28140, 8
22500, 7
6870, 5
18300, 6
12300, 5
24270, 7
16200, 7
18300, 6
24300, 7
18300, 6
16470, 6
18150, 5
16500, 6
15450, 5
16800, 5
176, 4
15570, 6
9570, 5
15990, 5
23700, 6
14164, 7
16800, 5
16950, 6
23250, 6
16050, 6
5246, 5
19200, 6
11970, 6
17250, 5
24150, 6
14400, 4
17400, 6
7798, 6
9150, 5
21150, 7
19770, 7
19513, 7
15450, 5
17250, 5
13770, 6
21000, 6
23400, 7
6750, 4
18300, 6
15450, 5
3221, 5
23250, 6
18300, 6
19650, 6
10590, 5
9270, 6
11250, 4
8820, 6
16800, 5
19650, 6
15900, 5
13200, 5
4197, 5
13320, 6
22350, 6
23700, 6
2794, 5
5214, 8
9900, 4
14250, 6
13350, 6
19200, 6
12750, 5
22500, 7
24750, 7
10050, 5
14550, 5
13500, 4
3450, 3
21600, 7
22800, 6
15900, 5
19650, 6
10437, 5
21600, 7
14100, 5
11400, 5
10255, 6
18750, 6
24150, 6
18300, 6
13650, 5
7004, 7
11490, 5
18300, 6
10500, 5
15150, 6
14100, 5
5848, 5
27000, 7
14700, 6
13770, 6
25200, 7
13800, 6
21450, 6
4571, 5
10950, 5
17850, 6
22800, 6
15570, 6
25500, 6
3700, 5
6570, 6
3514, 6
32100, 8
20400, 5
28800, 7
16740, 7
2697, 4
20100, 6
14550, 5
18750, 6
13200, 5
6090, 5
12396, 6
9840, 6
19050, 5
12750, 5
23700, 6
23700, 6
4500, 4
4197, 5
18750, 6
23700, 6
4121, 5
883, 4
21000, 6
2678, 5
15123, 7
18390, 6
14550, 5
16050, 6
14070, 5
16050, 6
7200, 4
13650, 5
5400, 4
16350, 5
15000, 5
13260, 6
9600, 5
19620, 6
22800, 6
23700, 6
14670, 6
7646, 6
15450, 5
20100, 6
16350, 5
15600, 6
13800, 6
5204, 6
17250, 5
18150, 5
18390, 6
19200, 6
25950, 6
19650, 6
22950, 7
10950, 5
13650, 5
17370, 6
17850, 6
7350, 5
8070, 4
19500, 5
12420, 6
4571, 5
19200, 6
16050, 6
21750, 5
8794, 6
10470, 5
12300, 5
12750, 5
17944, 7
8796, 6
11040, 5
4479, 5
18750, 6
16350, 5
12300, 5
15600, 6
13050, 4
20100, 6
16500, 6
15570, 6
16950, 6
9246, 6
20220, 7
14700, 6
23040, 7
5014, 6
21450, 6
14196, 6
16800, 5
10418, 6
11850, 5
28800, 7
19500, 5
15450, 5
18300, 6
20850, 5
16950, 6
23100, 5
1333, 4
19800, 7
9690, 5
17850, 6
15600, 6
17400, 6
10800, 4
14100, 5
17250, 5
25050, 6
9000, 4
12300, 5
742, 5
19800, 7
20850, 5
12089, 7
15600, 6
21000, 6
11520, 6
7446, 6
18750, 6
21900, 6
16500, 6
11374, 6
20550, 6
7047, 6
17100, 7
5320, 6
25170, 7
17700, 5
20100, 6
18750, 6
25050, 6
11700, 4
18300, 6
17040, 6
26100, 7
11850, 5
17850, 6
19200, 6
12990, 6
19650, 6
13200, 5
27450, 7
13890, 6
8190, 4
2697, 4
16050, 6
32100, 8
19200, 6
19200, 6
13500, 4
11400, 5
4121, 5
22350, 6
8250, 5
887, 5
15600, 6
20700, 7
20550, 6
12846, 6
21900, 6
22050, 7
11070, 6
12300, 5
12900, 6
16350, 5
14700, 6
18300, 6
17700, 5
12750, 5
17700, 5
18150, 5
16500, 6
23250, 6
13990, 5
21600, 7
17400, 6
168, 3
19200, 6
16950, 6
17850, 6
15000, 5
13200, 5
20100, 6
16050, 6
15900, 5
15300, 4
17400, 6
2817, 5
8140, 5
36900, 7
16050, 6
15150, 6
7260, 5
17400, 6
4350, 3
15840, 7
20590, 7
13320, 6
8100, 4
17700, 5
21450, 6
8250, 5
26550, 7
10500, 5
16950, 6
14100, 5
21000, 6
11960, 6
24750, 7
16050, 6
21900, 6
10050, 5
16140, 6
21990, 6
13650, 5
18300, 6
21900, 6
16800, 5
17250, 5
17250, 5
22350, 6
14550, 5
13770, 6
16950, 6
26850, 6
8250, 5
14100, 5
15900, 5
22800, 6
12420, 6
21450, 6
17970, 7
12900, 6
17850, 6
6220, 6
13350, 6
18000, 4
23700, 6
2370, 6
12300, 5
10950, 5
1650, 3
8618, 6
20550, 6
25740, 7
14670, 6
8670, 5
5076, 6
18300, 6
4800, 3
16500, 6
15000, 5
25200, 7
22920, 7
18450, 7
12450, 6
13200, 5
15150, 6
16500, 6
23700, 6
10920, 5
15124, 7
19950, 5
14250, 6
24600, 6
14100, 5
14100, 5
27300, 6
27300, 6
17400, 6
12750, 5
23850, 7
6298, 5
3446, 5
4800, 3
22500, 7
6096, 6
19650, 6
12900, 6
20550, 6
854, 4
20100, 6
17400, 6
13620, 5
14070, 5
20550, 6
19650, 6
28650, 6
5524, 6
16500, 6
20400, 5
4521, 6
16350, 5
11190, 6
13710, 6
14550, 5
20550, 6
17010, 7
16800, 5
3747, 5
19050, 5
14100, 5
13200, 5
4197, 5
14820, 7
12300, 5
9150, 5
8923, 6
27000, 7
22800, 6
13200, 5
19050, 5
4121, 5
9570, 5
14220, 6
16950, 6
25200, 7
16500, 6
14550, 5
5547, 5
16590, 6
15900, 5
10050, 5
17820, 6
18300, 6
16050, 6
17850, 6
18450, 7
25050, 6
7350, 5
10840, 5
21450, 6
9000, 4
13200, 5
13770, 6
19200, 6
21600, 7
12450, 6
22500, 7
25050, 6
13770, 6
15690, 6
18900, 7
11190, 6
20550, 6
30600, 7
22800, 6
10950, 5
10390, 5
12420, 6
15000, 5
14700, 6
22800, 6
14423, 7
18600, 5
14250, 6
10950, 5
14250, 6
13650, 5
8790, 5
17550, 4
26100, 7
7497, 6
18600, 5
12120, 7
12276, 6
11400, 5
25650, 7
16800, 5
14640, 5
21450, 6
6870, 5
20890, 6
18300, 6
14100, 5
9270, 6
25500, 6
17400, 6
18750, 6
23250, 6
6090, 5
18450, 4
21600, 7
21000, 6
8550, 4
18750, 6
17700, 5
12087, 7
15124, 7
15000, 5
28350, 7
24300, 7
14700, 6
17400, 6
1088, 4
18300, 6
3128, 5
16650, 4
24150, 6
17250, 5
18300, 6
13200, 5
778, 6
14340, 6
20100, 6
19770, 7
8370, 6
21900, 6
15150, 6
12874, 7
19200, 6
19500, 5
24600, 6
17700, 5
16050, 6
13770, 6
12300, 5
5097, 5
1948, 3
20400, 5
17644, 8
18750, 6
20700, 7
13800, 6
10590, 5
13350, 6
6501, 5
9600, 5
15450, 5
15600, 6
14700, 6
10620, 6
26400, 6
21450, 6
20100, 6
17850, 6
4150, 5
30300, 8
18300, 6
20100, 6
13200, 5
23850, 7
18750, 6
8344, 6
17250, 5
17100, 7
16800, 5
15060, 6
7440, 5
16800, 5
17850, 6
19200, 6
12990, 6
25500, 6
21570, 7
13620, 5
15000, 5
14340, 6
15150, 6
4571, 5
3126, 5
15450, 5
21450, 6
2100, 3
21600, 7
18750, 6
14100, 5
16950, 6
19200, 6
12300, 5
17400, 6
9120, 5
18300, 6
11850, 5
4121, 5
17250, 5
17520, 7
20100, 6
7440, 5
15120, 6
16800, 5
15450, 5
19500, 5
21900, 6
16950, 6
19350, 7
13200, 5
19200, 6
25500, 6
22800, 6
15570, 6
15450, 5
13500, 4
5097, 5
20100, 6
5976, 6
16350, 5
10950, 5
10110, 6
23250, 6
17520, 7
8519, 6
19650, 6
20100, 6
15000, 5
10594, 6
13650, 5
10470, 5
20850, 5
19650, 6
16350, 5
18300, 6
25050, 6
16350, 5
1168, 4
12900, 6
21900, 6
22800, 6
26100, 7
22050, 7
13090, 5
19350, 7
13200, 5
17400, 6
12402, 7
13710, 6
15150, 6
23700, 6
9390, 6
13200, 5
1778, 5
29250, 7
3347, 6
24600, 6
16500, 6
10920, 5
8100, 4
3046, 6
27000, 7
3450, 3
10840, 5
8070, 4
21000, 6
21150, 7
12750, 5
5946, 5
11970, 6
19050, 5
23700, 6
25950, 6
16350, 5
18600, 5
14100, 5
24300, 7
2368, 6
17400, 6
15000, 5
35250, 8
16470, 6
18844, 7
17850, 6
7474, 7
14190, 5
11370, 5
11700, 4
10020, 5
2674, 5
10748, 7
13200, 5
7770, 5
23344, 7
25950, 6
22200, 5
25650, 7
3597, 4
24190, 7
25200, 7
13170, 5
11460, 6
5010, 5
25500, 6
12300, 5
19200, 6
11970, 6
16500, 6
16350, 5
22350, 6
10590, 5
14700, 6
14670, 6
14100, 5
2370, 6
13350, 6
15040, 6
5976, 6
15000, 5
15150, 6
11100, 6
14190, 5
12750, 5
6548, 6
25950, 6
22500, 7
12990, 6
2204, 4
17040, 6
11190, 6
6371, 5
15900, 5
14550, 5
25050, 6
13740, 5
19200, 6
19500, 5
20100, 6
18750, 6
12600, 7
16800, 5
17099, 6
15150, 6
11850, 5
12870, 6
30600, 7
20670, 7
18750, 6
13800, 6
15840, 7
25650, 7
11490, 5
11520, 6
11700, 4
12420, 6
10050, 5
11400, 5
18150, 5
12750, 5
17700, 5
14100, 5
12900, 6
18558, 7
21450, 6
18750, 6
15300, 4
26400, 6
16350, 5
20550, 6
16800, 5
4796, 5
19200, 6
15000, 5
12600, 4
17700, 5
14250, 6
17820, 6
18540, 7
20100, 6
17250, 5
16800, 5
16950, 6
16860, 6
16370, 6
17850, 6
25050, 6
12750, 5
17700, 5
18150, 5
19990, 6
969, 6
16950, 6
13650, 5
10590, 5
12750, 5
16620, 7
13650, 5
10420, 6
16560, 7
21000, 6
9000, 4
16350, 5
14790, 6
10470, 5
22350, 6
7650, 4
7890, 5
16350, 5
19800, 7
16140, 6
22800, 6
16950, 6
19200, 6
14700, 6
17850, 6
21900, 6
13650, 5
19500, 5
6870, 5
18750, 6
14550, 5
13200, 5
23700, 6
17700, 5
10920, 5
13800, 6
5078, 6
17850, 6
18300, 6
11464, 7
17524, 8
10950, 5
23250, 6
20700, 7
31950, 7
20550, 6
15000, 5
14550, 5
12990, 6
19200, 6
21300, 5
9718, 7
11400, 5
14790, 6
4028, 5
17740, 6
19200, 6
17850, 6
21600, 7
10500, 5
21900, 6
15000, 5
16500, 6
3696, 5
2368, 6
20550, 6
14700, 6
4498, 5
19050, 5
15450, 5
15450, 5
25950, 6
17640, 7
13650, 5
21000, 6
16170, 7
12870, 6
16350, 5
10050, 5
26100, 7
14100, 5
19440, 7
22350, 6
15300, 4
16950, 6
16350, 5
12900, 6
14070, 5
14640, 5
2230, 5
16500, 6
16950, 6
13200, 5
20100, 6
15000, 5
5524, 6
11520, 6
20550, 6
7320, 5
23250, 6
1176, 5
16050, 6
12000, 6
15120, 6
18900, 7
9690, 5
11640, 6
12750, 5
23850, 7
2346, 5
18450, 7
1108, 4
12396, 6
17850, 6
12750, 5
22800, 6
14550, 5
10500, 5
4673, 6
10020, 5
9124, 6
5366, 6
19320, 7
11250, 4
18300, 6
14100, 5
11850, 5
20550, 6
13740, 5
24600, 6
12150, 4
16500, 6
12840, 5
1768, 4
17250, 5
16350, 5
14550, 5
12300, 5
24600, 6
17400, 6
23850, 7
18300, 6
12750, 5
23850, 7
19500, 5
14250, 6
2224, 5
18190, 6
16350, 5
15150, 6
16470, 6
10050, 5
23400, 7
18750, 6
19050, 5
4992, 6
20100, 6
18300, 6
22350, 6
18270, 6
6402, 5
19200, 6
13350, 6
15000, 5
14550, 5
7650, 4
23221, 8
21750, 5
12990, 6
24790, 8
12360, 6
11970, 6
6098, 6
16350, 5
11400, 5
19050, 5
20550, 6
10800, 4
18450, 7
10500, 5
19500, 5
17850, 6
14100, 5
10350, 4
24150, 6
22800, 6
21750, 5
19200, 6
23700, 6
18750, 6
16350, 5
10500, 5
15090, 5
15600, 6
18300, 6
12750, 5
22050, 7
18150, 5
16800, 5
15960, 6
13650, 5
15600, 6
17490, 6
16500, 6
15720, 7
27900, 7
3267, 5
375, 4
17070, 7
17848, 6
21000, 6
14250, 6
13200, 5
21900, 6
13290, 5
26700, 8
18300, 6
10950, 5
25950, 6
20550, 6
15150, 6
12353, 5
9150, 5
10500, 5
20100, 6
14700, 6
22350, 6
3690, 4
13200, 5
9450, 4
11940, 5
16050, 6
13885, 7
20100, 6
13050, 4
18600, 5
11290, 5
12720, 5
14220, 6
15300, 7
10624, 7
25650, 7
8550, 4
17850, 6
19950, 5
14340, 6
20100, 6
14100, 5
19800, 7
2616, 5
24150, 6
14979, 6
19050, 5
22500, 7
15120, 6
18600, 5
18750, 6
10500, 5
15300, 7
23290, 7
16020, 6
9720, 6
15000, 5
22050, 7
16950, 6
21900, 6
15900, 5
19200, 6
8940, 6
12000, 6
20100, 6
2362, 6
12750, 5
19050, 5
12420, 6
13650, 5
13440, 6
14250, 6
19650, 6
14250, 6
10140, 5
8370, 6
21000, 6
9000, 4
25500, 6
19650, 6
17370, 6
15600, 6
10590, 5
5398, 5
15450, 5
22800, 6
21090, 6
25050, 6
17250, 5
21600, 7
9600, 5
13650, 5
13650, 5
21000, 6
13350, 6
17850, 6
7350, 5
16800, 5
13950, 4
18300, 6
12000, 6
12600, 4
10800, 4
5400, 4
16950, 6
22800, 6
18750, 6
24150, 6
17220, 5
14100, 5
15944, 7
27450, 7
25050, 6
20909, 7
25050, 6
1319, 5
15000, 5
16950, 6
14550, 5
15000, 5
12750, 5
13800, 6
14100, 5
10950, 5
15482, 6
10950, 5
17850, 6
15150, 6
20250, 7
9570, 5
15150, 6
24150, 6
2116, 5
3221, 5
22800, 6
16410, 6
19650, 6
14670, 6
11850, 5
6073, 5
21150, 7
22350, 6
21790, 6
16800, 5
16620, 7
12750, 5
14790, 6
15900, 5
16050, 6
16500, 6
8796, 6
10950, 5
17400, 6
21600, 7
6150, 3
15450, 5
18300, 6
14550, 5
12300, 5
15150, 6
8790, 5
18000, 7
29250, 7
18300, 6
2160, 4
14550, 5
2676, 5
14794, 7
15450, 5
13650, 5
17850, 6
10950, 5
19200, 6
15600, 6
21000, 6
14250, 6
18600, 5
20100, 6
162, 5
2230, 5
23700, 6
11940, 5
22020, 7
26100, 7
14250, 6
7620, 4
12340, 6
19650, 6
15720, 7
11700, 4
16050, 6
15450, 5
25650, 7
14100, 5
23850, 7
14100, 5
21450, 6
18150, 5
18150, 5
13620, 5
5640, 5
3450, 3
15060, 6
21900, 6
11520, 6
14970, 5
18270, 6
14974, 6
11400, 5
18300, 6
11010, 6
19200, 6
10950, 5
18300, 6
15600, 6
16470, 6
22800, 6
23250, 6
20700, 7
17040, 6
10050, 5
16800, 5
9270, 6
26550, 7
18750, 6
4558, 6
8294, 6
21600, 7
19500, 5
12870, 6
18300, 6
12750, 5
14100, 5
18720, 6
13350, 6
7170, 4
7342, 5
7650, 4
18300, 6
15600, 6
8700, 5
10950, 5
12900, 6
14790, 6
16800, 5
23940, 7
19650, 6
22350, 6
13710, 6
19200, 6
16350, 5
9694, 6
11850, 5
11400, 5
18270, 6
16050, 6
4350, 3
13320, 6
12750, 5
8100, 4
16500, 6
1500, 2
14144, 7
18150, 5
13650, 5
14250, 6
18300, 6
10020, 5
13260, 6
21000, 6
11400, 5
20550, 6
21450, 6
2610, 4
16800, 5
15000, 5
16050, 6
7290, 4
18870, 7
6278, 5
5370, 4
18750, 6
18750, 6
15150, 6
15574, 7
3104, 5
6073, 5
14250, 6
18300, 6
17400, 6
23250, 6
22020, 7
600, 2
13200, 5
12420, 6
13650, 5
10620, 6
18300, 6
4121, 5
23700, 6
22350, 6
15000, 5
17400, 6
14250, 6
16950, 6
19350, 7
19650, 6
22500, 7
10288, 6
9210, 6
14100, 5
19200, 6
2812, 5
17850, 6
18450, 7
9450, 4
13290, 5
20100, 6
21000, 6
20700, 7
19200, 6
14700, 6
8820, 6
16050, 6
11640, 6
24450, 5
6996, 6
5976, 6
15720, 7
18750, 6
17250, 5
11848, 6
5021, 5
10350, 4
20520, 6
22800, 6
2982, 5
15020, 6
9570, 5
2222, 4
14550, 5
16920, 6
17400, 6
11639, 7
2232, 5
20100, 6
15450, 5
12420, 6
22800, 6
3066, 5
18420, 7
21150, 7
15450, 5
12300, 5
31500, 7
4346, 5
9900, 4
2670, 4
19290, 6
16800, 5
8614, 6
3712, 5
17850, 6
15120, 6
25500, 6
11400, 5
18300, 6
2592, 5
12420, 6
2432, 5
12420, 6
4121, 5
21150, 7
10350, 4
7890, 5
4796, 5
11820, 5
22800, 6
7120, 6
8340, 5
12450, 6
16950, 6
13200, 5
3000, 3
18840, 6
20850, 5
10140, 5
21150, 7
14550, 5
5650, 6
14010, 5
8224, 6
19200, 6
18994, 8
11400, 5
5850, 4
13350, 6
19650, 6
16800, 5
9120, 5
19170, 6
12750, 5
12300, 5
18450, 4
17400, 6
31800, 6
23400, 7
3671, 5
13650, 5
12750, 5
16950, 6
7650, 4
2232, 6
24600, 6
17400, 6
10950, 5
18900, 7
19620, 6
3570, 4
11310, 5
13770, 6
15690, 6
21000, 6
16500, 6
12450, 6
9720, 6
17070, 7
4752, 6
18300, 6
21000, 6
19650, 6
3270, 6
8100, 4
12600, 4
21450, 6
19650, 6
14790, 6
14220, 6
15450, 5
16050, 6
16350, 5
17400, 6
14400, 4
13800, 6
16350, 5
10140, 5
19500, 5
6096, 6
19950, 5
13440, 6
13350, 6
18270, 6
16410, 6
15150, 6
8100, 4
16500, 6
24300, 7
15900, 5
12750, 5
18300, 6
19200, 6
22800, 6
16950, 6
17400, 6
21900, 6
6750, 4
15450, 5
11400, 5
5078, 6
18300, 6
23700, 6
22350, 6
15120, 6
15570, 6
16500, 6
15450, 5
5532, 7
18420, 7
17040, 6
6150, 3
16800, 5
16950, 6
19800, 7
15450, 5
15150, 6
13650, 5
4620, 5
21000, 6
18300, 6
17700, 5
15424, 6
27750, 6
15450, 5
12750, 5
16500, 6
21450, 6
10350, 4
4632, 7
13200, 5
15450, 5
12210, 5
3134, 5
9900, 4
17400, 6
11700, 4
21000, 6
14100, 5
15000, 5
20100, 6
24150, 6
16500, 6
9134, 6
16410, 6
19050, 5
16020, 6
6258, 6
16500, 6
14250, 6
9694, 6
19200, 6
17400, 6
13200, 5
12870, 6
19650, 6
27000, 7
3412, 5
20100, 6
11400, 5
26400, 6
15300, 7
6540, 5
8100, 4
20550, 6
22950, 7
32400, 7
17250, 5
26100, 7
11070, 6
12300, 5
21150, 7
848, 4
10950, 5
12360, 6
17550, 7
10800, 4
17250, 5
14010, 5
3418, 4
16350, 5
12750, 5
906, 6
22050, 7
14700, 6
19050, 5
14250, 6
19500, 5
10140, 5
20610, 7
8700, 5
15510, 6
12420, 6
3822, 4
19200, 6
9000, 4
11820, 5
14100, 5
16950, 6
19950, 5
16950, 6
18900, 7
764, 5
29250, 7
23700, 6
8670, 5
15450, 5
14550, 5
9600, 5
11400, 5
19200, 6
18150, 5
10620, 6
10020, 5
12750, 5
12750, 5
14343, 7
3896, 5
11494, 6
13890, 6
16350, 5
15900, 5
1296, 4
19200, 6
31350, 6
22800, 6
14100, 5
21690, 7
19200, 6
17400, 6
2817, 6
17290, 6
17700, 5
12990, 6
10050, 5
19050, 5
20520, 6
12750, 5
18750, 6
9124, 6
23250, 6
23400, 7
14100, 5
23700, 6
14550, 5
6424, 6
16620, 7
16050, 6
15600, 6
21000, 6
11370, 5
27690, 8
21000, 6
13350, 6
11070, 6
11074, 7
15150, 6
13350, 6
16350, 5
19800, 7
7744, 5
14820, 7
24000, 8
9450, 4
10350, 4
13650, 5
15570, 6
2761, 6
15390, 7
27450, 7
12900, 6
18300, 6
17250, 5
5652, 7
13090, 5
22800, 6
11520, 6
23850, 7
11040, 5
9570, 5
15150, 6
21900, 6
6073, 5
15450, 5
17400, 6
11370, 5
15900, 5
24150, 6
16920, 6
16050, 6
12090, 6
10144, 6
17400, 6
25500, 6
14100, 5
9690, 5
19200, 6
10050, 5
16920, 6
19200, 6
19200, 6
18750, 6
10500, 5
5010, 5
24150, 6
12424, 7
13294, 6
10620, 6
13200, 5
13650, 5
13800, 6
16800, 5
748, 5
16620, 7
3046, 6
12000, 6
4197, 5
25500, 6
11700, 4
26400, 6
21000, 6
20100, 6
11850, 5
13650, 5
13650, 5
17400, 6
18150, 5
13050, 4
17400, 6
17520, 7
21600, 7
22350, 6
16800, 5
15450, 5
23400, 7
12000, 6
11550, 6
10500, 5
20100, 6
13200, 5
17190, 7
24150, 6
18750, 6
21900, 6
15150, 6
17250, 5
12150, 4
5520, 5
23850, 7
16350, 5
17850, 6
14100, 5
23700, 6
11400, 5
14550, 5
14100, 5
4571, 5
4346, 5
15210, 7
20250, 7
11040, 5
14100, 5
27000, 7
14614, 7
25200, 7
11850, 5
24150, 6
13470, 7
1296, 4
10800, 4
14250, 6
24300, 7
17692, 7
11250, 4
18750, 6
18300, 6
9600, 5
12300, 5
19650, 6
19650, 6
16350, 5
21600, 7
14700, 6
11250, 4
15150, 6
17400, 6
4346, 5
18000, 7
6663, 7
2358, 6
20070, 6
19650, 6
24600, 6
15450, 5
5650, 6
15060, 6
20100, 6
16800, 5
8610, 5
2170, 5
1770, 4
16800, 5
15150, 6
20400, 5
19200, 6
11550, 6
6220, 6
9700, 6
22020, 7
10500, 5
25650, 7
14370, 7
15150, 6
14550, 5
9150, 5
15000, 5
30600, 7
28800, 7
19650, 6
11310, 5
12900, 6
668, 5
19320, 7
1912, 6
15600, 6
21000, 6
24750, 7
18300, 6
6420, 5
15450, 5
1176, 4
19650, 6
3000, 3
13770, 6
19200, 6
6540, 5
5293, 6
17700, 5
10500, 5
6900, 5
15600, 6
12150, 4
13770, 6
19500, 5
15600, 6
14100, 5
21000, 6
17370, 6
7046, 5
18420, 7
21900, 6
9240, 5
15450, 5
18600, 5
9944, 6
16950, 6
27150, 8
16800, 5
4414, 5
13050, 4
10474, 6
17040, 6
14700, 6
11250, 4
10800, 4
12900, 6
9689, 6
4796, 5
14100, 5
10350, 4
16950, 6
3450, 3
17400, 6
29100, 6
10920, 5
20550, 6
17400, 6
872, 4
1720, 4
19950, 5
14100, 5
24600, 6
25950, 6
12300, 5
13650, 5
5070, 5
9669, 7
6098, 6
10800, 4
20550, 6
14700, 6
8100, 4
10470, 5
19650, 6
6366, 6
13200, 5
18390, 6
13800, 6
12600, 4
9960, 5
18224, 6
19950, 5
14250, 6
14160, 6
18300, 6
15450, 5
22050, 7
12990, 6
16950, 6
13470, 7
13710, 6
2532, 5
11850, 5
21794, 7
7949, 5
11640, 6
27450, 7
4170, 5
28200, 6
26400, 6
18750, 6
8220, 5
12790, 6
13440, 6
10500, 5
21600, 7
4571, 5
5021, 5
16800, 5
12090, 6
16050, 6
13800, 6
10410, 5
4121, 5
24300, 7
16950, 6
25200, 7
9244, 6
17046, 7
17190, 7
19950, 5
21900, 6
24600, 6
10950, 5
2757, 5
13650, 5
15150, 6
13350, 6
8550, 4
15000, 5
18750, 6
18840, 6
11070, 6
15690, 6
5246, 5
5078, 6
3407, 5
16350, 5
5076, 6
6900, 5
9960, 5
22350, 6
18150, 5
12600, 4
7450, 7
22050, 7
16950, 6
8224, 6
20100, 6
11820, 5
25500, 6
21450, 6
16500, 6
14100, 5
754, 5
11824, 6
12750, 5
8100, 4
20100, 6
15450, 5
3221, 5
2688, 6
15450, 5
22800, 6
18544, 8
16740, 7
18750, 6
18270, 6
20100, 6
18150, 5
19650, 6
15900, 5
14250, 6
3700, 5
17400, 6
22500, 7
18300, 6
15150, 6
12300, 5
16800, 5
13770, 6
6090, 5
18750, 6
3221, 5
12750, 5
5054, 6
15900, 5
14820, 7
14550, 5
9600, 5
16740, 7
15000, 5
12750, 5
17700, 5
15450, 5
9690, 5
25050, 6
27150, 8
17850, 6
7746, 5
8100, 4
19200, 6
13770, 6
18300, 6
21450, 6
8550, 4
13320, 6
18150, 5
12750, 5
23250, 6
2364, 6
5530, 7
2220, 4
18300, 6
5040, 4
6360, 5
8790, 5
11400, 5
13650, 5
15150, 6
21000, 6
17940, 6
20100, 6
7774, 6
3128, 5
18600, 5
19200, 6
18750, 6
18750, 6
8796, 6
18210, 6
17400, 6
11760, 5
12300, 5
21900, 6
20100, 6
15900, 5
18750, 6
20100, 6
13650, 5
19500, 5
5820, 4
11850, 5
12600, 4
12450, 6
22350, 6
13800, 6
21870, 6
9570, 5
15150, 6
19650, 6
14700, 6
25050, 6
3372, 4
2232, 5
18390, 6
15570, 6
22500, 7
17426, 7
13650, 5
16740, 7
11250, 4
20550, 6
16500, 6
4286, 6
12750, 5
15900, 5
13350, 6
20100, 6
6900, 5
34200, 7
22800, 6
15300, 4
18300, 6
15000, 5
4950, 4
6298, 5
21600, 7
18300, 6
18300, 6
16050, 6
5398, 5
15450, 5
11850, 5
7320, 5
19650, 6
19200, 6
19050, 5
19890, 7
15150, 6
24150, 6
23250, 6
9392, 6
17040, 6
10500, 5
18750, 6
2814, 7
26550, 7
26850, 6
9450, 4
13800, 6
16500, 6
21900, 6
21150, 7
19650, 6
5322, 5
14370, 7
15120, 6
16350, 5
18750, 6
11970, 6
10200, 6
18150, 5
17760, 6
11400, 5
15900, 5
12750, 5
17314, 7
16800, 5
21900, 6
3343, 5
13840, 7
23224, 7
17850, 6
15600, 6
24300, 7
17640, 7
10470, 5
20550, 6
16140, 6
15450, 5
5322, 5
22800, 6
11400, 5
14550, 5
20400, 5
21240, 7
19200, 6
19800, 7
19500, 5
15600, 6
5745, 6
15900, 5
17850, 6
19650, 6
14100, 5
16350, 5
13200, 5
2230, 5
17400, 6
12300, 5
17640, 7
27000, 7
21900, 6
15450, 5
13800, 6
15940, 6
13650, 5
9150, 5
20700, 7
2686, 6
5531, 6
20250, 7
25050, 6
12420, 6
15900, 5
15450, 5
16500, 6
9450, 4
13800, 6
18150, 5
3570, 4
15940, 6
16470, 6
6146, 5
20100, 6
19200, 6
6973, 5
16050, 6
16800, 5
7590, 6
19950, 5
12870, 6
26100, 7
17700, 5
9450, 4
21900, 6
6720, 4
19650, 6
12300, 5
17700, 5
1186, 5
2238, 6
17400, 6
16350, 5
5370, 4
20550, 6
20100, 6
18600, 5
12340, 6
27000, 7
5054, 5
19200, 6
8700, 5
10350, 4
19650, 6
3343, 5
20100, 6
13200, 5
8224, 6
13650, 5
15720, 7
19320, 7
12300, 5
12600, 4
10620, 6
6998, 6
10020, 5
15600, 6
21000, 6
16950, 6
11520, 6
19050, 5
23250, 6
17850, 6
16020, 6
13894, 7
15490, 6
8622, 6
12420, 6
18750, 6
18300, 6
5460, 5
22800, 6
742, 5
22590, 7
6998, 6
19650, 6
11400, 5
19050, 5
12000, 6
120, 2
12000, 6
21150, 7
20100, 6
17850, 6
14100, 5
15900, 5
19500, 5
31200, 8
21900, 6
14100, 5
23250, 6
1035, 5
17250, 5
13200, 5
20250, 7
10800, 4
19650, 6
20550, 6
18840, 6
19650, 6
16050, 6
19650, 6
11070, 6
22800, 6
4620, 5
6870, 5
4836, 6
17850, 6
5246, 5
16500, 6
17400, 6
17700, 5
28800, 7
20400, 5
20550, 6
14550, 5
15000, 5
11660, 6
14100, 5
16950, 6
23850, 7
16800, 5
14310, 7
14100, 5
15150, 6
17070, 7
14250, 6
18750, 6
18013, 6
19500, 5
15450, 5
8250, 5
4740, 5
3690, 4
16931, 6
19650, 6
15120, 6
21900, 6
11890, 6
16350, 5
10170, 6
10050, 5
9244, 6
7890, 5
3349, 6
15450, 5
12570, 7
17400, 6
920, 5
14220, 6
27900, 7
19800, 7
17850, 6
17850, 6
13050, 4
21900, 6
4163, 5
21450, 6
14550, 5
15000, 5
16500, 6
28650, 6
26100, 7
5044, 5
20100, 6
22500, 7
17400, 6
16920, 6
11970, 6
20400, 5
26550, 7
22350, 6
17850, 6
15600, 6
21900, 6
19650, 6
15120, 6
4121, 5
3720, 5
12300, 5
27450, 7
13650, 5
3042, 5
17400, 6
8280, 6
20100, 6
21000, 6
20550, 6
12750, 5
18300, 6
21900, 6
18750, 6
20550, 6
24150, 6
22050, 7
10474, 6
14224, 7
21900, 6
23400, 7
21450, 6
26850, 6
22050, 7
12900, 6
9000, 4
15150, 6
16950, 6
21300, 8
16800, 5
22950, 7
16950, 6
11820, 5
888, 5
9510, 5
16950, 6
21450, 6
19290, 6
17550, 4
22800, 6
13170, 5
24750, 7
21690, 7
24300, 7
11400, 5
15600, 6
8550, 4
8682, 7
5940, 4
11970, 6
10500, 5
16500, 6
17700, 5
9570, 5
24750, 7
23700, 6
22050, 7
23700, 6
13950, 4
13500, 4
13200, 5
12870, 6
21000, 6
16800, 5
10950, 5
16350, 5
24600, 6
21300, 5
16800, 5
16800, 5
12900, 6
12870, 6
14550, 5
26100, 7
20100, 6
21450, 6
2676, 5
18300, 6
15570, 6
9300, 3
11850, 5
10500, 5
16650, 7
20250, 7
24150, 6
26100, 7
138, 3
14550, 5
19950, 5
14070, 5
21000, 6
16350, 5
17250, 5
19650, 6
13290, 5
19260, 7
14100, 5
17250, 5
7326, 6
19200, 6
18300, 6
10410, 5
19200, 6
12270, 5
15600, 6
200, 5
15990, 5
11040, 5
18600, 5
12450, 6
15900, 5
13200, 5
15000, 5
2247, 4
23700, 6
16800, 5
1658, 6
16842, 7
13320, 6
2366, 6
4197, 5
10050, 5
20550, 6
7770, 5
9000, 4
11520, 6
18750, 6
16050, 6
4272, 4
23370, 7
14674, 7
26070, 7
18750, 6
9720, 6
20550, 6
20250, 7
15000, 5
22500, 7
18300, 6
15570, 6
