Evaluations, Played
122520, 8
106500, 7
113520, 8
99520, 7
68550, 7
138500, 8
111500, 8
47552, 7
90520, 7
96000, 7
59500, 6
180500, 8
63000, 7
173000, 8
76500, 7
109020, 8
67500, 7
100020, 8
62260, 7
59020, 7
103500, 7
107500, 6
134046, 9
107020, 7
86040, 8
141000, 7
101500, 6
90558, 10
133680, 8
67000, 6
74032, 8
62000, 5
91500, 7
70000, 6
78498, 7
82540, 7
122040, 8
101000, 8
136500, 7
129500, 8
91524, 7
81000, 7
96340, 7
93500, 8
105898, 7
34520, 6
87000, 7
75000, 7
124500, 7
42020, 6
102000, 7
127500, 7
146040, 8
103500, 7
100500, 7
86500, 6
104760, 8
112500, 7
140000, 8
182540, 9
107760, 8
89020, 7
91000, 6
92040, 8
73500, 7
118500, 7
171540, 8
101020, 7
179540, 9
117000, 7
82500, 7
39680, 6
124500, 7
130000, 6
96180, 8
180500, 8
119040, 8
96040, 7
69040, 7
99000, 7
55760, 6
163500, 7
143540, 9
99180, 8
145500, 7
84840, 8
65500, 6
66524, 8
36848, 6
147500, 8
79500, 7
112020, 8
85540, 7
144500, 8
105500, 8
121500, 7
13672, 6
133500, 7
126528, 8
265000, 9
111500, 8
121500, 7
123500, 8
120500, 8
124500, 7
94000, 6
52086, 7
64000, 6
59500, 6
122000, 8
94000, 6
81044, 8
90840, 8
73500, 7
72000, 7
137000, 8
109500, 7
124568, 8
108500, 8
178180, 7
103500, 7
84040, 7
134000, 8
194000, 8
85000, 6
114520, 7
98520, 8
87000, 7
62500, 6
87000, 7
99000, 7
99000, 7
53020, 7
118020, 8
44560, 7
64000, 6
95520, 8
73000, 6
158046, 9
117000, 7
71500, 6
71500, 6
80020, 7
79540, 7
164040, 8
105520, 7
103020, 8
97020, 8
60897, 7
39020, 6
75040, 7
29806, 8
108000, 7
172020, 8
132600, 8
133020, 8
97500, 7
167040, 8
164000, 8
127070, 8
82180, 7
100020, 8
80500, 6
76500, 7
82356, 7
95024, 8
73040, 6
143588, 9
101040, 8
129500, 8
120044, 8
98000, 8
100500, 7
89098, 8
121500, 7
155040, 8
110000, 8
94020, 8
112540, 7
67000, 6
92020, 7
81000, 7
19324, 7
96540, 8
109500, 7
112500, 7
66340, 7
88020, 8
101000, 8
103500, 7
114000, 7
97540, 7
109500, 7
30088, 6
123000, 7
115500, 7
102000, 7
114000, 7
73540, 7
161040, 8
62000, 5
130500, 7
72000, 7
87000, 7
130184, 8
79544, 8
197000, 8
201500, 8
71020, 7
118558, 9
60344, 8
96020, 6
83500, 6
74500, 6
117000, 7
22274, 6
121000, 6
57044, 8
32074, 7
92500, 6
108040, 7
115500, 7
90000, 7
67000, 6
43528, 7
79500, 7
125040, 8
75000, 7
81000, 7
97020, 8
165000, 7
90520, 7
92680, 7
35996, 6
113580, 8
108000, 7
91500, 7
37534, 7
227500, 9
81000, 7
182094, 8
135524, 8
118500, 7
84026, 7
65020, 7
82000, 6
158840, 9
137044, 9
118840, 7
171000, 7
126000, 7
72520, 7
91546, 8
93080, 6
113000, 8
82544, 8
85000, 6
137040, 8
55000, 6
79520, 6
53000, 5
148340, 9
215500, 9
138000, 7
99520, 7
81000, 7
74500, 6
140000, 8
120540, 8
27582, 7
93500, 8
113000, 8
74020, 7
136500, 7
78520, 7
21246, 5
87040, 7
99500, 8
157000, 9
30530, 8
109500, 7
127500, 7
118500, 7
102040, 7
115616, 7
123028, 7
97500, 7
169760, 9
184500, 7
85680, 8
89340, 8
61000, 6
191040, 8
167540, 9
133500, 7
105520, 7
129544, 9
114000, 7
194540, 9
88540, 7
81000, 7
125000, 8
118540, 7
85568, 8
102420, 8
85000, 6
83096, 8
56040, 5
128040, 8
53554, 7
102000, 7
108000, 7
147500, 8
133680, 8
92500, 6
68024, 8
122500, 9
92040, 8
182520, 8
88540, 7
100000, 6
104020, 7
102000, 7
34097, 8
97500, 7
96000, 7
147540, 8
128000, 8
167340, 8
145544, 8
112500, 7
114000, 7
153520, 7
96000, 7
70000, 6
97500, 7
184000, 9
100080, 8
132000, 7
72000, 7
143588, 9
145500, 7
114500, 8
101524, 9
55044, 7
129054, 8
59000, 5
85000, 6
72000, 7
143000, 8
123540, 8
76086, 8
94546, 8
103500, 7
110520, 8
87046, 8
140020, 7
159000, 7
59500, 6
88000, 6
109500, 7
57260, 6
106020, 8
134530, 9
149000, 8
91500, 7
88500, 7
114040, 7
126500, 8
181500, 7
25461, 7
95000, 8
20186, 9
116520, 8
126500, 8
116000, 8
81592, 9
137040, 8
27852, 6
140260, 7
21845, 6
120500, 8
140040, 8
79500, 7
82180, 7
136500, 7
221000, 8
225500, 8
84000, 7
94500, 7
64340, 6
132000, 7
75840, 8
137520, 8
110680, 7
99520, 7
113040, 8
108040, 7
22995, 6
334340, 8
101680, 7
87000, 7
57520, 7
140024, 8
77500, 6
85500, 7
99000, 7
138540, 8
101000, 8
125000, 8
95500, 6
108500, 8
127020, 8
20246, 7
88500, 7
93180, 8
114540, 8
144540, 8
99180, 8
62020, 7
95020, 7
105000, 7
70000, 6
130500, 7
84340, 7
50745, 6
64840, 7
70000, 6
152020, 7
32050, 6
151040, 9
130000, 9
73500, 7
115500, 7
102500, 8
90000, 7
41340, 5
89686, 8
72348, 8
76500, 7
104500, 6
60000, 7
59500, 6
168500, 8
86000, 8
81540, 8
29496, 5
113000, 8
68500, 6
50680, 7
72000, 7
91000, 6
36995, 7
87040, 7
84524, 8
110000, 8
145086, 9
160020, 8
105000, 7
55524, 7
129000, 7
88180, 7
44426, 7
62564, 7
88500, 7
70526, 7
84000, 7
85500, 7
19962, 7
133000, 6
70124, 7
94500, 7
98000, 8
93040, 7
103500, 7
144520, 7
92024, 8
84500, 8
141000, 7
100000, 6
37072, 7
135540, 8
105084, 7
113020, 7
98000, 8
121000, 6
121078, 8
77760, 8
82592, 7
88024, 9
67840, 7
152540, 9
170000, 8
146000, 8
46000, 6
118560, 9
69530, 8
97500, 7
82840, 7
70000, 6
123584, 8
128180, 9
70000, 6
114500, 8
80024, 8
81054, 8
78546, 9
52500, 7
119040, 8
94082, 8
31024, 6
144046, 8
76000, 6
138500, 8
137040, 8
97500, 7
62260, 7
123040, 7
123500, 8
75524, 8
126500, 8
118500, 7
93540, 8
115000, 6
106554, 8
102048, 8
80684, 8
136500, 7
102000, 7
89020, 7
90000, 7
94500, 7
120000, 7
97024, 9
67000, 6
74524, 9
204544, 9
53540, 6
135500, 8
98680, 7
179000, 8
28207, 7
99540, 8
104000, 8
82500, 7
183000, 7
34335, 7
112500, 7
104020, 7
70000, 6
78040, 7
157520, 9
131540, 9
177540, 8
103500, 7
179000, 8
171180, 8
136000, 6
134000, 8
150000, 7
48260, 6
150500, 8
79840, 7
182586, 9
104500, 6
150000, 7
71500, 6
144500, 8
130044, 7
119000, 8
74020, 7
203540, 9
113020, 7
133680, 8
105420, 8
147040, 7
139080, 8
26520, 5
123500, 8
95024, 8
56500, 6
113760, 8
121500, 7
95524, 9
156500, 8
26252, 8
99040, 7
106548, 8
121046, 7
134000, 8
88500, 7
105000, 7
114000, 7
79500, 7
108540, 8
83554, 7
86500, 6
76000, 6
76000, 6
120000, 7
71020, 7
98040, 8
114544, 9
119080, 7
86500, 6
46344, 7
80020, 7
60520, 7
85500, 7
171500, 8
78000, 7
63000, 7
160500, 7
97500, 7
82000, 6
87116, 8
161588, 9
78046, 8
98040, 8
135020, 9
132598, 9
169020, 8
79500, 7
80500, 6
9076, 5
126540, 8
155000, 8
121544, 8
166098, 10
85540, 7
87000, 7
137040, 8
75044, 8
83520, 8
126500, 8
55618, 8
98040, 8
73020, 8
73000, 6
149000, 8
59544, 7
153000, 7
70020, 8
84000, 7
70000, 6
124540, 7
52040, 6
73000, 6
156500, 8
86080, 7
151080, 8
18084, 6
83020, 7
91020, 8
81580, 7
69000, 7
68840, 6
164000, 8
99520, 7
174500, 8
136000, 6
136540, 7
71500, 6
146180, 9
135000, 7
98020, 7
59500, 6
71020, 7
146000, 8
36278, 7
73184, 8
119520, 8
120000, 7
121540, 7
64340, 6
107000, 8
80554, 8
86500, 6
109020, 8
61840, 7
137000, 8
165000, 7
125000, 8
108000, 7
85000, 6
71500, 6
171500, 8
204546, 9
56000, 5
65500, 6
76000, 6
92040, 8
96540, 8
97546, 8
110580, 8
116046, 9
68260, 7
17986, 8
109500, 7
92024, 8
111500, 8
66526, 8
82588, 7
50206, 7
50500, 6
115500, 7
176000, 8
112500, 7
96040, 7
96520, 7
106500, 7
86080, 7
66020, 6
109020, 8
64000, 6
72044, 8
89520, 8
50576, 8
22036, 7
65500, 6
261556, 10
138548, 9
78000, 7
122688, 8
100500, 7
35040, 7
90000, 7
119000, 8
103680, 8
113500, 6
36032, 7
106500, 7
79000, 6
79020, 8
56000, 5
124080, 8
117000, 7
136000, 9
157000, 9
130500, 7
157500, 7
73500, 7
119028, 8
121592, 8
107520, 8
129000, 7
119040, 8
77500, 6
79500, 7
83020, 7
177020, 9
117500, 8
91500, 7
295024, 9
133500, 7
123000, 7
141500, 8
46844, 8
125000, 8
65026, 8
144500, 8
75000, 7
102046, 8
32120, 7
90000, 7
131000, 8
50564, 7
82840, 7
126500, 8
136500, 7
79500, 7
141000, 7
110020, 7
168020, 9
78048, 8
66520, 7
139076, 8
129000, 7
109540, 7
97500, 7
91520, 9
12398, 6
116500, 6
84040, 7
152000, 8
164544, 10
34124, 8
142000, 9
49040, 6
132540, 8
92040, 8
79500, 7
72000, 7
125520, 8
104000, 8
95500, 6
109500, 7
108500, 8
82500, 7
63034, 8
99040, 8
65500, 6
153000, 7
118500, 7
87000, 7
85680, 8
55040, 6
93520, 7
111000, 7
134520, 8
59558, 7
108000, 7
90840, 8
89544, 7
193500, 7
114500, 8
129500, 8
76180, 7
65840, 6
100540, 7
124500, 7
117540, 8
96000, 7
103500, 7
92020, 7
143000, 5
80020, 7
137040, 8
72040, 7
182000, 8
121540, 7
77520, 8
109500, 7
114500, 8
139020, 8
105500, 8
103550, 8
65500, 6
90000, 7
126000, 7
79500, 7
126000, 7
79000, 6
121020, 8
144000, 7
82180, 7
102520, 7
108500, 8
92000, 8
182000, 8
216540, 8
88000, 6
95000, 8
88500, 7
132500, 8
102540, 8
105000, 7
17586, 6
109550, 8
99000, 7
102520, 7
114000, 7
183500, 8
100000, 6
91840, 7
180000, 7
68500, 6
112500, 7
134000, 8
102000, 7
40050, 7
114500, 8
88000, 6
212000, 8
52000, 6
155000, 8
32745, 6
94000, 6
108000, 7
106000, 6
118020, 8
124500, 7
127044, 7
110760, 8
126500, 8
140040, 8
199500, 7
76500, 7
132540, 8
91540, 7
94500, 7
47840, 6
65560, 7
200520, 8
81520, 7
84680, 6
163044, 10
141540, 8
119520, 8
131000, 8
23996, 6
72840, 8
134040, 8
130500, 7
207540, 8
205040, 9
77102, 8
111000, 7
48032, 7
87000, 7
98020, 7
108540, 8
53080, 6
129000, 7
152000, 8
73500, 7
99040, 7
178000, 9
155104, 8
57520, 7
107520, 8
150540, 8
15164, 6
66040, 7
136500, 7
119000, 8
159000, 7
136500, 7
189500, 8
80520, 8
160040, 9
100680, 8
141500, 8
102520, 7
102000, 7
84520, 7
97500, 7
46040, 6
118020, 8
77686, 8
78528, 8
107000, 8
81000, 7
178000, 9
126540, 8
74680, 7
38745, 6
81500, 5
107040, 8
102040, 7
71540, 6
62540, 6
28746, 5
182580, 8
108000, 7
154040, 9
99532, 8
35835, 7
113680, 7
108048, 8
50500, 6
160680, 8
153540, 8
77500, 6
104020, 7
139000, 9
90040, 7
126000, 7
11106, 6
157040, 9
156500, 8
52497, 7
90020, 6
190500, 7
149040, 8
90520, 7
135500, 8
129540, 8
83840, 6
147500, 8
99000, 7
82000, 6
127540, 7
190500, 7
20590, 7
55544, 8
42266, 7
54020, 6
123500, 8
56070, 6
126000, 7
75000, 7
152000, 8
84000, 7
115500, 7
45340, 7
56564, 7
107000, 8
67000, 6
96000, 7
115500, 7
146000, 8
121000, 6
146000, 8
149000, 8
124500, 7
51637, 7
93000, 7
82080, 8
106500, 7
82500, 7
85500, 7
96000, 7
33052, 8
144500, 8
53520, 5
105040, 7
104020, 7
141520, 7
120584, 8
117040, 7
97500, 7
73520, 6
123500, 8
98080, 7
85500, 7
80040, 8
132580, 7
118000, 6
55000, 6
129500, 8
129000, 7
99000, 7
78000, 7
115500, 7
105540, 8
74260, 7
108500, 8
120540, 8
143028, 8
84000, 7
88186, 8
127500, 7
96520, 7
69040, 7
70540, 7
123540, 8
158000, 8
53500, 6
109500, 7
100840, 7
102500, 8
94000, 6
125024, 8
29340, 5
147000, 7
87020, 6
111000, 7
166102, 10
205000, 9
162544, 9
89030, 8
66000, 7
114500, 8
103500, 7
134692, 8
103500, 7
119000, 8
189500, 8
166000, 6
146500, 9
65544, 7
108052, 8
147500, 8
102000, 7
88500, 7
193340, 9
186044, 8
80500, 6
106040, 6
99500, 8
84000, 7
115000, 6
113520, 8
26290, 9
108500, 8
124024, 9
71000, 5
102540, 8
88500, 7
63046, 8
91500, 7
16208, 9
70000, 6
24497, 5
115020, 8
99500, 8
154080, 8
109500, 7
64840, 7
88520, 6
180020, 9
101040, 8
121020, 8
129000, 7
79540, 7
138000, 7
120500, 8
101680, 7
301000, 8
109500, 7
71500, 6
67500, 7
112500, 7
119532, 6
91000, 6
102540, 8
148020, 8
117040, 7
110520, 8
65094, 9
108000, 7
96000, 7
75040, 7
243080, 9
65500, 6
102040, 7
138180, 8
104520, 8
123000, 7
99050, 8
61062, 8
94260, 8
128040, 8
146000, 8
93000, 7
79000, 6
52040, 6
126040, 7
115500, 7
103500, 7
107000, 8
87000, 7
93520, 7
72000, 7
114500, 8
131000, 8
102520, 7
99000, 7
85500, 7
93000, 7
87000, 7
232500, 7
70000, 6
132500, 8
171000, 7
130500, 7
110520, 8
59500, 6
143590, 9
84040, 7
70068, 8
100540, 7
91000, 6
94500, 7
100500, 7
101024, 8
112500, 7
143500, 9
138540, 8
217088, 9
74020, 7
192500, 8
146040, 8
80500, 6
131520, 8
144000, 7
98500, 6
171500, 8
84040, 7
64500, 7
45500, 5
162588, 8
105000, 7
101020, 7
128040, 8
74540, 6
132500, 8
85500, 7
82000, 6
94500, 7
130000, 6
105500, 8
101500, 6
113580, 8
205500, 7
109500, 7
116340, 8
112020, 8
125000, 8
126000, 7
105040, 7
139500, 7
131000, 8
159000, 7
69340, 7
134000, 8
139020, 8
157000, 9
73000, 6
96500, 8
62500, 6
118020, 8
112500, 7
71544, 7
96000, 7
101680, 7
95680, 7
68500, 6
105000, 7
97000, 6
117000, 7
86520, 8
84152, 8
86500, 6
129500, 8
99000, 7
70040, 7
70846, 8
136020, 8
183500, 8
81000, 7
149520, 8
153000, 7
113040, 8
84000, 7
93000, 7
81520, 7
85000, 6
132520, 7
85000, 6
128040, 8
104000, 8
100500, 7
8430, 7
87000, 7
114500, 8
126500, 8
52520, 6
115500, 7
97500, 7
113000, 8
90000, 7
106680, 8
55528, 7
109540, 7
158000, 8
27654, 8
107000, 8
111000, 7
103500, 7
167020, 7
201500, 8
145500, 7
185000, 8
121088, 9
114040, 7
99540, 8
68550, 7
139500, 7
134000, 8
106000, 6
109500, 7
45680, 6
33667, 7
78500, 5
172500, 7
136000, 9
121680, 8
106680, 8
111000, 7
197000, 8
125000, 8
131000, 8
67000, 6
66020, 6
69520, 7
131000, 8
121500, 7
170000, 8
131020, 7
36020, 6
191524, 9
43340, 6
58770, 7
78340, 7
85500, 7
165500, 8
66520, 7
156544, 9
61000, 6
132000, 7
102500, 8
94000, 6
60000, 7
156500, 8
88780, 8
167500, 9
50264, 8
105000, 7
84050, 9
63520, 7
108520, 7
95020, 7
207500, 8
144000, 7
125056, 9
72000, 7
74000, 5
138500, 8
91000, 6
149594, 9
145500, 7
90112, 8
115500, 7
118000, 6
72520, 7
176520, 8
138540, 8
120500, 8
114046, 8
53210, 6
146000, 8
96000, 7
120500, 8
137000, 8
153500, 8
112500, 7
103340, 6
37534, 7
82500, 7
41566, 7
58000, 6
88500, 7
155040, 8
103000, 6
51520, 7
114500, 5
165000, 7
24520, 4
189500, 8
40344, 7
134044, 9
117040, 7
100500, 7
41000, 5
95500, 6
81000, 7
71020, 7
89500, 6
141540, 8
129000, 7
112000, 6
83500, 6
120000, 7
173000, 8
84040, 7
107520, 8
137040, 8
88500, 7
131098, 9
34496, 6
139520, 9
125520, 8
134500, 9
54340, 7
171000, 7
82540, 7
151500, 7
77760, 8
119686, 8
115500, 7
76500, 7
50280, 6
83520, 8
143520, 8
78520, 7
120000, 7
92000, 8
65500, 6
105544, 9
135580, 7
145500, 7
87500, 8
91500, 7
120500, 8
97500, 7
205040, 9
88024, 9
54520, 7
56186, 7
96000, 7
104000, 8
172040, 9
118500, 7
141000, 7
120000, 7
11164, 7
91540, 7
85500, 7
86000, 8
94500, 7
134040, 8
103500, 7
64500, 7
99520, 7
96760, 7
78000, 7
92500, 6
81000, 7
82500, 7
84000, 7
43766, 7
102580, 7
91500, 7
46530, 7
149020, 7
105000, 7
125000, 8
164000, 8
95000, 8
88500, 7
95040, 8
82500, 7
154080, 8
64000, 6
50000, 5
41000, 5
167000, 8
123546, 9
88500, 7
51500, 5
97040, 6
112844, 8
111000, 7
70500, 7
124500, 7
71500, 6
123540, 8
86020, 7
111540, 8
98520, 8
72000, 7
32540, 6
149000, 8
157020, 8
84040, 7
114500, 8
187500, 7
108500, 8
63420, 8
107000, 8
70000, 6
149044, 9
74020, 7
34760, 6
70846, 8
75520, 7
52180, 7
24618, 7
145500, 7
117000, 7
90040, 7
77500, 6
82500, 7
98030, 8
159540, 8
84340, 7
125000, 8
91540, 7
165500, 8
75000, 7
118500, 7
117000, 7
83500, 6
94500, 7
96586, 8
53500, 6
170000, 8
138520, 7
141500, 8
145080, 8
54500, 5
46520, 6
71020, 7
109500, 7
157680, 8
82500, 7
82540, 7
104040, 8
57524, 8
88500, 7
99000, 7
162000, 7
94500, 7
182000, 8
132000, 7
130020, 8
100500, 7
163500, 7
242000, 8
79500, 7
23279, 7
144500, 8
164024, 8
114000, 7
178040, 9
120180, 8
132500, 8
96500, 8
145500, 7
122000, 8
100020, 8
33500, 5
28036, 7
97544, 8
123500, 8
123000, 7
35798, 5
118500, 7
131500, 9
67500, 7
130540, 7
174500, 8
77020, 7
117500, 8
67000, 6
112500, 7
147046, 8
129500, 8
43072, 7
98040, 8
133540, 7
106500, 7
78340, 7
73500, 7
101500, 6
155580, 8
179626, 9
157020, 8
103596, 7
119520, 8
104000, 8
165680, 9
162540, 8
126000, 7
143520, 8
57026, 7
139500, 7
108500, 8
148500, 7
36032, 7
58760, 6
110044, 9
229000, 9
120000, 7
96000, 7
95040, 8
194040, 8
108000, 7
87000, 7
74000, 5
85000, 6
116500, 6
114540, 8
99520, 7
79046, 7
100540, 7
78520, 7
61515, 7
85680, 8
115500, 7
82680, 8
132554, 9
74500, 6
107000, 8
117500, 8
108000, 7
74340, 8
96340, 7
91000, 6
79500, 7
151500, 7
98340, 8
82500, 7
78000, 7
84000, 7
128540, 9
122520, 8
136500, 7
113520, 8
106020, 8
67840, 7
111040, 7
157040, 9
65500, 6
267500, 8
152500, 9
125500, 6
100500, 7
97500, 7
114000, 7
100500, 7
128000, 8
120000, 7
123500, 8
164500, 9
160020, 8
119500, 6
134040, 8
115500, 7
46546, 8
138000, 7
121500, 7
145500, 7
106618, 7
150000, 7
133020, 8
134000, 8
156040, 7
101520, 8
85500, 7
116040, 8
112020, 8
144520, 7
133080, 8
165000, 7
147500, 8
22500, 4
57080, 6
108346, 8
92098, 8
113000, 8
91500, 7
104000, 8
126500, 8
178500, 7
112260, 8
115500, 7
121544, 8
79840, 7
81500, 8
79000, 6
157500, 7
84000, 7
152100, 9
59500, 6
114840, 8
145020, 8
93340, 7
43052, 7
207000, 7
113000, 8
129500, 8
86500, 6
41574, 7
66530, 8
89000, 8
106500, 7
87000, 7
90000, 7
101764, 9
88020, 8
75000, 7
91000, 6
119340, 8
156000, 7
97500, 7
108040, 7
83000, 5
41766, 6
89000, 8
163500, 7
88500, 7
79500, 7
85046, 7
120000, 7
233540, 9
116000, 8
128000, 8
107500, 6
82000, 6
78000, 7
159500, 8
97000, 6
121500, 7
100500, 7
66928, 7
134580, 8
105500, 8
67500, 7
153040, 7
138540, 8
143000, 8
92000, 8
68026, 8
56840, 6
96000, 7
96000, 7
99520, 7
186500, 8
67766, 7
221040, 8
123040, 7
100020, 8
64000, 6
105000, 7
135000, 7
54000, 7
72520, 7
146000, 8
118500, 7
118500, 7
103044, 7
82546, 8
7758, 5
70058, 7
162000, 7
109680, 8
70020, 8
97540, 7
81520, 7
90048, 8
68500, 6
55040, 6
96000, 7
159544, 9
138500, 8
68500, 6
32542, 7
69520, 7
30500, 5
90020, 6
86500, 6
149000, 8
100020, 8
90520, 7
90840, 8
167000, 8
104580, 8
137840, 9
50000, 5
115020, 8
46000, 6
123420, 8
128000, 8
133086, 9
123500, 8
62684, 8
113500, 6
105520, 7
70210, 7
98500, 6
73544, 8
202100, 10
211520, 9
126000, 7
128000, 8
113520, 8
132040, 7
67524, 7
141000, 7
61180, 7
122520, 8
91540, 7
85000, 6
114500, 8
102500, 8
100500, 7
101520, 8
112020, 8
58520, 6
83000, 8
61540, 7
153500, 8
79500, 7
59056, 6
97020, 8
116050, 9
132000, 7
92040, 8
98580, 8
68680, 7
150500, 8
105500, 8
78040, 7
119046, 9
140000, 8
66500, 5
107520, 8
52000, 6
170520, 8
194580, 8
120500, 8
161080, 7
16712, 7
77540, 6
140000, 8
58046, 7
66520, 7
167520, 8
105000, 7
101044, 9
152000, 8
66000, 7
76500, 7
91500, 7
167000, 8
152046, 9
67500, 7
111500, 8
85000, 6
90500, 8
99000, 7
73500, 7
106000, 6
68500, 6
155520, 8
92024, 8
68556, 7
77028, 8
117000, 7
117500, 8
137040, 8
22086, 7
179040, 8
113020, 7
99000, 7
88548, 8
163084, 9
191500, 9
115500, 7
106540, 7
88180, 7
87340, 7
118500, 7
144184, 9
134000, 8
55040, 6
96054, 8
133540, 7
60000, 7
99520, 7
85500, 7
69040, 7
150000, 7
124020, 8
140028, 8
68540, 6
82500, 7
116040, 8
124040, 9
104040, 8
119046, 9
59020, 7
84000, 7
90180, 8
126500, 8
129540, 8
114500, 8
67500, 7
197540, 9
144000, 7
68260, 7
91500, 7
134520, 8
108040, 7
78000, 7
93040, 7
78000, 7
101520, 8
84760, 7
44000, 5
64000, 6
75000, 4
156540, 8
97000, 6
86020, 7
77520, 8
65500, 6
60500, 5
187544, 8
167540, 9
61000, 6
171680, 9
120050, 8
63000, 7
79500, 7
79000, 6
88500, 7
73000, 6
84500, 8
125000, 8
45666, 6
145500, 7
132540, 8
93000, 7
95000, 8
128102, 9
100000, 6
139040, 9
83040, 8
20116, 6
102000, 7
132000, 7
142500, 7
103546, 8
25046, 6
204020, 9
102500, 8
70844, 8
93040, 7
117520, 7
49080, 8
106840, 7
158000, 8
114528, 8
151500, 7
144000, 7
128040, 8
104000, 8
119000, 8
57760, 7
102000, 7
66040, 7
73500, 7
227840, 9
200000, 8
88500, 7
104000, 8
94540, 7
122040, 8
101520, 8
53840, 6
96040, 7
62548, 7
64000, 6
65260, 7
65500, 6
100020, 8
23532, 6
83520, 8
78520, 7
102000, 7
152040, 8
126020, 9
65500, 6
96536, 8
120520, 7
121500, 7
215520, 8
84000, 7
141500, 8
110020, 7
180180, 8
89260, 7
113520, 8
54702, 8
77500, 6
79544, 8
103500, 7
137040, 8
74500, 6
96000, 7
103500, 7
142044, 10
205500, 7
147500, 8
122000, 8
31020, 5
141000, 7
109500, 7
82500, 7
82020, 8
162000, 7
88040, 6
59532, 7
132000, 7
86680, 7
96000, 7
150500, 8
139500, 7
59020, 7
36020, 6
137000, 8
97844, 8
159094, 7
146500, 9
65684, 8
106556, 9
63000, 7
126586, 8
84540, 8
95000, 8
87340, 7
75000, 7
112020, 8
60500, 5
87020, 6
69000, 7
192050, 8
130260, 8
116040, 8
108544, 9
70550, 8
48500, 5
92500, 6
78534, 8
112500, 7
106500, 7
159544, 9
53500, 6
193520, 9
3577000, 8
64000, 6
106000, 6
90000, 7
71500, 6
83000, 8
61500, 7
106500, 7
120048, 8
122000, 8
102520, 7
165500, 8
117000, 7
42042, 7
187000, 6
95680, 7
21884, 7
46040, 6
119020, 7
87040, 7
185580, 8
97500, 7
96040, 7
94000, 6
113520, 8
73346, 7
141000, 7
124540, 7
110000, 8
90500, 8
118500, 7
99046, 8
59500, 6
157024, 9
188540, 9
124594, 7
137766, 9
81000, 7
216020, 9
56500, 6
132500, 8
100546, 8
71684, 8
114000, 7
123520, 7
94500, 7
48744, 7
105000, 7
103500, 7
138000, 7
102540, 8
108546, 9
69020, 6
97000, 6
230044, 9
50586, 7
88000, 6
76420, 7
136040, 9
117500, 8
59500, 6
141260, 9
161000, 8
85000, 6
91684, 9
12678, 7
91500, 7
119526, 9
87000, 7
27612, 8
47818, 7
62500, 6
88540, 7
60500, 5
86024, 8
138000, 7
59500, 6
123000, 7
63520, 7
153500, 8
138524, 8
51710, 6
106500, 7
143000, 8
85500, 7
38534, 6
51588, 7
154680, 8
71500, 6
162000, 7
75420, 8
14474, 8
103540, 7
12283, 6
69000, 7
143040, 8
61000, 6
93000, 7
94540, 7
104020, 7
171580, 7
124024, 9
93000, 7
63526, 8
165540, 8
85500, 7
129500, 8
143000, 8
75760, 7
158540, 9
73500, 7
80000, 8
67000, 6
121500, 7
169580, 9
114000, 7
102000, 7
167000, 8
101044, 9
71340, 8
134000, 8
70000, 6
27516, 6
72500, 5
173000, 8
93000, 7
64520, 6
104340, 8
110000, 8
88500, 7
98020, 7
79500, 7
143040, 8
106500, 7
66524, 8
95020, 7
297500, 7
87524, 8
81524, 8
102520, 7
71994, 7
134000, 8
87340, 7
62500, 6
85540, 7
114044, 8
91500, 7
115500, 7
47528, 6
88000, 6
176588, 9
101520, 8
27624, 7
170000, 8
156500, 8
127500, 7
209500, 9
180000, 7
82500, 7
77024, 8
62500, 6
85500, 7
117000, 7
91020, 8
96000, 7
78000, 7
85000, 6
104520, 8
82500, 7
82000, 6
91500, 7
160080, 8
118500, 7
199500, 7
203500, 9
199092, 9
68020, 7
91000, 6
115500, 7
166040, 9
73000, 6
125000, 8
60024, 7
98500, 6
81040, 7
109000, 6
59500, 6
121500, 7
114000, 7
39044, 7
122000, 8
123500, 8
161000, 8
109024, 9
48500, 5
156180, 8
146000, 8
97500, 7
138420, 8
75000, 7
96048, 8
115500, 7
67000, 6
99000, 7
111000, 7
165540, 8
134000, 8
64500, 7
129500, 8
117500, 8
144000, 7
137000, 8
94500, 7
129500, 8
105180, 8
58000, 6
98040, 8
89000, 8
120500, 8
118000, 6
97000, 6
78000, 7
153998, 8
164050, 9
124040, 9
218528, 9
57760, 7
143520, 8
137040, 8
91050, 7
96040, 7
156000, 7
108000, 7
30495, 6
110554, 7
79500, 7
162680, 9
115000, 6
71020, 7
131000, 8
93500, 8
117760, 7
78044, 8
97000, 6
179580, 8
36000, 4
144500, 8
75000, 7
85844, 8
43520, 6
146000, 8
99040, 7
177680, 9
167000, 8
73530, 7
122040, 8
108000, 7
59540, 6
108040, 7
63000, 7
142500, 7
156544, 9
143540, 9
109000, 6
103020, 8
51500, 5
103000, 6
114500, 8
108540, 8
84000, 7
162000, 7
102180, 8
51260, 6
200500, 9
99540, 8
94026, 9
116520, 8
100500, 7
156540, 8
163000, 9
70500, 7
112000, 6
122000, 8
123540, 8
115000, 6
102500, 8
97000, 6
61000, 6
131520, 8
118500, 7
159000, 7
110000, 8
171540, 8
147500, 8
73552, 9
143000, 8
103020, 8
139500, 7
126000, 7
63520, 7
82500, 7
75000, 7
85020, 8
65424, 7
37528, 7
76000, 6
124500, 7
126180, 8
78000, 7
95000, 8
106548, 8
108180, 8
122040, 8
149086, 8
77036, 9
88260, 8
89546, 7
115500, 7
109500, 7
105500, 8
167540, 9
110000, 8
156540, 8
93500, 8
59032, 8
22144, 8
202040, 9
129000, 7
112000, 6
73500, 7
82020, 8
105540, 8
110092, 8
117040, 7
121020, 8
105540, 8
61500, 7
149520, 8
180500, 8
102540, 8
63520, 7
144000, 7
133020, 8
96000, 7
113520, 8
93040, 7
101000, 5
107520, 8
76000, 6
155000, 8
93000, 7
175040, 9
85544, 8
209580, 8
69040, 7
115556, 8
24784, 8
172000, 9
50500, 6
72040, 7
142024, 9
102540, 8
109540, 7
47554, 7
203000, 8
95000, 8
100500, 7
111000, 7
91500, 7
135500, 8
141840, 8
103500, 7
153000, 7
71500, 6
121248, 9
171500, 8
90040, 7
101540, 9
93500, 8
97000, 6
74500, 6
106500, 7
82500, 7
107040, 8
125020, 7
176580, 8
128000, 8
116000, 8
82058, 8
167000, 8
89500, 6
63000, 7
133340, 9
101000, 8
101000, 8
102596, 8
67500, 7
76500, 7
82500, 7
100540, 7
97500, 7
81040, 7
147000, 7
76500, 7
82000, 6
133020, 8
129154, 8
38000, 5
102040, 7
53500, 6
85000, 6
49538, 7
138544, 9
83500, 6
117580, 7
106550, 8
68500, 6
78340, 7
75500, 5
121500, 7
28168, 6
91500, 7
90000, 7
185000, 8
74500, 6
72040, 7
136000, 9
108000, 7
54760, 7
67500, 7
76540, 7
114500, 8
114540, 8
117500, 8
117540, 8
107000, 8
110000, 8
88500, 7
53500, 6
88500, 7
102594, 6
245000, 8
112520, 6
121500, 7
104122, 9
171500, 8
206000, 8
65500, 6
103500, 7
96760, 7
108500, 8
99000, 7
101260, 7
31696, 6
147500, 8
158000, 8
206040, 8
74020, 7
94500, 7
90046, 8
138046, 8
86500, 6
92920, 7
80500, 6
68500, 6
70000, 6
81340, 7
114000, 7
129540, 8
183548, 9
84500, 8
137040, 8
58000, 6
194040, 8
104520, 8
82000, 6
53524, 6
60044, 8
82000, 6
170052, 9
96500, 5
105000, 7
125080, 7
124000, 6
44840, 6
112840, 7
106500, 7
112680, 8
132590, 8
29094, 7
77500, 6
144000, 7
85500, 7
121500, 7
96000, 7
181106, 10
114000, 7
47500, 6
88500, 7
89000, 8
154000, 9
71040, 8
132520, 7
54038, 7
80024, 8
88056, 7
100000, 6
84044, 8
120540, 8
96000, 7
75340, 7
135000, 7
99040, 7
156500, 8
113094, 9
114520, 7
75000, 7
119500, 9
95000, 8
221540, 9
98020, 7
127500, 7
25046, 7
159532, 8
126000, 7
111840, 8
104500, 6
108680, 9
92020, 7
141180, 8
107500, 6
134000, 8
94500, 7
58526, 7
97500, 7
98180, 9
65500, 6
160040, 9
160020, 8
78520, 7
112500, 7
147500, 8
112080, 8
78000, 7
83556, 8
138500, 8
83500, 6
89540, 9
27192, 6
85532, 7
97500, 7
39020, 6
73070, 8
78000, 7
125000, 8
138180, 8
58536, 7
89340, 8
93520, 7
57000, 7
136500, 7
115000, 6
145500, 7
123520, 7
176500, 9
18788, 9
86500, 6
63520, 7
105000, 7
129000, 7
94000, 6
131000, 8
126052, 8
126032, 7
104040, 8
121500, 7
105000, 7
124020, 8
76000, 6
138020, 9
81000, 7
184500, 7
152040, 8
147180, 8
58000, 6
85500, 7
136500, 7
44397, 7
22050, 6
158000, 8
111184, 9
151500, 7
129500, 8
161040, 8
131020, 7
137000, 8
103500, 7
80500, 6
129000, 7
211500, 7
75000, 7
118520, 9
107000, 8
119040, 8
150500, 8
114500, 8
102520, 7
152000, 8
19500, 4
78092, 8
98840, 9
76000, 6
90000, 7
53546, 7
102000, 7
187020, 8
79020, 8
112500, 7
106020, 8
72044, 8
77340, 8
51032, 7
69000, 7
92020, 7
123844, 9
109500, 7
106500, 7
73840, 7
90000, 7
62500, 6
55000, 6
80020, 7
36634, 7
105500, 8
104000, 8
115000, 6
130040, 9
80180, 6
87000, 7
164046, 9
101264, 8
85500, 7
108000, 7
89500, 6
337840, 9
110520, 8
72040, 7
116500, 6
90000, 7
62420, 6
119040, 8
135000, 7
67000, 6
97500, 7
107520, 8
120546, 9
135000, 7
27746, 6
73000, 6
99000, 7
119024, 8
97500, 7
122020, 7
102040, 7
102000, 7
101000, 8
58840, 7
121500, 7
123520, 7
93540, 8
85040, 6
122000, 8
69058, 8
127500, 7
96000, 7
144044, 8
66000, 7
126000, 7
73532, 7
67000, 6
79500, 7
128500, 6
173040, 8
153000, 7
75020, 6
123000, 7
105500, 8
96000, 7
118540, 7
85500, 7
92500, 6
197546, 10
86500, 6
88180, 7
84040, 7
59500, 6
120048, 8
68020, 7
71500, 6
209000, 8
57500, 5
24712, 8
96500, 8
59426, 7
29540, 7
94500, 7
93046, 8
126540, 8
42500, 5
58500, 7
192500, 8
119024, 8
226020, 8
176500, 9
107000, 8
116020, 7
76540, 7
32586, 8
112024, 9
68500, 6
91544, 8
81024, 7
23090, 6
124500, 7
169040, 9
56500, 6
127500, 7
71500, 6
67500, 7
195080, 9
88540, 7
136520, 9
98000, 8
88500, 7
61348, 7
119026, 8
133020, 8
88548, 8
76000, 6
78040, 7
81340, 7
41000, 5
58000, 6
98086, 8
105500, 8
131000, 8
75500, 8
138000, 7
120544, 9
150000, 7
70000, 6
117040, 7
42500, 5
128540, 9
112094, 10
192000, 7
115092, 9
86020, 7
94020, 8
66520, 7
233180, 9
12662, 6
11812, 7
35184, 7
92020, 7
61000, 6
78040, 7
117590, 8
84000, 7
123000, 7
79000, 6
120048, 8
103020, 8
81000, 7
105000, 7
76500, 7
91070, 7
78000, 7
96000, 7
276500, 7
67420, 7
78040, 7
133520, 9
78340, 7
83500, 6
120500, 8
112540, 7
113000, 8
142500, 7
102500, 8
113032, 8
114500, 8
128000, 8
87000, 7
87180, 8
64000, 6
69768, 8
103500, 7
219500, 8
61000, 6
75520, 7
174540, 8
126500, 8
95596, 9
89080, 7
86520, 8
66500, 5
92040, 9
143000, 8
81760, 7
70500, 7
47000, 5
120000, 7
92500, 6
50500, 6
169020, 8
113000, 8
143520, 8
149040, 8
100260, 8
85500, 7
134500, 9
208040, 9
154340, 9
49000, 6
92020, 7
47680, 7
68020, 7
110520, 8
105000, 7
79500, 7
85180, 7
110000, 8
191000, 8
37534, 7
277000, 9
48032, 7
126600, 8
79048, 7
150500, 8
155000, 8
101260, 7
80500, 6
73500, 7
85000, 6
142080, 8
123000, 7
77024, 8
81058, 9
118500, 7
61000, 6
65546, 7
82500, 7
67048, 7
62500, 6
129000, 7
27246, 5
100500, 7
93000, 7
72020, 6
122000, 8
135500, 8
85500, 7
40340, 6
100000, 6
102040, 7
94020, 8
93520, 7
132000, 7
87000, 7
46000, 6
95500, 6
215000, 8
93000, 7
25852, 7
170000, 8
70500, 7
111000, 7
74000, 5
49082, 8
88000, 6
147000, 7
87000, 7
95550, 7
123500, 8
75050, 8
141840, 8
93180, 8
125520, 8
158000, 8
96500, 8
121500, 7
120000, 7
124500, 7
245500, 9
167040, 8
79500, 7
120000, 7
101020, 7
75340, 7
123000, 7
158000, 8
97500, 7
71080, 7
66520, 7
52000, 6
112500, 7
115020, 8
167540, 9
107500, 6
100500, 7
124000, 6
100540, 7
48500, 5
94500, 7
63040, 7
62500, 6
50500, 6
141000, 7
96500, 8
50000, 5
101000, 8
168680, 9
105040, 7
152040, 8
110180, 9
78840, 8
66000, 7
156040, 7
83580, 7
63000, 7
126000, 7
87520, 7
95000, 8
120500, 8
73000, 6
79000, 6
73048, 7
19492, 7
121000, 6
105000, 7
158000, 8
103500, 7
82846, 8
141000, 7
90000, 7
94020, 8
96520, 7
77080, 7
76500, 7
70500, 7
109500, 7
162500, 8
106020, 8
106500, 7
48020, 6
90000, 7
90000, 7
174000, 7
121500, 7
65260, 7
134040, 8
138000, 7
59500, 6
20166, 7
111500, 8
160020, 8
88000, 6
117102, 7
40558, 8
104000, 8
104080, 7
106000, 6
97500, 7
64000, 6
66520, 7
148520, 9
85000, 6
22258, 6
95520, 8
66020, 6
79000, 6
81000, 7
73180, 7
106500, 7
81000, 7
40076, 6
93500, 8
88500, 7
38566, 7
75520, 7
71500, 6
65000, 5
160500, 7
97000, 6
70500, 7
98500, 6
179000, 8
109080, 8
89020, 7
81000, 7
159500, 8
111584, 8
116000, 8
90520, 7
108000, 7
129540, 8
102344, 8
121500, 7
107520, 8
75760, 7
155000, 8
56578, 8
53558, 7
108000, 7
109500, 7
105540, 8
158000, 8
93040, 7
170500, 9
96000, 7
25050, 6
29096, 7
95000, 8
149590, 9
73000, 6
119020, 7
213500, 8
99040, 7
140550, 7
188000, 8
92000, 8
115500, 7
108500, 8
60134, 7
131000, 8
68500, 6
103500, 7
152526, 9
81520, 7
162544, 9
144500, 8
49528, 7
117000, 7
119000, 8
114040, 7
75580, 7
126044, 8
40020, 5
115000, 6
207500, 8
65500, 6
41746, 7
81000, 7
108000, 7
63040, 7
79000, 6
122000, 8
60000, 7
118500, 7
109000, 6
115500, 7
248588, 9
151520, 9
135520, 7
91080, 7
141546, 9
201500, 8
73500, 7
169500, 7
130500, 7
75520, 7
111520, 7
100340, 9
24216, 7
93180, 8
138000, 7
124040, 9
72040, 7
99000, 7
85000, 6
108000, 7
145500, 7
34130, 9
104520, 8
64000, 6
170000, 8
73500, 7
127500, 7
162500, 8
98500, 6
177534, 8
64000, 6
101500, 6
70846, 8
126000, 7
214020, 8
75000, 7
116520, 8
88680, 8
130500, 7
87532, 9
130500, 7
78530, 8
123500, 8
35587, 7
101040, 8
20566, 7
108500, 8
92340, 8
110000, 8
59040, 5
149050, 9
55040, 6
64540, 7
97500, 7
76680, 8
142080, 8
77500, 6
106500, 7
153500, 8
55520, 6
46000, 6
119000, 8
103500, 7
76528, 7
28500, 4
217000, 9
86040, 8
132544, 9
166000, 9
167540, 9
113000, 8
93064, 9
97000, 6
107520, 8
61340, 6
55046, 7
28034, 6
51500, 5
64000, 6
108592, 8
113000, 8
47844, 7
81000, 7
29597, 5
94680, 8
53500, 6
179000, 8
160020, 8
122086, 8
103020, 8
91500, 7
143520, 8
64500, 7
132000, 7
136500, 7
71500, 6
220080, 8
134000, 8
52340, 6
106500, 7
141000, 7
230500, 9
85000, 6
110040, 8
76500, 7
125580, 8
179000, 8
93000, 7
83500, 6
108000, 7
139500, 7
126044, 8
98520, 8
175500, 7
72020, 6
70540, 7
59020, 7
114500, 8
174500, 8
65500, 6
134046, 9
138000, 7
40040, 6
68500, 6
47500, 6
147500, 8
98028, 8
111500, 8
126180, 8
59500, 6
30997, 6
61520, 6
102000, 7
86580, 8
94500, 7
104000, 8
56844, 7
112500, 7
147600, 8
113044, 9
56500, 6
27544, 6
306000, 7
182580, 8
115020, 8
181028, 9
103500, 7
110060, 9
161000, 8
97500, 7
108000, 7
79180, 7
154040, 9
284500, 9
84180, 8
209000, 8
78526, 8
81030, 7
91500, 7
95520, 8
95040, 8
49046, 7
98520, 8
80260, 7
59500, 6
84000, 7
78340, 7
88500, 7
62500, 6
119000, 8
103500, 7
133020, 8
74020, 7
75026, 7
174594, 9
97540, 7
92020, 7
156540, 8
160500, 7
89500, 6
84526, 8
131040, 8
177500, 8
33582, 7
153500, 8
85000, 6
43532, 7
79500, 7
121500, 7
132000, 7
117546, 9
171500, 8
160500, 7
59840, 6
184500, 7
87028, 7
164000, 8
110020, 7
80020, 7
97500, 7
78500, 8
84500, 8
129500, 8
102000, 7
73766, 7
74040, 8
152540, 9
122040, 8
127500, 7
115500, 7
89500, 6
71714, 8
82500, 7
100500, 7
65000, 5
144840, 8
185000, 8
107000, 8
138500, 8
87580, 7
123068, 8
114000, 7
76000, 6
51178, 6
20520, 5
97500, 7
56840, 6
80044, 8
82000, 6
85500, 7
43520, 6
34798, 6
85500, 7
126000, 7
65540, 6
47186, 7
114040, 7
143000, 8
98520, 8
81086, 10
196000, 9
97500, 7
108040, 7
209050, 9
98024, 8
58000, 6
161000, 8
140249, 7
138180, 8
24656, 8
126000, 7
108580, 7
105540, 8
71680, 7
126000, 7
119680, 7
33851, 6
85500, 7
106564, 9
78520, 7
186540, 8
99000, 7
84540, 8
93000, 7
23066, 6
91500, 7
123540, 8
99520, 7
96546, 9
91180, 7
132000, 7
131046, 9
84000, 7
53540, 6
91500, 7
104500, 6
99000, 7
117000, 7
143520, 8
79680, 8
230500, 9
106500, 7
94500, 7
94000, 6
85500, 7
133540, 7
211040, 9
72500, 5
150500, 8
116540, 9
93000, 7
145500, 7
68500, 6
178520, 9
68500, 6
186026, 10
140000, 8
24714, 9
22090, 6
99524, 8
106500, 7
93040, 7
101520, 8
94540, 7
65500, 6
76500, 7
119000, 8
75000, 7
21587, 6
116040, 8
119000, 8
152000, 8
154040, 9
81000, 7
88500, 7
150500, 8
105000, 7
162500, 8
128520, 8
70000, 6
99180, 8
69024, 7
81000, 7
143040, 8
226548, 8
105048, 8
102500, 8
127000, 6
105500, 8
82520, 6
46564, 8
120500, 8
149000, 8
204540, 8
166500, 7
8794, 6
97500, 7
124548, 8
74000, 5
82000, 6
131000, 8
264500, 8
115500, 7
103546, 8
117000, 7
131000, 8
113030, 8
91840, 7
126020, 9
65680, 7
97840, 7
236000, 8
71020, 7
134040, 8
112184, 8
51028, 7
103500, 7
58540, 7
96000, 7
162000, 7
78040, 7
135520, 7
134340, 8
102840, 8
84340, 7
166686, 9
125000, 8
58000, 6
91500, 7
85020, 8
23916, 6
74500, 6
90540, 8
135840, 8
134500, 6
122000, 8
104520, 8
116000, 8
59500, 6
110000, 8
140520, 8
79500, 7
102000, 7
72050, 8
24620, 8
56186, 7
45920, 6
149000, 8
82500, 7
52000, 6
104500, 6
87020, 6
97540, 7
83500, 6
191540, 9
120000, 7
138000, 7
117000, 7
98040, 8
96500, 8
143020, 7
134000, 8
72048, 8
85500, 7
134000, 8
152520, 8
75000, 7
117544, 9
73052, 7
108060, 8
47586, 8
93000, 7
141000, 7
53022, 9
99000, 7
80500, 6
128000, 8
61000, 6
73500, 7
151080, 8
94080, 8
153552, 9
122000, 8
99070, 9
92500, 6
117540, 8
79520, 6
102180, 8
23745, 6
163040, 9
102040, 7
81000, 7
115500, 7
108540, 8
206540, 9
174020, 9
94500, 7
97040, 9
100000, 6
80020, 7
158500, 9
36997, 6
126500, 8
114040, 7
71026, 8
70840, 7
93000, 7
97500, 7
8468, 6
87040, 7
12482, 7
113046, 9
57500, 5
131520, 8
70000, 6
99000, 7
54340, 7
93000, 7
82500, 7
101000, 8
103000, 6
25034, 6
164580, 8
79000, 6
110000, 8
70500, 7
82500, 7
194000, 8
109000, 9
40536, 7
76848, 8
89000, 8
71552, 7
123000, 7
200000, 8
96210, 8
146000, 8
143000, 8
93000, 7
123040, 7
171000, 7
123500, 8
123000, 7
77026, 8
114058, 8
106000, 6
112000, 6
97500, 7
95000, 8
148500, 7
94024, 9
94184, 8
67000, 6
68500, 6
110520, 8
125048, 9
42568, 7
142500, 7
115500, 7
61188, 8
114000, 7
75000, 7
54684, 7
118544, 8
65500, 6
147500, 8
37837, 7
111000, 7
70040, 6
91500, 7
68500, 6
70180, 7
61000, 6
137000, 8
76000, 6
119520, 8
108500, 8
163020, 8
238000, 9
102000, 7
107340, 8
79184, 8
56570, 8
149000, 8
167000, 8
95500, 6
60760, 7
49340, 6
114540, 8
109680, 8
144540, 8
35000, 5
186580, 7
72760, 7
138000, 7
84000, 7
55424, 8
87000, 7
113040, 8
64546, 8
44500, 6
91500, 7
175540, 7
76500, 7
153000, 7
89520, 8
115500, 7
109000, 9
97180, 7
89340, 8
68020, 7
92134, 10
87686, 7
164040, 8
67500, 7
107040, 8
14044, 5
162000, 7
125520, 8
94500, 7
161040, 8
97342, 9
369500, 7
81000, 7
113760, 8
