Evaluations, Played
2967, 5
8440, 5
15320, 6
11720, 6
11979, 6
3718, 5
2958, 4
3622, 5
5698, 5
2797, 5
13480, 5
13160, 6
4256, 6
8800, 5
12080, 6
8040, 4
8247, 6
18600, 7
10640, 6
15720, 7
11000, 6
9920, 6
9904, 6
5904, 5
12800, 6
13520, 6
6240, 4
8080, 5
9200, 6
3356, 6
10640, 6
10280, 6
12440, 6
7720, 5
8480, 6
8800, 5
4972, 5
13160, 6
7360, 5
11720, 6
4491, 6
10280, 6
9544, 6
11680, 5
13560, 7
3157, 5
10280, 6
9920, 6
8702, 6
11720, 6
11680, 5
8080, 5
12824, 7
8080, 5
4237, 5
7360, 5
7352, 6
12440, 6
8080, 5
8440, 5
10640, 6
10640, 6
9160, 5
2998, 5
3337, 5
4358, 5
11320, 5
11360, 6
2617, 5
9920, 6
12440, 6
3896, 6
3697, 5
3157, 5
13480, 5
9160, 5
14640, 7
3538, 5
7360, 5
15680, 6
18640, 8
16080, 7
15320, 6
66, 3
814, 4
5160, 4
808, 3
7360, 5
6960, 4
8800, 5
66, 3
7320, 4
816, 4
4760, 3
10240, 5
4040, 3
12400, 5
10640, 6
9520, 5
7360, 5
14960, 6
7360, 5
10600, 5
1568, 4
11720, 6
9160, 5
10600, 5
814, 4
11360, 6
8080, 5
9319, 5
9568, 6
9120, 4
12440, 6
10960, 5
13520, 6
9200, 6
7159, 5
10960, 5
9568, 6
6240, 4
2437, 5
7368, 5
8080, 5
7720, 5
3012, 5
11349, 6
8133, 6
10240, 5
15720, 7
3358, 5
7320, 4
4277, 6
5160, 4
8440, 5
10960, 5
7640, 3
9120, 4
11680, 5
72, 5
13120, 5
16800, 7
14920, 5
2200, 2
9880, 5
12800, 6
13520, 6
10960, 5
12440, 6
10960, 5
8440, 5
14640, 7
17840, 6
74, 5
15280, 5
17880, 7
7680, 4
6240, 4
9880, 5
9480, 4
5336, 6
9928, 6
6240, 4
11320, 5
2797, 5
9560, 6
17840, 6
1193, 5
10600, 5
8040, 4
13520, 6
6240, 4
10960, 5
8440, 5
10288, 6
6960, 4
13160, 6
14960, 6
7360, 5
3368, 4
9160, 5
12080, 6
8440, 5
6640, 5
13160, 6
10600, 5
9880, 5
9480, 4
7360, 5
4988, 5
10600, 5
13920, 7
8080, 5
9160, 5
7720, 5
9520, 5
8440, 5
5560, 5
16080, 7
8440, 5
16800, 7
9840, 4
78, 5
9864, 5
16080, 7
14240, 6
9160, 5
3732, 5
12800, 6
70, 4
13920, 7
7360, 5
6288, 5
8440, 5
6240, 4
9160, 5
12080, 6
13520, 6
11000, 6
13880, 6
8840, 6
8080, 5
14600, 6
8840, 6
9160, 5
9120, 4
5168, 4
10280, 6
11360, 6
9880, 5
10640, 6
11720, 6
12080, 6
13880, 6
9160, 5
9560, 6
1568, 4
2797, 5
458, 4
4848, 5
4800, 4
11000, 6
9160, 5
10600, 5
14240, 6
7000, 5
8800, 5
9880, 5
12800, 6
10560, 4
10240, 5
8080, 5
8440, 5
1208, 4
7360, 5
9880, 5
6960, 4
4076, 6
8800, 5
6280, 5
5258, 5
7360, 5
8840, 6
7000, 5
13160, 6
8760, 4
5480, 3
9120, 4
9920, 6
12080, 6
15720, 7
11720, 6
8800, 5
7728, 5
8080, 5
8800, 5
11360, 6
7372, 6
14240, 6
8120, 6
4784, 4
11680, 5
7680, 4
5520, 4
10280, 6
7360, 5
7360, 5
6240, 4
7896, 6
7720, 5
8080, 5
5544, 5
7164, 5
7720, 5
9880, 5
10640, 6
11320, 5
8440, 5
4848, 5
9568, 6
12080, 6
8800, 5
12080, 6
4440, 4
8080, 5
462, 5
9160, 5
11360, 6
6280, 5
8760, 4
6002, 6
8760, 4
7704, 5
8848, 6
6960, 4
2648, 4
8080, 5
7720, 5
4800, 4
5520, 4
3517, 5
9880, 5
11360, 6
9880, 5
20440, 8
5949, 5
10280, 6
7024, 6
9160, 5
10304, 7
8760, 4
5932, 6
9928, 6
8440, 5
13480, 5
6960, 4
2797, 5
9120, 4
11000, 6
9880, 5
13359, 7
4258, 5
7408, 6
4440, 4
13880, 6
9528, 5
808, 3
7360, 5
8080, 5
989, 5
10280, 6
8080, 5
1520, 3
6960, 4
5928, 5
4488, 5
9880, 5
11360, 6
11720, 6
6640, 5
9239, 5
13880, 6
5184, 5
9920, 6
3458, 5
4133, 5
1548, 5
8800, 5
8440, 5
932, 5
1926, 5
6240, 4
5520, 4
4080, 4
13160, 6
1928, 4
8064, 5
13160, 6
8800, 5
8080, 5
4488, 5
8080, 5
11728, 6
7760, 6
4072, 5
6280, 5
14600, 6
13504, 6
11000, 6
16080, 7
4450, 6
12440, 6
3877, 5
3157, 5
7332, 5
15000, 7
10600, 5
8128, 6
7360, 5
4080, 4
8080, 5
6608, 4
5560, 5
8440, 5
13160, 6
1926, 5
13520, 6
5932, 6
5920, 5
15320, 6
9168, 5
15000, 7
10600, 5
16800, 7
8080, 5
7360, 5
5753, 5
10648, 6
11728, 6
9160, 5
6264, 5
9520, 5
7744, 6
5920, 5
430, 4
12400, 5
7360, 5
13547, 7
10240, 5
8800, 5
5520, 4
6640, 5
3859, 6
7360, 5
1544, 4
9200, 6
17520, 7
9160, 5
1859, 3
8080, 5
11360, 6
7000, 5
7008, 5
9160, 5
12440, 6
10960, 5
10960, 5
8840, 6
4945, 7
9880, 5
9560, 6
12080, 6
9560, 6
5920, 5
9520, 5
8898, 6
3877, 5
14920, 5
7680, 4
3008, 4
9168, 5
16760, 6
3720, 4
7360, 5
8080, 5
3008, 4
4637, 6
13920, 7
8800, 5
10648, 6
10280, 6
9123, 6
13520, 6
2960, 3
9120, 4
10960, 5
5568, 5
7048, 6
10240, 5
13560, 7
6264, 5
5928, 5
9568, 6
7360, 5
5880, 4
6280, 5
13568, 7
12440, 6
4784, 4
9568, 6
9928, 6
7008, 5
6640, 5
9880, 5
8440, 5
11000, 6
9160, 5
9160, 5
13120, 5
6960, 4
13160, 6
5520, 4
5560, 5
8080, 5
2610, 5
3358, 5
13160, 6
13160, 6
8760, 4
1544, 4
11360, 6
8109, 5
11619, 6
9920, 6
6960, 4
16440, 7
12080, 6
11000, 6
3683, 5
11720, 6
3697, 5
10640, 6
10640, 6
8760, 4
9560, 6
10984, 6
4800, 4
9520, 5
10240, 5
11360, 6
5520, 4
66, 3
4808, 4
9160, 5
10240, 5
13520, 6
12800, 6
11360, 6
70, 4
13200, 7
3372, 5
7360, 5
9520, 5
7000, 5
7720, 5
9160, 5
11360, 6
820, 5
11360, 6
2439, 4
8092, 6
458, 4
7360, 5
2977, 5
9880, 5
3320, 3
2493, 6
8080, 5
5520, 4
1568, 4
12800, 6
11000, 6
6960, 4
2648, 4
12800, 6
4297, 5
807, 5
11479, 6
10640, 6
12800, 6
7000, 5
16800, 7
5572, 6
16440, 7
11000, 6
8800, 5
11000, 6
3718, 5
9160, 5
6960, 4
12760, 5
13200, 7
5438, 5
10640, 6
7855, 7
2588, 5
9880, 5
3517, 5
8440, 5
13520, 6
8080, 5
2923, 4
10960, 5
11360, 6
3898, 5
11000, 6
4277, 6
11000, 6
8800, 5
4097, 6
12440, 6
5560, 5
5880, 4
2797, 5
3898, 5
10280, 6
12080, 6
16440, 7
3536, 6
6259, 5
9520, 5
11360, 6
17160, 7
10624, 6
7360, 5
9560, 6
3157, 5
6317, 6
4268, 5
14640, 7
8800, 5
5307, 6
7024, 6
9920, 6
10240, 5
9708, 6
10640, 6
7360, 5
13880, 6
12440, 6
4718, 5
7000, 5
13560, 7
7209, 5
15360, 7
10640, 6
8800, 5
6640, 5
8400, 4
6399, 5
6200, 3
17480, 6
16080, 7
70, 4
5888, 4
5840, 3
1120, 2
10280, 6
22240, 8
15320, 6
6252, 5
5120, 3
8104, 6
8824, 6
11720, 6
17880, 7
18920, 6
14240, 6
2799, 4
15640, 5
10240, 5
10600, 5
2058, 4
12800, 6
68, 4
8760, 4
9480, 4
10640, 6
8760, 4
6960, 4
7720, 5
6968, 4
13160, 6
10960, 5
4297, 5
12800, 6
4747, 5
1572, 5
3538, 5
6292, 6
14600, 6
3337, 5
4997, 6
808, 3
8244, 5
14240, 6
5520, 4
7720, 5
13480, 5
7360, 5
2998, 5
18240, 7
9899, 6
8440, 5
11360, 6
13160, 6
15320, 6
16440, 7
3517, 5
10960, 5
9480, 4
6979, 5
12800, 6
3157, 5
12400, 5
14280, 7
74, 4
8800, 5
6248, 4
8800, 5
9168, 5
10600, 5
8400, 4
7720, 5
10600, 5
11680, 5
7360, 5
14600, 6
1139, 3
6640, 5
64, 3
10240, 5
9880, 5
11720, 6
11320, 5
9920, 6
13520, 6
12080, 6
8800, 5
8448, 6
6600, 4
4133, 5
9880, 5
14640, 7
10600, 5
11000, 6
4040, 3
9880, 5
3680, 3
9160, 5
7360, 5
14600, 6
12800, 6
5572, 6
13200, 7
8800, 5
7368, 5
8824, 6
8080, 5
13560, 7
18600, 7
7768, 6
10608, 5
9920, 6
8760, 4
10624, 6
11680, 5
10280, 6
12440, 6
8120, 6
9840, 4
16040, 6
9120, 4
12800, 6
9160, 5
9160, 5
13160, 6
11000, 6
9120, 4
11360, 6
10960, 5
5528, 4
11000, 6
6652, 6
5160, 4
837, 5
5880, 4
2935, 6
10240, 5
18240, 7
9808, 6
9160, 5
9880, 5
8760, 4
5840, 3
9520, 5
8080, 5
9520, 5
7720, 5
3720, 4
5160, 4
1572, 5
6600, 4
10280, 6
4808, 4
8440, 5
8800, 5
9200, 6
837, 5
1568, 4
9880, 5
11680, 5
7720, 5
4800, 4
2267, 5
2624, 4
6600, 4
4464, 5
3036, 6
9573, 6
1208, 4
7720, 5
8800, 5
8120, 6
6648, 5
8840, 6
6640, 5
9880, 5
11720, 6
12080, 6
898, 4
6600, 4
6984, 5
10288, 6
400, 2
7720, 5
2288, 4
11720, 6
8840, 6
13880, 6
6960, 4
11320, 5
6624, 5
8080, 5
5880, 4
8800, 5
3408, 5
4440, 4
9200, 6
9520, 5
7680, 4
2931, 5
6240, 4
9520, 5
9480, 4
7000, 5
7000, 5
8080, 5
10200, 4
10280, 6
10600, 5
12480, 7
9200, 6
4978, 5
12440, 6
7320, 4
6600, 4
10640, 6
6960, 4
11720, 6
17160, 7
6640, 5
12440, 6
9520, 5
14560, 5
11000, 6
9520, 5
8488, 6
7818, 6
6240, 4
7768, 6
11720, 6
11360, 6
10280, 6
779, 3
6280, 5
5912, 6
9189, 6
2894, 4
10640, 6
4848, 5
9880, 5
11360, 6
8440, 5
3408, 5
11720, 6
13880, 6
8440, 5
14240, 6
8840, 6
6640, 5
1880, 3
4848, 5
12080, 6
8480, 6
4440, 4
9880, 5
6240, 4
6640, 5
8080, 5
2960, 3
12080, 6
9160, 5
7360, 5
7998, 6
4311, 6
9160, 5
7720, 5
5520, 4
9920, 6
4771, 6
6452, 6
8448, 5
9520, 5
9520, 5
10280, 6
9920, 6
9880, 5
12440, 6
9880, 5
13160, 6
10600, 5
6960, 4
7863, 6
1934, 5
1208, 4
8800, 5
12480, 7
10240, 5
8080, 5
448, 3
12440, 6
16080, 7
5928, 5
10280, 6
458, 4
454, 4
5057, 6
2288, 4
10600, 5
5928, 5
3720, 4
11360, 6
8800, 5
13160, 6
2430, 5
8800, 5
9184, 6
9200, 6
11360, 6
4268, 5
14960, 6
3728, 4
8104, 6
6288, 5
11720, 6
12800, 6
7048, 6
3622, 5
9904, 6
13160, 6
9560, 6
5528, 4
13560, 7
5357, 6
9160, 5
10920, 4
6640, 5
17160, 7
4501, 6
10640, 6
14240, 6
7360, 5
7360, 5
9504, 5
1511, 4
9880, 5
16080, 7
9880, 5
8400, 4
7720, 5
7360, 5
11000, 6
11360, 6
5528, 4
12080, 6
9880, 5
5920, 5
12080, 6
9520, 5
9407, 7
10640, 6
6240, 4
11360, 6
8080, 5
8080, 5
9520, 5
9920, 6
5568, 5
11320, 5
5928, 5
8400, 4
7720, 5
9208, 6
11680, 5
3622, 5
6688, 6
10600, 5
9880, 5
8464, 6
10280, 6
9160, 5
6640, 5
8808, 5
11360, 6
9200, 6
5920, 5
3344, 4
12800, 6
7720, 5
432, 4
10600, 5
11360, 6
2606, 5
12440, 6
13880, 6
2998, 5
15720, 7
4440, 4
6640, 5
9520, 5
9520, 5
9120, 4
13160, 6
14240, 6
48, 2
13120, 5
8760, 4
4040, 3
5172, 5
10240, 5
11720, 6
10640, 6
11720, 6
13560, 7
9880, 5
10280, 6
9880, 5
11000, 6
48, 2
7320, 4
12080, 6
10960, 5
5892, 5
13160, 6
11720, 6
2240, 3
9160, 5
5732, 6
9560, 6
5520, 4
7360, 5
8840, 6
10079, 6
5560, 5
5880, 4
2797, 5
6240, 4
12840, 7
9520, 5
12080, 6
6240, 4
4297, 5
9880, 5
9560, 6
8440, 5
15000, 7
1934, 5
8800, 5
13480, 5
5160, 4
9560, 6
2797, 5
16800, 7
7768, 6
8448, 5
2797, 5
13840, 5
9504, 5
9880, 5
12040, 5
74, 4
11680, 5
7360, 5
7320, 4
9880, 5
12440, 6
12800, 6
8440, 5
13480, 5
2979, 4
5560, 5
9160, 5
17480, 6
6640, 5
12080, 6
8440, 5
12080, 6
9160, 5
14280, 7
14240, 6
10640, 6
82, 6
9880, 5
11360, 6
13920, 7
3368, 4
8800, 5
13520, 6
8848, 6
4400, 3
6280, 5
12840, 7
5892, 5
11360, 6
9208, 6
2487, 5
10640, 6
8760, 4
6240, 4
8480, 6
7680, 4
8440, 5
5544, 5
7320, 4
5208, 5
14200, 5
10640, 6
3356, 6
11320, 5
8800, 5
6280, 5
5221, 6
13520, 6
11320, 5
11360, 6
8440, 5
760, 2
9208, 6
1574, 5
6652, 6
9520, 5
5708, 5
15680, 6
4258, 5
8040, 4
7680, 4
8480, 6
3818, 5
9904, 6
20760, 7
6007, 5
7799, 5
13120, 5
14240, 6
10600, 5
15320, 6
8440, 5
4417, 5
2619, 4
4843, 5
4480, 5
11360, 6
2778, 4
6280, 5
3726, 6
14600, 6
13160, 6
12480, 7
4817, 6
10960, 5
4440, 4
3697, 5
10960, 5
5878, 5
5520, 4
3718, 5
5548, 6
6640, 5
10640, 6
12080, 6
8080, 5
11720, 6
9160, 5
9303, 6
12040, 5
13520, 6
11680, 5
4064, 4
8440, 5
10956, 7
9520, 5
8517, 6
11320, 5
9120, 4
9880, 5
3356, 5
14258, 7
10960, 5
8800, 5
10174, 6
10600, 5
4824, 5
12080, 6
8080, 5
13160, 6
20040, 7
66, 3
11720, 6
8080, 5
4448, 4
6288, 5
9160, 5
6960, 4
60, 3
12080, 6
10240, 5
11360, 6
12400, 5
5528, 4
9840, 4
3008, 4
12760, 5
6240, 4
10280, 6
9920, 6
9184, 6
7720, 5
11360, 6
4076, 6
14680, 8
5520, 4
2977, 5
2977, 5
8080, 5
1902, 5
8800, 5
10640, 6
5888, 4
8800, 5
16080, 7
15000, 7
9160, 5
14240, 6
8480, 6
16440, 7
6960, 4
8440, 5
5200, 5
7614, 5
4128, 5
13520, 6
837, 5
5520, 4
8400, 4
2292, 5
3157, 5
3358, 5
14960, 6
8800, 5
1544, 4
5208, 5
9120, 4
10288, 6
8080, 5
10264, 6
5208, 5
4488, 5
5880, 4
16440, 7
12800, 6
11720, 6
10240, 5
17880, 7
8800, 5
8088, 5
10259, 6
2654, 5
10240, 5
9160, 5
4996, 6
6600, 4
7360, 5
5520, 4
448, 3
13160, 6
11720, 6
11720, 6
7519, 5
12440, 6
6640, 5
13160, 6
9160, 5
7720, 5
11720, 6
8080, 5
4076, 6
12800, 6
13160, 6
2493, 6
11360, 6
8440, 5
7720, 5
8080, 5
5732, 6
14280, 7
9422, 6
9544, 6
12080, 6
12080, 6
7720, 5
9054, 5
9920, 6
1214, 5
7720, 5
6280, 5
11320, 5
464, 5
14600, 6
9120, 4
3744, 5
9560, 6
3368, 5
12080, 6
4800, 4
5214, 6
11000, 6
11400, 7
4440, 4
13160, 6
12440, 6
8488, 6
9928, 6
11720, 6
14240, 6
7680, 4
12440, 6
2652, 5
11000, 6
10640, 6
6240, 4
11720, 6
6960, 4
12800, 6
8440, 5
4760, 3
1928, 4
15720, 7
9120, 4
2851, 6
424, 3
10280, 6
10280, 6
8440, 5
5520, 4
9144, 5
10264, 6
9160, 5
11680, 5
12080, 6
12840, 7
8440, 5
2288, 4
7000, 5
6979, 5
2847, 5
3157, 5
7360, 5
8840, 6
7720, 5
9520, 5
8080, 5
6288, 5
400, 2
8080, 5
9920, 6
8800, 5
13160, 6
8840, 6
7429, 6
4440, 4
5880, 4
9160, 5
1520, 3
8080, 5
3320, 3
1228, 7
7720, 5
11000, 6
13520, 6
5568, 5
7360, 5
9880, 5
8088, 5
8440, 5
8800, 5
1214, 5
8080, 5
2977, 5
10960, 5
9920, 6
5528, 4
2654, 5
448, 3
11360, 6
13160, 6
9840, 4
4493, 5
11720, 6
4400, 3
9880, 5
6640, 5
9160, 5
1568, 4
9880, 5
13520, 6
11000, 6
3898, 5
11000, 6
12800, 6
9589, 6
8440, 5
9480, 4
17120, 6
8440, 5
11360, 6
9160, 5
458, 4
10640, 6
6640, 5
11000, 6
6288, 5
8374, 6
10288, 6
8080, 5
11720, 6
6264, 5
6328, 6
5520, 4
4848, 5
7720, 5
5208, 5
8848, 6
9880, 5
10600, 5
8440, 5
8080, 5
10640, 6
4268, 5
3716, 6
3397, 5
12080, 6
7699, 5
13880, 6
11728, 6
5880, 4
9160, 5
9208, 6
5568, 5
9200, 6
11360, 6
9920, 6
4043, 5
2648, 4
13880, 6
9520, 5
4848, 5
6640, 5
4128, 5
7000, 5
4760, 3
15720, 7
424, 3
10600, 5
2240, 3
8840, 6
6280, 5
3397, 5
9920, 6
11000, 6
8080, 5
7024, 6
11360, 6
8080, 5
9200, 6
2996, 5
7008, 5
11360, 6
12800, 6
12440, 6
12440, 6
10648, 6
10648, 6
13520, 6
11328, 5
1568, 4
10280, 6
10648, 6
10264, 6
5214, 6
4080, 4
13520, 6
8080, 5
3683, 5
9520, 5
6648, 5
5928, 5
13880, 6
8080, 5
14600, 6
2288, 4
14288, 7
8840, 6
5160, 4
4852, 6
6960, 4
9920, 6
14960, 6
7360, 5
7000, 5
3877, 5
8080, 5
7000, 5
4943, 5
11720, 6
3877, 5
4997, 6
13840, 5
9520, 5
13520, 6
10960, 5
6320, 6
12440, 6
9520, 5
12760, 5
5480, 3
60, 3
16760, 6
11320, 5
14200, 5
8400, 4
10920, 4
13520, 6
74, 5
13880, 6
20760, 7
9880, 5
13880, 6
6240, 4
9132, 5
13880, 6
5520, 4
12400, 5
11320, 5
5197, 5
7360, 5
9880, 5
9880, 5
7320, 4
12760, 5
816, 4
10624, 6
7720, 5
8440, 5
13880, 6
400, 2
7858, 5
1176, 4
12760, 5
7360, 5
18560, 6
13120, 5
9168, 5
8440, 5
12080, 6
9160, 5
8800, 5
10240, 5
7728, 5
5568, 5
6960, 4
12800, 6
7320, 4
10960, 5
3368, 4
8440, 5
12800, 6
16440, 7
4488, 5
11000, 6
19680, 7
9520, 5
64, 3
7360, 5
4808, 4
9160, 5
5172, 5
14600, 6
11280, 4
16400, 6
13120, 5
11068, 6
12080, 6
15000, 7
9920, 6
5520, 4
68, 4
10560, 4
16040, 6
11680, 5
1120, 2
16440, 7
20800, 8
10600, 5
16040, 6
6812, 6
8064, 5
10280, 6
11320, 5
10600, 5
7720, 5
10984, 6
5120, 3
12800, 6
6648, 5
9520, 5
2823, 5
9880, 5
5120, 3
11320, 5
13880, 6
7680, 4
11680, 5
9880, 5
7000, 5
10240, 5
9160, 5
6288, 5
12400, 5
12440, 6
1176, 4
13520, 6
8080, 5
8080, 5
1163, 4
8080, 5
1892, 4
14240, 6
6608, 4
11720, 6
9928, 6
7280, 3
10979, 6
7720, 5
9120, 4
68, 4
9480, 4
14960, 6
10920, 4
12760, 5
17160, 7
17520, 7
48, 2
6920, 3
6560, 3
14960, 6
15680, 6
8360, 3
11680, 5
16000, 5
18600, 7
15280, 5
10280, 6
5332, 5
10264, 6
6960, 4
6007, 5
8400, 4
19720, 8
14600, 6
13560, 7
2778, 4
9160, 5
8440, 5
11360, 6
6958, 5
6920, 3
15000, 7
6960, 4
5520, 4
10280, 6
10560, 4
12294, 5
6600, 4
22960, 8
1888, 3
12800, 6
10960, 5
8800, 5
15360, 7
6960, 4
9880, 5
11680, 5
12040, 5
13520, 6
3162, 5
7320, 4
5107, 5
13880, 6
808, 3
14920, 5
7280, 3
8616, 7
4263, 5
8080, 5
5332, 5
4760, 3
7320, 4
10560, 4
12400, 5
9520, 5
9520, 5
2058, 4
2823, 5
8080, 5
7720, 5
10920, 4
6972, 5
4040, 3
3517, 5
3498, 4
5537, 6
14280, 7
12080, 6
11320, 5
12760, 5
8440, 5
12048, 6
9880, 5
2418, 4
8440, 5
7000, 5
10240, 5
11000, 6
8440, 5
3858, 4
8440, 5
3356, 6
10960, 5
9880, 5
7720, 5
7000, 5
8760, 4
8440, 5
9270, 7
10624, 6
3283, 4
8800, 5
17520, 7
2818, 5
10280, 6
3397, 5
12440, 6
12440, 6
8800, 5
5160, 4
5520, 4
9880, 5
1520, 3
4072, 5
5904, 5
9160, 5
4865, 6
11000, 6
7318, 5
10600, 5
16040, 6
7000, 5
9880, 5
6960, 4
6240, 4
4817, 6
6264, 5
15360, 7
3368, 4
12080, 6
15320, 6
11720, 6
6920, 3
7720, 5
15280, 5
6960, 4
10920, 4
8040, 4
12080, 6
2600, 3
7699, 5
9160, 5
1892, 4
1178, 5
11000, 6
12760, 5
5904, 5
10640, 6
7680, 4
2971, 5
12432, 7
13520, 6
11360, 6
10600, 5
5221, 6
8800, 5
10240, 5
8800, 5
12080, 6
13160, 6
1878, 4
8109, 5
8080, 5
2960, 3
8003, 5
9880, 5
7360, 5
10240, 5
7008, 5
7360, 5
8003, 5
8440, 5
11680, 5
7680, 4
760, 2
5208, 5
11680, 5
5160, 4
8440, 5
1568, 4
4800, 4
8800, 5
5120, 3
6960, 4
9200, 6
13880, 6
10280, 6
8800, 5
4440, 4
6240, 4
10600, 5
9480, 4
10200, 4
7320, 4
15360, 7
11000, 6
12400, 5
9560, 6
3640, 2
5520, 4
12000, 4
12800, 6
11320, 5
4057, 5
10960, 5
10600, 5
17480, 6
9880, 5
10240, 5
15360, 7
3680, 3
10240, 5
8080, 5
12760, 5
8400, 4
8440, 5
1163, 4
7720, 5
9708, 6
7479, 5
7360, 5
4297, 5
2958, 4
7368, 5
11720, 6
12424, 6
5520, 4
8440, 5
10240, 5
4808, 4
12080, 6
7601, 7
3896, 6
3138, 4
9160, 5
3877, 5
11000, 6
9160, 5
8244, 5
10920, 4
2106, 5
9880, 5
5932, 6
11680, 5
11360, 6
5880, 4
7720, 5
7360, 5
8848, 6
424, 3
8440, 5
10280, 6
448, 3
14600, 6
12440, 6
2600, 3
12000, 4
7000, 5
6280, 5
13880, 6
11360, 6
12080, 6
7280, 3
14640, 7
9840, 4
6600, 4
6288, 5
9160, 5
8760, 4
16080, 7
13120, 5
8088, 5
6960, 4
2979, 4
10640, 6
11720, 6
8800, 5
5568, 5
12400, 5
3847, 5
14600, 6
5106, 6
8800, 5
15320, 6
8358, 6
6280, 5
8440, 5
10240, 5
9920, 6
12440, 6
6240, 4
9568, 6
13880, 6
3680, 3
14280, 7
6240, 4
11680, 5
9520, 5
9160, 5
13920, 7
9520, 5
452, 4
9497, 6
10240, 5
15360, 7
7000, 5
11320, 5
3622, 5
11680, 5
12440, 6
9168, 5
448, 3
8128, 6
10960, 5
9160, 5
454, 4
7360, 5
12440, 6
11720, 6
12400, 5
9160, 5
8800, 5
11000, 6
13840, 5
3728, 4
7151, 7
8000, 3
12040, 5
12040, 5
4623, 5
14960, 6
3927, 5
10960, 5
11720, 6
5480, 3
10280, 6
9200, 6
9160, 5
4116, 6
10240, 5
1568, 4
1902, 5
7000, 5
13160, 6
5537, 6
9520, 5
14528, 7
11360, 6
5544, 5
5045, 6
13920, 7
6960, 4
1568, 4
9520, 5
9560, 6
8800, 5
4808, 4
11680, 5
5160, 4
7000, 5
9568, 6
9160, 5
10600, 5
9160, 5
4400, 3
6280, 5
7156, 6
8080, 5
7000, 5
9904, 6
7320, 4
12440, 6
13120, 5
11360, 6
13520, 6
11720, 6
5520, 4
2598, 4
7320, 4
7000, 5
3397, 5
8480, 6
3527, 5
8440, 5
8080, 5
9880, 5
9708, 6
8800, 5
8080, 5
13160, 6
6624, 5
9160, 5
9208, 6
12400, 5
8440, 5
5560, 5
15320, 6
9920, 6
10600, 5
9120, 4
10984, 6
8088, 5
13560, 7
9520, 5
12400, 5
1568, 4
4800, 4
4452, 5
7320, 4
7720, 5
7924, 6
11360, 6
11320, 5
8088, 5
5880, 4
4297, 5
4277, 6
13560, 7
4245, 6
10280, 6
9904, 6
8464, 6
8800, 5
9920, 6
1214, 5
9160, 5
10280, 6
5520, 4
5208, 5
8080, 5
9160, 5
7000, 5
11320, 5
11699, 6
1550, 5
12440, 6
12800, 6
11360, 6
10240, 5
6328, 6
11000, 6
11360, 6
8080, 5
6920, 3
6288, 5
12800, 6
5213, 5
4996, 6
11000, 6
12080, 6
8080, 5
5168, 4
12440, 6
2290, 6
3519, 4
5446, 6
7524, 5
3622, 5
2415, 5
4800, 4
7000, 5
6600, 4
9880, 5
10240, 5
10960, 5
11000, 6
10600, 5
11720, 6
6600, 4
5928, 5
9520, 5
11720, 6
10240, 5
13880, 6
7720, 5
7728, 5
6240, 4
1572, 5
3517, 5
7029, 5
11000, 6
9920, 6
5168, 5
10960, 5
9544, 6
12080, 6
11720, 6
8840, 6
9200, 6
4488, 5
12440, 6
6640, 5
9920, 6
9560, 6
13160, 6
9520, 5
5880, 4
11360, 6
11000, 6
9200, 6
8800, 5
4848, 5
7368, 5
8133, 6
6240, 4
4080, 4
7360, 5
2240, 3
1574, 5
9504, 5
8080, 5
13480, 5
13160, 6
10240, 5
9880, 5
8800, 5
8492, 7
9568, 6
23720, 9
10240, 5
9520, 5
10920, 4
9520, 5
15720, 7
7320, 4
3680, 3
6960, 4
9160, 5
9520, 5
12440, 6
10972, 6
5904, 5
4760, 3
8824, 6
8040, 4
10200, 4
2643, 5
8440, 5
14240, 6
9608, 7
9920, 6
7008, 5
10240, 5
7720, 5
2958, 4
9054, 5
8440, 5
11680, 5
10640, 6
10280, 6
10280, 6
448, 3
4800, 4
9880, 5
12400, 5
8064, 5
9160, 5
1880, 3
9880, 5
15320, 6
12080, 6
10288, 6
7000, 5
13160, 6
11000, 6
448, 3
12080, 6
7720, 5
10240, 5
8760, 4
13520, 6
8040, 4
11680, 5
6280, 5
4464, 5
9120, 4
12800, 6
9560, 6
11720, 6
2058, 4
779, 3
7008, 5
1888, 3
10240, 5
11328, 5
12800, 6
5357, 6
6288, 5
12040, 5
9880, 5
6240, 4
10240, 5
11360, 6
4078, 5
7360, 5
10600, 5
5932, 6
7320, 4
10640, 6
8080, 5
6280, 5
4718, 5
6092, 6
8080, 5
11320, 5
11360, 6
7720, 5
3718, 5
9544, 6
3517, 5
3517, 5
11360, 6
7720, 5
1548, 5
6288, 5
8808, 5
11008, 6
12080, 6
6240, 4
9560, 6
7048, 6
9520, 5
1373, 5
2439, 4
6240, 4
12440, 6
9520, 5
10640, 6
6346, 6
5568, 5
3027, 5
3207, 5
460, 5
10240, 5
9184, 6
11720, 6
12800, 6
8800, 5
10600, 5
11360, 6
11360, 6
6640, 5
7448, 6
10280, 6
9200, 6
1520, 3
9520, 5
4019, 4
10240, 5
11360, 6
10494, 5
9520, 5
7720, 5
9160, 5
9160, 5
7000, 5
4800, 4
8440, 5
12080, 6
14280, 7
12080, 6
8800, 5
8440, 5
10280, 6
9184, 6
10293, 6
9724, 6
11000, 6
10280, 6
8120, 6
4297, 5
2439, 4
10240, 5
1687, 4
199, 3
2937, 4
2217, 4
2225, 5
1908, 5
4080, 4
8440, 5
4800, 4
2217, 4
2217, 4
962, 4
2397, 4
6600, 4
9160, 5
5160, 4
9160, 5
1306, 4
2596, 5
2217, 4
3856, 5
9160, 5
6624, 5
7680, 4
4824, 5
2956, 5
4060, 6
1322, 4
2406, 5
874, 3
462, 5
7360, 5
11000, 6
12800, 6
11000, 6
10288, 6
6280, 5
15360, 7
4096, 6
9880, 5
14960, 6
9200, 6
9213, 6
5528, 4
9200, 6
8448, 5
9920, 6
13520, 6
6600, 4
3720, 4
14600, 6
5880, 4
5168, 4
7720, 5
3008, 4
10640, 6
11360, 6
7000, 5
6317, 6
9520, 5
12800, 6
11680, 5
6600, 4
8800, 5
10640, 6
1857, 4
2217, 4
2416, 5
1322, 4
8440, 5
15000, 7
9904, 6
7720, 5
3316, 5
2726, 5
2776, 5
2056, 5
7000, 5
14960, 6
10280, 6
7728, 5
4216, 5
1521, 5
233, 4
986, 4
8440, 5
7360, 5
13520, 6
8440, 5
2596, 5
3496, 5
2037, 4
2416, 5
5880, 4
8800, 5
8819, 6
8080, 5
4043, 5
7000, 5
13920, 7
9560, 6
7879, 5
4800, 4
14240, 6
8800, 5
7360, 5
5160, 4
8440, 5
400, 2
9568, 6
9568, 6
13520, 6
8760, 4
15360, 7
8800, 5
9504, 5
5520, 4
9568, 6
9208, 6
8440, 5
14240, 6
7360, 5
7000, 5
9184, 6
8440, 5
13560, 7
6960, 4
8400, 4
1908, 5
2397, 4
2601, 5
2217, 4
1317, 4
9160, 5
11320, 5
10640, 6
460, 4
1326, 5
2217, 4
2217, 4
2956, 5
10600, 5
13200, 7
8400, 4
4440, 4
3136, 5
233, 4
2217, 4
1857, 4
12040, 5
14600, 6
1220, 6
6288, 5
1701, 5
1350, 5
3136, 5
233, 4
10984, 6
4128, 5
10280, 6
6688, 6
12080, 6
7720, 5
1214, 5
12440, 6
16440, 7
12440, 6
13120, 5
4848, 5
4800, 4
6240, 4
6600, 4
10240, 5
1568, 4
7368, 5
15320, 6
7932, 6
9880, 5
10240, 5
4848, 5
11720, 6
9920, 6
4080, 4
7360, 5
4718, 5
8440, 5
2292, 5
12448, 6
10240, 5
8440, 5
1550, 5
11360, 6
5520, 4
2776, 5
3676, 5
2781, 5
1478, 3
8040, 4
9880, 5
1212, 5
9160, 5
962, 4
227, 4
1350, 5
1478, 3
6240, 4
8440, 5
12400, 5
8128, 6
3496, 5
2085, 5
3676, 5
2596, 5
7720, 5
7360, 5
13880, 6
13520, 6
2409, 5
1701, 5
2776, 5
1857, 4
2966, 5
12800, 6
11000, 6
4440, 4
12840, 7
8080, 5
10640, 6
9520, 5
4400, 3
7000, 5
14600, 6
10600, 5
10960, 5
2058, 4
7360, 5
7720, 5
9904, 6
3680, 3
5920, 5
10240, 5
10240, 5
10240, 5
9160, 5
5520, 4
16800, 7
3008, 4
3320, 3
11360, 6
7368, 5
10640, 6
7008, 5
2960, 3
8080, 5
1520, 3
8760, 4
5928, 5
4828, 6
8840, 6
8800, 5
4080, 4
11720, 6
2262, 5
8800, 5
9920, 6
6240, 4
13520, 6
8800, 5
7000, 5
12080, 6
12808, 6
7720, 5
11720, 6
12400, 5
3143, 5
9920, 6
5888, 4
4064, 4
10280, 6
7720, 5
10960, 5
7720, 5
8800, 5
14240, 6
5184, 5
14240, 6
2977, 5
3012, 5
8080, 5
5928, 5
10640, 6
2313, 6
8848, 6
7720, 5
4808, 5
10240, 5
10960, 5
9544, 6
4798, 5
6600, 4
11000, 6
8400, 4
10304, 7
10640, 6
12800, 6
13160, 6
11720, 6
13520, 6
5208, 5
2648, 4
7000, 5
3008, 4
10640, 6
11720, 6
12080, 6
4848, 5
7008, 5
8080, 5
13880, 6
14600, 6
5208, 5
11720, 6
11000, 6
4088, 4
6288, 5
10240, 5
9160, 5
8080, 5
9880, 5
12120, 7
4256, 6
12800, 6
11000, 6
9520, 5
10280, 6
13160, 6
5208, 5
1214, 5
6280, 5
11720, 6
8128, 6
4637, 6
12440, 6
11048, 7
13160, 6
448, 3
9160, 5
8840, 6
11720, 6
8424, 5
12400, 5
8440, 5
5172, 5
12800, 6
4072, 5
2286, 5
7320, 4
5480, 3
8239, 5
10960, 5
7680, 4
13200, 7
16440, 7
12400, 5
13520, 6
5698, 5
6960, 4
11360, 6
11720, 6
11439, 6
11720, 6
5544, 5
7720, 5
6960, 4
8040, 4
9920, 6
2797, 5
9086, 7
3728, 5
4800, 4
2058, 4
7320, 4
454, 4
7720, 5
10600, 5
8800, 5
9160, 5
6960, 4
9880, 5
15320, 6
13160, 6
6980, 6
17880, 7
12440, 6
3877, 5
9880, 5
13160, 6
8440, 5
12069, 5
8440, 5
9208, 6
10600, 5
11680, 5
7868, 5
8800, 5
7884, 5
7680, 4
8104, 6
12800, 6
11720, 6
7720, 5
9880, 5
9560, 6
11680, 5
7360, 5
4760, 3
9200, 6
8088, 5
3898, 5
11680, 5
10960, 5
8400, 4
10600, 5
16360, 5
10280, 6
7320, 4
14240, 6
1568, 4
10960, 5
2652, 5
14600, 6
10640, 6
8800, 5
5520, 4
14280, 7
12440, 6
13120, 5
8760, 4
9920, 6
4258, 5
5127, 6
9920, 6
3877, 5
8480, 6
11000, 6
2240, 3
11680, 5
9880, 5
4133, 5
5544, 5
12440, 6
5212, 6
10640, 6
11360, 6
11360, 6
8080, 5
7808, 6
8440, 5
3517, 5
4824, 5
10293, 6
8440, 5
2652, 5
12400, 5
10240, 5
7360, 5
8080, 5
424, 3
9920, 6
8440, 5
2106, 5
11000, 6
9160, 5
13160, 6
12440, 6
7408, 6
7720, 5
7000, 5
11680, 5
1746, 5
8800, 5
11360, 6
11000, 6
14280, 7
4812, 5
3368, 4
9520, 5
11360, 6
7720, 5
10640, 6
10600, 5
12800, 6
8080, 5
11320, 5
4848, 5
11720, 6
1928, 4
5160, 4
6960, 4
8440, 5
9520, 5
12440, 6
458, 4
13160, 6
13160, 6
7720, 5
8080, 5
8488, 6
5208, 5
12840, 7
12440, 6
5544, 5
11024, 7
1857, 4
2589, 5
2577, 4
237, 5
13520, 6
9520, 5
6640, 5
12440, 6
2757, 4
2577, 4
2596, 5
4036, 5
8400, 4
8848, 6
8088, 5
1212, 5
223, 3
3316, 5
3856, 5
3136, 5
4088, 4
6648, 5
12440, 6
2288, 4
1857, 4
786, 5
1838, 3
2416, 5
13880, 6
8080, 5
10759, 6
8800, 5
7360, 5
3937, 5
10240, 5
7000, 5
10600, 5
10960, 5
7720, 5
14600, 6
7000, 5
4649, 4
13160, 6
12440, 6
11000, 6
9544, 6
3178, 5
10280, 6
6600, 4
9949, 6
12800, 6
11000, 6
10600, 5
11720, 6
8440, 5
9880, 5
5221, 6
6624, 5
9904, 6
4297, 5
9160, 5
7720, 5
9160, 5
12440, 6
1490, 4
1676, 5
2956, 5
3136, 5
3159, 4
7119, 5
1867, 4
10018, 7
2037, 4
3306, 5
3316, 5
2776, 5
10280, 6
5912, 6
8440, 5
5904, 5
1497, 4
1677, 4
3316, 5
2416, 5
8440, 5
8440, 5
12080, 6
11000, 6
1857, 4
2956, 5
2776, 5
4415, 6
10640, 6
12080, 6
8800, 5
2259, 4
6288, 5
7360, 5
12080, 6
8080, 5
5160, 4
10240, 5
13880, 6
1574, 5
4088, 4
8040, 4
7360, 5
8040, 4
13520, 6
6288, 5
8080, 5
9920, 6
460, 4
1184, 4
1904, 4
10280, 6
12440, 6
460, 5
13899, 7
14920, 5
4800, 4
5544, 5
9160, 5
7768, 6
11720, 6
6288, 5
6920, 3
1574, 5
2416, 5
2217, 4
233, 4
2824, 6
8080, 5
4763, 5
13240, 8
14280, 7
2596, 5
1310, 5
2776, 5
1701, 5
12800, 6
12840, 7
14640, 7
4133, 5
1497, 4
2757, 4
3136, 5
1677, 4
8440, 5
5208, 5
4440, 4
11360, 6
2089, 6
2961, 5
2577, 4
237, 5
9160, 5
1928, 4
5160, 4
7720, 5
8080, 5
8040, 4
5928, 5
10280, 6
6960, 4
10240, 5
9880, 5
10960, 5
3368, 4
10600, 5
9160, 5
8080, 5
9160, 5
9200, 6
5184, 5
6960, 4
8440, 5
1544, 4
464, 5
1548, 5
8800, 5
17120, 6
12448, 6
14264, 7
1212, 5
7344, 5
2292, 5
5920, 5
11720, 6
13520, 6
1214, 5
466, 5
1658, 3
2956, 5
1166, 4
1857, 4
9880, 5
8231, 7
11360, 6
1548, 5
3136, 5
3316, 5
223, 3
2956, 5
9520, 5
7360, 5
9520, 5
8440, 5
1174, 5
3316, 5
3496, 5
2776, 5
5520, 4
6280, 5
13880, 6
8440, 5
2956, 5
2596, 5
2596, 5
3496, 5
3581, 6
8800, 5
6280, 5
10960, 5
6640, 5
12440, 6
3138, 4
8080, 5
6960, 4
13184, 7
15000, 7
5888, 4
11720, 6
15680, 6
16080, 7
8080, 5
8400, 4
760, 2
7358, 6
7728, 5
7000, 5
2851, 6
9920, 6
8128, 6
10264, 6
6600, 4
6600, 4
8080, 5
456, 4
9208, 6
8800, 5
13880, 6
9520, 5
7339, 5
7728, 5
8440, 5
7360, 5
10600, 5
9920, 6
8488, 6
9904, 6
4080, 4
8440, 5
10648, 6
6292, 6
7680, 4
8440, 5
6280, 5
7976, 7
11360, 6
12840, 7
9560, 6
4824, 5
11720, 6
8800, 5
11360, 6
8800, 5
5208, 5
6240, 4
7008, 5
8800, 5
2292, 5
8080, 5
8800, 5
8760, 4
8440, 5
8440, 5
4760, 3
4848, 5
1926, 5
5200, 5
460, 5
13520, 6
2923, 4
6264, 5
12080, 6
10960, 5
1554, 6
6240, 4
14960, 6
6960, 4
9880, 5
10960, 5
18600, 7
10280, 6
7360, 5
13520, 6
5880, 4
8760, 4
12080, 6
7680, 4
9880, 5
2058, 4
6640, 5
12440, 6
8840, 6
8440, 5
4464, 5
5928, 5
12440, 6
7000, 5
5160, 4
9200, 6
13160, 6
4800, 4
8440, 5
9520, 5
8440, 5
9160, 5
13160, 6
11360, 6
6920, 3
8276, 7
3344, 4
15000, 7
11000, 6
9160, 5
11720, 6
8334, 5
9544, 6
454, 4
8080, 5
11008, 6
2746, 5
2652, 5
6288, 5
1880, 3
12464, 7
15360, 7
7008, 5
3718, 5
8080, 5
4488, 5
2240, 3
2977, 5
12440, 6
8760, 4
6960, 4
11320, 5
16440, 7
3728, 4
5878, 5
9840, 4
14280, 7
12440, 6
12424, 6
2259, 4
8800, 5
4522, 5
3397, 5
1511, 4
9184, 6
15640, 5
11400, 7
16080, 7
11360, 6
18240, 7
4808, 4
11344, 6
1928, 4
2600, 3
1574, 5
6264, 5
4488, 5
5160, 4
5160, 4
4207, 5
5208, 5
8808, 5
6248, 4
7000, 5
10640, 6
8440, 5
8988, 6
2960, 3
400, 2
15000, 7
17520, 7
8080, 5
11320, 5
7622, 6
12080, 6
3337, 5
11680, 5
9520, 5
11720, 6
5888, 5
10240, 5
8440, 5
9520, 5
10600, 5
10600, 5
7680, 4
9160, 5
816, 4
13160, 6
7360, 5
10240, 5
15000, 7
15680, 6
9840, 4
10280, 6
8088, 5
12400, 5
10960, 5
17120, 6
11720, 6
13520, 6
12840, 7
2652, 5
9200, 6
3536, 6
8440, 5
6648, 5
13880, 6
12440, 6
7320, 4
13880, 6
5221, 6
4043, 5
10600, 5
12120, 7
8493, 6
9523, 7
5168, 4
10280, 6
7924, 6
11720, 6
8440, 5
9520, 5
8800, 5
7720, 5
4800, 4
8279, 6
14600, 6
5560, 5
11720, 6
14280, 7
9520, 5
7008, 5
14560, 5
9920, 6
10280, 6
5315, 6
7344, 5
8800, 5
9160, 5
14600, 6
1928, 4
8080, 5
7360, 5
7384, 6
4488, 5
10280, 6
6960, 4
12440, 6
12440, 6
1568, 4
5928, 5
3847, 5
7384, 6
9520, 5
7000, 5
9920, 6
2288, 4
9880, 5
1928, 4
8800, 5
9920, 6
7720, 5
8800, 5
6240, 4
1928, 4
1878, 4
14240, 6
11360, 6
6640, 5
11720, 6
5160, 4
5928, 5
10648, 6
7008, 5
8088, 5
9880, 5
6640, 5
3372, 5
13880, 6
9880, 5
12080, 6
9160, 5
11000, 6
1548, 5
3136, 5
2596, 5
2037, 4
758, 3
8800, 5
5880, 4
6640, 5
10960, 5
2037, 4
2596, 5
2416, 5
1532, 5
5438, 5
10640, 6
10640, 6
4268, 5
2416, 5
1857, 4
3676, 5
231, 4
6280, 5
6648, 5
1932, 5
9160, 5
233, 4
1710, 5
2416, 5
2776, 5
6640, 5
2292, 5
9880, 5
5520, 4
11720, 6
5520, 4
11360, 6
10640, 6
3008, 4
6640, 5
8808, 5
1572, 5
12080, 6
10640, 6
3728, 5
8800, 5
6648, 5
1576, 5
11400, 7
462, 5
4488, 5
12080, 6
5544, 5
4800, 4
9539, 6
5928, 5
1566, 5
6960, 4
9520, 5
8080, 5
10640, 6
3360, 4
3368, 4
7720, 5
4800, 4
8440, 5
1298, 3
3316, 5
2416, 5
3165, 5
12400, 5
9880, 5
10918, 7
8080, 5
3316, 5
3676, 5
3136, 5
3136, 5
8800, 5
4040, 3
12104, 7
6542, 6
2956, 5
2214, 5
2217, 4
2956, 5
8080, 5
8080, 5
9920, 6
5520, 4
2445, 5
3136, 5
3136, 5
2236, 5
5215, 6
9160, 5
14240, 6
18920, 6
12440, 6
16080, 7
4133, 5
7720, 5
13880, 6
9880, 5
9520, 5
8080, 5
6240, 4
7720, 5
9160, 5
4297, 5
14240, 6
10600, 5
12440, 6
1722, 5
7000, 5
11720, 6
5642, 6
5544, 5
8440, 5
13160, 6
9520, 5
2489, 6
13160, 6
14600, 6
8792, 6
8480, 6
10280, 6
10280, 6
9520, 5
6624, 5
2416, 5
2596, 5
2577, 4
2596, 5
12080, 6
10960, 5
13520, 6
9904, 6
233, 4
3135, 6
3496, 5
1658, 3
14240, 6
4266, 6
8988, 6
9483, 6
2397, 4
3496, 5
2766, 5
2217, 4
10653, 6
11720, 6
7360, 5
1548, 5
2037, 4
1881, 5
2945, 5
2956, 5
8800, 5
1746, 5
9920, 6
10960, 5
7000, 5
1214, 5
7000, 5
5920, 5
5557, 5
11720, 6
6600, 4
5160, 4
7360, 5
10600, 5
14240, 6
8800, 5
10600, 5
5568, 5
5896, 6
1520, 3
5160, 4
8800, 5
424, 3
8440, 5
7720, 5
9200, 6
7720, 5
11360, 6
4400, 3
4760, 3
12800, 6
12080, 6
8040, 4
8800, 5
4854, 6
14240, 6
1857, 4
1346, 4
223, 3
1857, 4
10240, 5
5928, 5
6288, 5
4132, 6
1346, 4
782, 4
4036, 5
2037, 4
8440, 5
7720, 5
12824, 7
10280, 6
2037, 4
223, 3
1127, 4
2596, 5
8440, 5
8440, 5
13560, 7
9520, 5
223, 3
2421, 5
1497, 4
2577, 4
5348, 5
10640, 6
8440, 5
2977, 5
11720, 6
11000, 6
8800, 5
4996, 6
6984, 5
9160, 5
10960, 5
11680, 5
4848, 5
9520, 5
11008, 6
5867, 6
6240, 4
16080, 7
8440, 5
10600, 5
5928, 5
1576, 5
12080, 6
6600, 4
21480, 7
10240, 5
7320, 4
9520, 5
16080, 7
13160, 6
9160, 5
2799, 4
6640, 5
11000, 6
9920, 6
14960, 6
12080, 6
8080, 5
11720, 6
10240, 5
5160, 4
6280, 5
458, 4
12800, 6
4448, 4
12080, 6
4088, 4
15720, 7
12400, 5
13520, 6
1007, 4
1568, 4
7720, 5
2294, 5
7704, 5
12440, 6
9160, 5
4078, 5
3718, 5
13520, 6
11720, 6
7720, 5
6984, 5
3491, 6
4297, 5
7360, 5
11000, 6
820, 5
7720, 5
10240, 5
11360, 6
11360, 6
8057, 6
8400, 4
10600, 5
13880, 6
6624, 5
5184, 5
9160, 5
4297, 5
9160, 5
2797, 5
7720, 5
8440, 5
9568, 6
1214, 5
837, 5
10640, 6
9520, 5
11720, 6
14240, 6
4824, 5
8088, 5
4800, 4
7720, 5
10960, 5
11720, 6
11360, 6
8440, 5
5568, 5
10640, 6
12080, 6
7720, 5
9200, 6
13520, 6
11360, 6
6960, 4
8128, 6
8800, 5
10640, 6
7360, 5
11479, 6
11768, 7
7000, 5
8800, 5
13880, 6
13520, 6
460, 4
14560, 5
6304, 6
2262, 5
8800, 5
13200, 7
1902, 5
15400, 8
4072, 5
5446, 6
4869, 5
11577, 7
11680, 5
8440, 5
9160, 5
9160, 5
3752, 5
11360, 6
3538, 5
17120, 6
11119, 6
11000, 6
14960, 6
13160, 6
10960, 5
8448, 5
6894, 5
13880, 6
12080, 6
8080, 5
3680, 3
12440, 6
9880, 5
5544, 5
10240, 5
8400, 4
11320, 5
9880, 5
14640, 7
3517, 5
8800, 5
13160, 6
12440, 6
8440, 5
17480, 6
11320, 5
10960, 5
8800, 5
9880, 5
9840, 4
7360, 5
16440, 7
13880, 6
5920, 5
9168, 5
6288, 5
4297, 5
10640, 6
9120, 4
8239, 5
9480, 4
9920, 6
9880, 5
18240, 7
10200, 4
9520, 5
13520, 6
12800, 6
15680, 6
2418, 4
8440, 5
5819, 5
10960, 5
8800, 5
3806, 6
7000, 5
9520, 5
10600, 5
2797, 5
8080, 5
10240, 5
779, 3
1902, 5
7688, 4
9160, 5
6600, 4
11720, 6
14240, 6
3847, 5
10240, 5
8800, 5
6288, 5
1176, 4
12440, 6
12480, 7
11360, 6
9928, 6
3519, 4
5920, 5
4996, 6
6264, 5
8800, 5
9798, 6
7720, 5
10640, 6
8440, 5
11760, 7
10960, 5
12800, 6
9200, 6
8080, 5
10240, 5
7048, 6
3012, 5
9920, 6
6240, 4
11519, 6
10640, 6
9520, 5
6688, 6
12800, 6
7360, 5
13520, 6
5480, 3
10259, 6
2673, 6
11000, 6
11008, 6
4848, 5
6984, 5
4440, 4
11720, 6
13160, 6
2082, 5
20040, 7
9160, 5
8800, 5
10640, 6
1687, 4
9160, 5
11680, 5
9920, 6
4128, 5
11000, 6
13160, 6
2240, 3
7720, 5
14640, 7
10600, 5
9560, 6
11720, 6
10023, 6
7360, 5
9520, 5
12080, 6
8400, 4
5928, 5
11000, 6
6288, 5
8334, 5
4848, 5
12080, 6
9880, 5
6640, 5
15320, 6
13520, 6
11720, 6
1544, 4
5920, 5
7008, 5
5160, 4
4514, 4
9920, 6
7720, 5
10280, 6
2405, 5
1862, 4
1701, 5
2586, 5
7360, 5
10288, 6
8800, 5
11720, 6
3856, 5
2596, 5
2445, 5
2956, 5
6288, 5
3768, 5
5572, 6
6648, 5
1857, 4
1706, 4
3136, 5
1328, 5
7000, 5
4440, 4
8440, 5
10640, 6
3316, 5
2596, 5
758, 3
2937, 4
12400, 5
3772, 6
12440, 6
8080, 5
8800, 5
10640, 6
7720, 5
10640, 6
12040, 5
9724, 6
10240, 5
8080, 5
11368, 6
9160, 5
10600, 5
11720, 6
2851, 6
9520, 5
9560, 6
2960, 3
6652, 6
7720, 5
5568, 5
8800, 5
10960, 5
10240, 5
10960, 5
10264, 6
458, 4
9200, 6
10648, 6
10280, 6
10600, 5
7720, 5
6640, 5
10240, 5
2037, 4
962, 4
1526, 4
3496, 5
12080, 6
6600, 4
7360, 5
6264, 5
2757, 4
2217, 4
2037, 4
2577, 4
13160, 6
7360, 5
8440, 5
7000, 5
3316, 5
2061, 5
1521, 5
2577, 4
7148, 5
10264, 6
9544, 6
6240, 4
1322, 4
2397, 4
3316, 5
3676, 5
10600, 5
12080, 6
11368, 6
13520, 6
9880, 5
9560, 6
7400, 6
8440, 5
5338, 5
5617, 5
13160, 6
17160, 7
7720, 5
8488, 6
9880, 5
11720, 6
12440, 6
7519, 5
8800, 5
10240, 5
8440, 5
8800, 5
13920, 7
17520, 7
1880, 3
9920, 6
5160, 4
7000, 5
5520, 4
4848, 5
13880, 6
15320, 6
4448, 4
9928, 6
11320, 5
12440, 6
2601, 5
3136, 5
231, 4
1701, 5
10600, 5
5932, 6
9880, 5
6640, 5
1350, 5
2397, 4
3316, 5
2956, 5
7360, 5
5920, 5
4800, 4
13520, 6
233, 4
2416, 5
2217, 4
1658, 3
9880, 5
9200, 6
12080, 6
8853, 6
938, 3
1881, 5
2397, 4
2945, 5
4902, 6
9160, 5
10600, 5
8800, 5
8440, 5
8440, 5
13920, 7
5168, 5
13840, 5
12440, 6
12440, 6
3593, 5
8440, 5
8440, 5
6640, 5
8252, 6
8440, 5
11680, 5
12080, 6
12080, 6
9160, 5
9160, 5
8440, 5
3159, 4
11360, 6
8440, 5
9520, 5
5528, 5
4080, 4
11720, 6
9520, 5
4771, 6
7720, 5
9920, 6
15360, 7
5184, 5
3136, 5
3136, 5
1881, 5
3676, 5
10640, 6
2947, 5
1544, 4
679, 5
3316, 5
2416, 5
231, 4
1677, 4
17120, 6
14280, 7
10280, 6
6542, 6
2416, 5
2217, 4
2776, 5
3856, 5
5717, 6
4057, 5
2259, 4
7847, 6
3136, 5
2037, 4
2577, 4
199, 3
3316, 5
11720, 6
9160, 5
4036, 5
11720, 6
9184, 6
13160, 6
7720, 5
6960, 4
760, 2
11000, 6
11000, 6
3856, 5
2397, 4
12400, 5
8440, 5
5880, 4
8080, 5
8080, 5
11720, 6
4848, 5
13480, 5
3728, 4
10600, 5
10600, 5
7720, 5
14960, 6
6240, 4
12080, 6
9054, 5
3716, 6
8694, 5
1502, 4
7974, 5
1214, 5
1574, 5
2288, 4
11008, 6
9160, 5
17920, 8
7119, 5
10280, 6
8440, 5
231, 4
7320, 4
1511, 5
13520, 6
11720, 6
7760, 6
9920, 6
7344, 5
11704, 6
6960, 4
6288, 5
12080, 6
6600, 4
7000, 5
8080, 5
6960, 4
5520, 4
60, 3
11360, 6
7680, 4
12760, 5
13200, 7
10600, 5
8040, 4
8800, 5
8440, 5
13520, 6
8800, 5
6600, 4
5572, 6
5556, 7
9920, 6
2956, 5
8440, 5
4760, 3
7368, 5
10240, 5
11360, 6
8400, 4
9520, 5
11680, 5
6092, 6
8440, 5
15680, 6
19360, 8
10440, 7
8440, 5
10240, 5
6452, 6
13880, 6
11360, 6
808, 3
10979, 6
10600, 5
1550, 5
6640, 5
9160, 5
8080, 5
2238, 4
15000, 7
9888, 5
5544, 5
8080, 5
11360, 6
9160, 5
1497, 4
5671, 6
9880, 5
8080, 5
8358, 6
5520, 4
6960, 4
14240, 6
448, 3
8440, 5
5880, 4
7012, 6
10280, 6
13160, 6
6984, 5
6600, 4
17120, 6
8080, 5
9160, 5
8840, 6
15320, 6
2776, 5
11720, 6
11320, 5
8080, 5
3008, 4
5520, 4
13499, 6
818, 5
4800, 4
16040, 6
11720, 6
7360, 5
8440, 5
12080, 6
1007, 4
7680, 4
1677, 4
7728, 5
12440, 6
9160, 5
8400, 4
7739, 6
7680, 4
8080, 5
12400, 5
6640, 5
8800, 5
10280, 6
9920, 6
6113, 5
8080, 5
11320, 5
8400, 4
7720, 5
9160, 5
6280, 5
12080, 6
5520, 4
10280, 6
3316, 5
9520, 5
2228, 4
7360, 5
2577, 4
9520, 5
14640, 7
7000, 5
9160, 5
8800, 5
10640, 6
1880, 3
15360, 7
3136, 5
8440, 5
9544, 6
10280, 6
12800, 6
3368, 5
9168, 5
13120, 5
11360, 6
2473, 4
11360, 6
13160, 6
4440, 4
11000, 6
7213, 7
1572, 5
8800, 5
1902, 5
2918, 5
7728, 5
4800, 4
10240, 5
10240, 5
14960, 6
12080, 6
12440, 6
808, 3
9560, 6
3352, 5
11720, 6
3847, 5
10640, 6
782, 4
8440, 5
10600, 5
14640, 7
4808, 4
10280, 6
4800, 4
7720, 5
6600, 4
9520, 5
7000, 5
9160, 5
3129, 5
8440, 5
3538, 5
6624, 5
8464, 6
11680, 5
3136, 5
11720, 6
12080, 6
9520, 5
6240, 4
10600, 5
9520, 5
2598, 4
10259, 6
5520, 4
2956, 5
8440, 5
9160, 5
5920, 5
10320, 7
4297, 5
6264, 5
9880, 5
7360, 5
5920, 5
11000, 6
9920, 6
233, 4
13160, 6
12040, 5
8040, 4
11000, 6
9160, 5
13520, 6
9560, 6
12760, 5
9880, 5
7008, 5
12440, 6
11680, 5
16400, 6
3397, 5
11408, 7
1888, 3
9160, 5
5528, 4
11000, 6
8800, 5
8493, 6
10320, 7
8824, 6
8808, 5
2238, 4
9920, 6
2977, 5
10960, 5
10264, 6
1698, 4
9200, 6
10240, 5
16800, 7
8440, 5
3339, 4
6648, 5
12800, 6
4258, 5
4800, 4
8358, 6
11360, 6
7439, 5
814, 4
10264, 6
6939, 4
9208, 6
7360, 5
7360, 5
7720, 5
8040, 4
6608, 4
6968, 4
4078, 5
808, 3
7716, 7
1698, 4
5160, 4
8199, 5
10984, 6
6280, 5
400, 2
10280, 6
5528, 4
11680, 5
5920, 5
12400, 5
6640, 5
11320, 5
12080, 6
1520, 3
7720, 5
11720, 6
12800, 6
7680, 4
10640, 6
16040, 6
9568, 6
5671, 6
7720, 5
8800, 5
9520, 5
12440, 6
9168, 5
8440, 5
8080, 5
4258, 5
10640, 6
13160, 6
8488, 6
12080, 6
11320, 5
8800, 5
11320, 5
8104, 6
15360, 7
9480, 4
2596, 5
10200, 4
7000, 5
6240, 4
2918, 5
9880, 5
9880, 5
7360, 5
3768, 5
6648, 5
5904, 5
12080, 6
11728, 6
10600, 5
9160, 5
7008, 5
10280, 6
6240, 4
8080, 5
8440, 5
8800, 5
3157, 5
5544, 5
7720, 5
5499, 4
1857, 4
8440, 5
6600, 4
8080, 5
5120, 3
13880, 6
10960, 5
908, 6
6600, 4
8440, 5
10200, 4
5033, 5
2416, 5
3768, 5
10280, 6
8800, 5
10240, 5
9928, 6
5160, 4
13520, 6
9520, 5
8800, 5
7360, 5
9864, 5
5880, 4
4400, 3
8080, 5
9520, 5
10280, 6
8287, 6
8448, 5
8800, 5
1160, 3
10640, 6
6968, 5
2437, 5
9880, 5
10280, 6
9880, 5
1572, 5
13160, 6
9520, 5
400, 2
17200, 8
11360, 6
10280, 6
17840, 6
2397, 4
11720, 6
7720, 5
6240, 4
5867, 6
7360, 5
2667, 5
4464, 5
3136, 5
400, 2
7720, 5
7360, 5
3720, 4
11720, 6
9120, 4
9544, 6
2217, 4
21520, 8
2600, 3
9160, 5
6288, 5
13520, 6
803, 4
2265, 5
9560, 6
7720, 5
9160, 5
8440, 5
3496, 5
8168, 7
8104, 6
12400, 5
11720, 6
10600, 5
3136, 5
9160, 5
2647, 6
5568, 5
10600, 5
20800, 8
16080, 7
11360, 6
9520, 5
2648, 4
13880, 6
7720, 5
9520, 5
13520, 6
5880, 4
10288, 6
11360, 6
6280, 5
2982, 5
11320, 5
6264, 5
4760, 3
5920, 5
7680, 4
12440, 6
5160, 4
8440, 5
4448, 4
6960, 4
11720, 6
13880, 6
6600, 4
2397, 4
808, 3
7000, 5
13520, 6
12440, 6
3685, 7
11000, 6
6240, 4
10280, 6
11000, 6
16120, 8
2082, 5
15680, 6
13880, 6
8440, 5
12800, 6
14640, 7
14240, 6
11680, 5
11720, 6
8840, 6
9880, 5
5168, 5
454, 4
8440, 5
809, 5
9568, 6
9160, 5
11000, 6
11360, 6
10600, 5
13208, 7
8800, 5
6600, 4
8800, 5
11720, 6
19320, 7
3477, 4
10960, 5
12064, 6
6280, 5
11008, 6
9160, 5
9208, 6
10920, 4
6264, 5
6688, 6
17160, 7
1574, 5
8784, 5
14960, 6
7000, 5
231, 4
2437, 5
6346, 6
9336, 7
14960, 6
8808, 5
2294, 5
13920, 7
6600, 4
13160, 6
14240, 6
13257, 7
9520, 5
10600, 5
9520, 5
4128, 5
1881, 5
2445, 5
9160, 5
6240, 4
5544, 5
5568, 5
11680, 5
448, 3
7000, 5
9920, 6
8080, 5
8080, 5
3676, 5
8988, 6
9120, 4
7720, 5
9480, 4
8440, 5
1881, 5
11000, 6
7768, 6
8760, 4
11720, 6
11360, 6
10640, 6
9920, 6
7720, 5
14240, 6
8440, 5
11360, 6
7619, 5
2082, 5
8440, 5
7720, 5
3557, 6
10960, 5
2617, 5
4448, 4
9560, 6
9120, 4
16800, 7
8800, 5
10600, 5
12800, 6
6664, 6
2643, 5
2648, 4
13560, 7
2956, 5
10600, 5
4800, 4
7622, 6
8440, 5
9920, 6
13160, 6
10960, 5
7008, 5
1572, 5
7720, 5
9160, 5
10960, 5
4760, 3
8840, 6
6288, 5
2397, 4
4440, 4
11720, 6
8800, 5
10600, 5
7000, 5
2416, 5
1568, 4
4080, 4
9160, 5
460, 4
6648, 5
4808, 4
11720, 6
10960, 5
10640, 6
6248, 4
12480, 7
3496, 5
14600, 6
5880, 4
8448, 5
12440, 6
8440, 5
9520, 5
3898, 5
448, 3
7119, 4
4607, 6
2061, 5
10240, 5
3728, 4
16080, 7
12440, 6
5880, 4
1218, 6
10960, 5
8080, 5
16040, 6
4104, 5
12840, 7
10600, 5
1934, 5
7024, 6
4488, 5
8440, 5
14640, 7
15000, 7
454, 4
6648, 5
1928, 4
4440, 4
6624, 5
7768, 6
5896, 6
4800, 4
13160, 6
6280, 5
7360, 5
6648, 5
10640, 6
9520, 5
8800, 5
7720, 5
10640, 6
6288, 5
4800, 4
1298, 3
1568, 4
10960, 5
17160, 7
9560, 6
8800, 5
4080, 4
6797, 6
14280, 7
9928, 6
3716, 6
10640, 6
4440, 4
11680, 5
2037, 4
10920, 4
11360, 6
16440, 7
2600, 3
15320, 6
9920, 6
7360, 5
8080, 5
8440, 5
5177, 6
11720, 6
9160, 5
9520, 5
8080, 5
12440, 6
5568, 5
11360, 6
4457, 6
2397, 4
1544, 4
9880, 5
5573, 5
13520, 6
8440, 5
8800, 5
12800, 6
10240, 5
2110, 6
5160, 4
8080, 5
10960, 5
6920, 3
11360, 6
9520, 5
8080, 5
1151, 5
8800, 5
5928, 5
9520, 5
9920, 6
9880, 5
9544, 6
6240, 4
1193, 5
10280, 6
13520, 6
12800, 6
13520, 6
3847, 5
11360, 6
6346, 6
12080, 6
7320, 4
2625, 5
8800, 5
11000, 6
9160, 5
7720, 5
6640, 5
12080, 6
7720, 5
10640, 6
6979, 5
2776, 5
2776, 5
9880, 5
1568, 4
10280, 6
12440, 6
7368, 5
13160, 6
3316, 5
8440, 5
12800, 6
11008, 6
3136, 5
11720, 6
11320, 5
10640, 6
8440, 5
5568, 5
12800, 6
9520, 5
1899, 4
2037, 4
8080, 5
454, 4
4760, 3
5520, 4
13880, 6
5558, 6
8440, 5
4104, 5
14640, 7
11720, 6
9520, 5
8784, 5
2585, 5
11320, 5
5568, 5
12080, 6
6600, 4
14240, 6
11000, 6
2240, 3
6288, 5
2217, 4
13160, 6
9520, 5
9520, 5
5168, 4
8800, 5
8040, 4
5928, 5
18280, 8
9920, 6
11000, 6
681, 5
3157, 5
11000, 6
4256, 6
10200, 4
7680, 4
2288, 4
8480, 6
8480, 6
8080, 5
8080, 5
13200, 7
5928, 5
898, 4
13880, 6
7008, 5
5880, 4
9160, 5
5120, 3
12440, 6
1208, 4
2759, 4
9160, 5
10600, 5
5120, 3
12400, 5
10560, 4
8800, 5
8440, 5
2292, 5
8080, 5
966, 5
9920, 6
4955, 6
8080, 5
6960, 4
8080, 5
16440, 7
10560, 4
12440, 6
7008, 5
464, 5
12080, 6
9160, 5
6648, 5
12080, 6
4064, 4
6600, 4
7360, 5
5920, 5
7000, 5
7728, 5
11720, 6
10648, 6
10280, 6
962, 4
12440, 6
2058, 4
7008, 5
8800, 5
10264, 6
3339, 4
5572, 6
8800, 5
13520, 6
11720, 6
5208, 5
7320, 4
9504, 5
7360, 5
17560, 8
2437, 5
2797, 5
12440, 6
4848, 5
10598, 6
48, 2
12800, 6
2589, 5
9560, 6
11360, 6
13160, 6
7688, 4
6960, 4
8800, 5
