Evaluations, Played
26860, 6
57750, 7
39750, 7
37610, 7
33500, 6
58750, 8
23110, 6
23110, 6
12171, 6
61860, 8
24500, 6
31250, 6
35470, 6
78250, 8
36750, 7
50750, 6
15720, 5
9291, 5
19990, 6
54110, 7
34250, 6
29000, 6
39860, 7
38250, 7
25250, 6
29750, 6
9744, 7
36500, 6
54470, 7
40610, 7
27370, 6
10466, 7
47750, 6
53250, 7
23750, 6
17500, 5
19750, 5
34940, 7
11240, 7
39470, 7
22360, 6
31250, 6
23500, 5
55470, 8
19000, 5
39750, 7
30198, 7
21236, 8
48500, 6
36470, 7
49470, 8
12394, 6
31720, 6
424, 4
68190, 8
28250, 6
36000, 7
48000, 7
16000, 5
40250, 6
36500, 6
23470, 6
26500, 5
17250, 4
7327, 5
29250, 7
40500, 7
6120, 6
28750, 5
41750, 6
8982, 6
22250, 6
36750, 7
19364, 7
42970, 6
25250, 6
25250, 6
28364, 7
31250, 6
32000, 6
41250, 7
32250, 7
26000, 6
36500, 6
14980, 7
39000, 7
39500, 6
15720, 5
35000, 6
57750, 7
41000, 6
22000, 5
21226, 7
42500, 6
39750, 7
34750, 8
24500, 6
35750, 6
55500, 7
27610, 6
32750, 6
25970, 7
24970, 6
81500, 6
56970, 8
38690, 7
28610, 7
22250, 6
29000, 6
32750, 6
55950, 9
20740, 6
10872, 7
27976, 7
40250, 6
29000, 6
64750, 8
44000, 6
58500, 7
33500, 6
38720, 7
22360, 6
23000, 6
47000, 6
35750, 6
61750, 8
80500, 8
50250, 7
27000, 7
27250, 5
39000, 7
18610, 6
23750, 6
36000, 7
20000, 6
42110, 7
28060, 6
42500, 6
40750, 8
41750, 6
31610, 7
34000, 5
33470, 7
16500, 4
59720, 7
29860, 6
40750, 8
29750, 6
30970, 6
17220, 5
19690, 6
44724, 8
28250, 6
43500, 7
43000, 8
27474, 8
27500, 6
32476, 7
30000, 7
29000, 6
59250, 7
20220, 5
41360, 7
23110, 6
26750, 6
43750, 8
27236, 7
21610, 6
56240, 7
32360, 7
29000, 6
17673, 7
57750, 7
21970, 6
37250, 6
71250, 7
31250, 6
26000, 6
30500, 6
39000, 7
18250, 5
25474, 6
30500, 6
51000, 7
28726, 7
18220, 6
14250, 4
35000, 6
35750, 6
45500, 6
40250, 6
38000, 6
39000, 7
47940, 8
34970, 7
42000, 7
36000, 7
36970, 6
32750, 6
30610, 6
26000, 6
33000, 7
38750, 6
17500, 5
42000, 7
65720, 7
24042, 6
37970, 7
27000, 7
67500, 7
25250, 6
9738, 6
33000, 7
45500, 6
34250, 6
44000, 6
50700, 8
38750, 6
29240, 7
35000, 6
46620, 8
25610, 7
25720, 6
30500, 6
50250, 7
43500, 7
37500, 7
25250, 6
32724, 8
22726, 7
54750, 7
17470, 6
41750, 6
36500, 6
50220, 8
42000, 7
46500, 7
47250, 7
43000, 8
30750, 7
29750, 6
35000, 6
39750, 7
1958, 6
24250, 5
17508, 7
8980, 7
23750, 6
17508, 7
40250, 6
27500, 6
46500, 7
44970, 8
29750, 6
16750, 5
51000, 7
33250, 5
37250, 6
26976, 6
24500, 6
38000, 6
30500, 6
18490, 6
36240, 8
21190, 6
26000, 6
36036, 8
44250, 7
28000, 5
27860, 7
22720, 6
32250, 7
26500, 5
38470, 6
30940, 6
48000, 7
20500, 5
149500, 7
29750, 6
24940, 6
45750, 7
25720, 6
39000, 7
23110, 6
25250, 6
39110, 7
24978, 7
47202, 10
52250, 6
32750, 6
33000, 7
27946, 7
15360, 5
40250, 6
39360, 8
57990, 8
22698, 7
55000, 8
21250, 5
55500, 7
35000, 6
35000, 6
34724, 7
25750, 5
19470, 5
15226, 7
12696, 6
49250, 6
15240, 5
30970, 6
47250, 7
25500, 7
13474, 6
9720, 5
20470, 6
37250, 6
36000, 7
42000, 7
49500, 7
58750, 8
33226, 7
44000, 6
40220, 7
36500, 6
29250, 7
9744, 6
21940, 6
40500, 7
26750, 6
54750, 7
50500, 8
51500, 6
32720, 7
47500, 5
62940, 8
50500, 8
14476, 7
34250, 6
29476, 7
57750, 7
40948, 7
38250, 7
26000, 6
33500, 6
492, 4
35000, 6
29750, 6
71750, 6
40000, 5
29750, 6
36500, 6
42750, 7
32750, 6
48690, 8
32500, 5
50720, 7
55250, 6
34250, 6
53000, 6
24114, 8
39500, 6
39750, 7
33750, 7
17866, 7
42750, 7
41690, 7
25724, 7
31970, 7
42500, 6
30500, 6
36250, 5
28000, 5
36110, 7
23490, 8
30750, 7
33500, 6
34250, 6
36500, 6
47250, 7
39500, 6
28250, 6
44750, 6
26120, 7
39000, 7
25250, 6
29500, 5
8500, 6
23750, 6
24500, 6
48750, 7
7246, 5
44360, 7
28116, 6
29720, 7
31250, 6
32750, 6
23990, 7
34940, 7
44500, 8
48750, 7
44250, 7
45974, 7
34810, 6
19000, 5
22360, 6
19750, 5
29250, 7
49500, 7
21500, 6
19000, 5
55440, 8
24974, 7
31970, 7
60750, 7
82750, 8
40470, 8
29500, 5
26000, 6
59860, 9
26000, 6
16000, 5
38250, 7
8980, 6
42470, 7
36000, 7
42470, 7
33860, 7
33500, 6
16750, 5
43250, 6
11228, 6
42000, 7
19720, 6
56250, 7
22186, 7
31720, 6
29750, 6
26000, 6
42750, 7
40250, 6
34250, 6
18970, 6
18220, 6
30250, 5
15250, 5
38000, 6
58000, 8
46470, 8
34220, 7
22000, 5
27190, 6
19720, 6
31250, 6
45000, 7
22250, 6
39000, 7
27470, 7
35470, 6
45750, 7
25750, 5
39750, 7
18220, 6
30500, 6
53250, 7
28250, 6
27000, 7
78250, 8
31250, 6
52750, 8
34990, 6
36000, 7
32750, 6
58250, 6
51500, 6
20454, 7
35240, 7
45500, 6
11097, 6
40250, 6
33860, 7
26000, 6
27610, 6
33000, 7
12824, 6
23476, 7
78720, 8
24220, 6
51750, 7
60000, 7
23866, 7
9732, 6
27500, 6
43250, 6
31970, 7
46500, 7
45470, 7
44500, 8
44220, 8
524, 5
12948, 6
31720, 6
32750, 6
25610, 7
30500, 6
17970, 5
25490, 7
32000, 6
42750, 7
74690, 7
5899, 6
55750, 8
37440, 8
15998, 6
32250, 7
57250, 8
41250, 7
19000, 5
51750, 7
9309, 5
22720, 6
54000, 7
26750, 6
26470, 6
24250, 5
4358, 7
21976, 7
37500, 7
57750, 7
24500, 6
24250, 5
39000, 7
41250, 7
33500, 6
53250, 7
73500, 7
49000, 8
37250, 6
35250, 7
55082, 8
33470, 7
54000, 7
12000, 4
43500, 7
37970, 7
40500, 7
48000, 7
23000, 6
8326, 5
45750, 7
10726, 6
40500, 7
39500, 6
44720, 7
54000, 7
57250, 8
47470, 6
37250, 6
26470, 6
42940, 6
23000, 6
29750, 6
16000, 5
20470, 6
59500, 8
14220, 5
19720, 6
16500, 4
26000, 6
8978, 6
38476, 7
25750, 5
30190, 6
72000, 7
528, 6
39500, 6
30000, 7
40220, 7
28250, 6
40220, 7
43190, 7
33000, 7
13617, 6
10351, 6
36000, 7
23750, 6
21726, 6
21750, 4
4288, 6
29750, 6
28500, 7
43750, 8
3308, 6
31250, 6
26750, 6
33250, 5
31220, 7
33360, 8
35620, 6
41000, 6
20478, 7
26000, 6
29240, 7
2728, 6
42000, 7
55940, 7
36220, 6
27196, 7
17500, 5
29110, 6
40190, 7
28750, 5
54250, 8
50000, 6
20478, 7
33976, 7
50000, 6
28500, 7
33750, 7
57750, 7
28250, 6
34750, 5
32720, 7
29750, 6
31220, 7
44250, 7
20750, 6
51750, 7
26110, 6
5730, 6
41000, 6
61190, 7
27970, 6
38000, 6
52250, 6
25750, 5
68250, 7
19690, 6
24110, 7
33860, 7
44000, 6
50750, 6
27110, 7
40110, 8
30974, 7
19360, 6
54000, 7
24860, 7
29750, 6
61470, 8
23750, 6
41250, 7
47940, 8
28250, 6
30000, 7
21204, 7
26750, 6
14610, 5
44000, 6
16688, 6
7872, 6
43500, 7
44360, 7
40974, 8
40500, 7
41750, 6
48750, 7
34250, 6
36500, 6
26750, 6
30750, 7
34250, 6
28250, 6
71250, 7
36500, 6
44250, 7
56220, 8
57720, 8
31490, 7
21500, 6
30000, 7
5720, 4
56250, 7
26000, 6
45750, 7
17940, 5
9366, 6
67500, 7
50720, 7
31250, 6
28250, 8
48000, 7
12728, 6
46190, 7
44610, 8
32000, 6
37250, 6
20500, 5
32750, 6
20000, 6
52110, 8
53220, 8
44250, 7
13365, 6
66740, 7
30500, 6
78750, 7
25720, 6
47750, 6
39750, 7
5690, 4
15220, 6
41000, 6
8982, 6
33000, 7
30500, 6
18220, 6
17860, 6
31220, 7
4988, 5
5361, 5
35250, 7
41720, 7
32000, 6
32750, 6
49000, 8
1490, 5
33470, 7
37250, 6
20744, 7
31500, 7
9498, 5
3290, 5
44250, 7
32870, 7
41750, 6
3644, 6
27230, 7
43250, 6
54750, 7
15360, 5
31500, 7
34250, 6
54000, 7
52440, 8
9502, 6
24500, 6
45000, 7
16720, 6
28250, 6
35750, 6
32490, 7
31250, 6
36500, 6
32250, 7
36470, 7
39860, 7
34720, 6
37610, 7
40224, 8
16000, 5
36970, 6
32750, 6
11220, 5
28250, 6
25250, 6
35110, 6
48720, 8
21970, 6
39940, 6
35250, 7
42750, 7
26000, 6
13482, 6
34970, 7
48500, 6
30750, 7
10474, 7
18000, 4
30500, 6
34250, 6
2526, 5
33250, 5
37360, 6
33470, 7
37500, 7
21250, 5
26000, 6
38124, 8
28180, 6
22750, 5
11115, 6
10921, 5
44490, 8
35990, 7
33500, 6
32000, 6
38610, 8
24250, 5
41000, 6
55500, 7
43250, 6
43500, 7
33500, 6
28000, 5
27690, 5
30500, 6
55250, 6
50250, 7
47720, 7
30750, 7
57720, 8
45000, 7
32870, 7
46970, 7
32990, 7
29000, 6
40610, 7
33500, 6
7867, 6
37970, 7
7962, 6
37860, 8
31250, 6
38220, 8
21610, 6
37250, 6
41000, 6
51720, 8
19750, 5
22220, 7
37970, 7
44720, 7
14154, 7
32000, 6
26000, 6
33750, 7
17470, 6
16476, 6
35724, 8
38220, 8
26500, 5
46500, 7
29000, 6
51720, 8
30500, 6
27500, 6
21616, 7
18500, 6
29250, 7
46360, 6
24614, 7
21250, 5
27220, 6
40750, 8
30470, 7
34250, 6
32750, 6
95500, 8
24224, 7
35196, 6
31250, 6
50250, 7
27500, 6
30000, 7
44250, 7
22000, 5
29000, 6
55220, 7
26000, 6
24220, 6
23470, 6
33000, 7
33000, 7
24970, 6
6876, 5
37970, 7
53724, 8
39000, 7
54250, 8
16500, 4
38250, 7
30500, 6
5012, 6
42000, 7
37500, 7
28750, 5
24250, 5
33750, 7
7882, 7
27190, 6
27000, 4
31250, 6
54750, 7
40500, 7
47970, 8
36000, 7
36000, 7
38750, 6
37730, 7
32000, 6
32240, 7
25360, 6
39750, 7
39110, 7
31500, 7
44990, 7
21430, 6
29250, 7
51364, 9
34250, 6
41000, 6
30500, 6
35250, 7
47720, 7
23000, 6
14610, 5
30440, 7
29220, 5
34250, 6
63250, 8
23500, 5
54500, 9
22720, 6
33000, 7
36000, 7
37750, 5
48000, 7
37500, 7
43500, 7
53690, 7
31250, 6
49190, 7
30500, 6
39740, 7
19000, 5
37250, 6
44750, 6
27250, 5
33000, 7
57000, 7
27370, 6
35000, 6
34220, 7
44250, 7
40720, 6
39470, 7
37704, 7
27500, 6
35000, 6
35750, 6
39440, 7
33860, 7
22000, 5
7864, 6
18250, 5
30740, 7
45000, 7
52250, 6
24500, 6
24500, 6
51750, 7
43224, 8
28250, 6
57750, 7
77220, 8
52500, 7
34750, 5
47250, 7
50250, 7
3166, 6
37940, 7
19455, 6
32750, 6
33204, 7
36500, 6
48000, 7
33110, 7
5732, 5
19000, 5
30610, 6
43500, 7
24500, 6
25000, 5
30500, 6
30500, 6
41000, 6
39000, 7
30000, 7
57500, 6
28250, 6
61500, 7
37500, 7
35750, 6
53250, 7
23470, 6
31370, 7
52500, 7
36500, 6
31250, 6
25250, 6
22000, 5
23470, 6
49000, 8
52198, 8
54750, 7
16750, 5
22360, 6
12000, 4
28250, 6
40250, 6
40250, 6
47000, 6
32750, 6
29750, 6
39750, 7
24250, 5
45750, 7
39000, 7
44250, 7
33750, 7
33976, 7
38000, 6
28750, 5
47728, 8
24220, 6
36500, 6
37750, 5
35250, 7
21500, 6
41690, 7
42000, 7
19720, 6
38000, 6
18494, 7
13488, 6
6486, 5
16536, 6
50000, 6
36750, 7
30470, 7
33500, 6
22250, 6
39000, 7
28750, 5
41250, 7
29000, 6
24250, 5
32750, 6
22180, 6
33500, 6
39000, 7
34970, 7
21190, 6
22750, 5
31250, 6
45500, 6
33000, 7
36470, 7
26944, 6
34244, 7
49500, 7
37364, 7
19486, 6
31250, 6
20234, 6
3556, 5
21250, 5
55220, 7
57000, 7
24970, 6
32750, 6
32240, 7
26970, 5
11250, 4
32720, 7
30470, 7
23000, 6
25000, 5
37940, 7
42860, 7
55940, 7
43500, 7
33220, 6
41690, 7
57110, 7
38000, 6
33000, 7
32000, 6
39750, 7
29000, 6
49500, 7
34500, 7
24500, 6
20500, 5
40440, 5
48500, 6
29750, 6
35750, 6
15702, 6
77500, 8
21226, 7
51500, 6
21970, 6
44250, 7
54000, 7
9349, 6
47440, 6
59750, 6
21250, 5
29750, 6
34220, 7
47000, 6
56750, 6
11220, 5
24720, 5
23500, 5
52750, 8
25690, 6
36744, 8
32000, 6
44196, 9
45750, 7
13000, 5
38970, 8
64000, 8
30000, 7
33500, 6
26860, 6
33500, 6
38000, 6
26980, 6
26000, 6
24190, 6
30470, 7
44444, 7
34360, 6
50500, 8
38000, 6
46500, 7
8238, 6
16000, 5
40250, 6
42500, 6
36500, 6
34366, 7
37500, 7
34000, 5
23750, 6
52000, 5
34470, 8
45240, 8
29750, 6
15285, 6
41250, 7
53000, 6
44250, 7
21500, 6
27750, 7
60000, 7
62750, 9
34500, 7
36470, 7
10456, 6
49500, 7
12724, 6
26750, 6
23110, 6
35000, 6
2598, 6
22990, 6
28000, 5
21224, 7
21230, 7
39500, 6
39750, 7
67474, 9
29750, 6
28970, 7
50220, 8
28000, 5
30224, 7
43610, 7
29750, 6
5010, 6
44500, 8
27500, 6
30500, 6
11811, 5
21500, 6
27228, 7
19750, 5
35000, 6
27224, 7
53000, 6
19250, 6
26000, 6
47000, 6
43250, 6
36220, 6
54110, 7
37250, 6
32000, 6
27500, 6
29000, 6
33110, 7
5756, 6
23750, 6
64500, 7
31970, 7
19038, 6
22690, 6
48750, 7
47250, 7
32720, 7
4318, 6
39000, 7
26500, 5
42750, 7
43500, 7
28970, 7
39500, 6
33944, 7
28470, 8
45750, 7
45750, 7
49500, 7
39470, 7
26750, 6
32720, 7
38250, 7
32750, 6
35240, 7
65000, 6
25250, 6
33750, 7
31610, 7
48750, 7
36500, 6
34000, 5
36500, 6
19000, 5
23500, 5
32750, 6
29750, 6
20427, 7
37470, 8
25970, 7
41220, 8
47250, 7
37250, 6
36750, 7
15976, 7
69750, 7
21220, 6
2384, 5
25720, 6
31250, 6
41000, 6
54000, 7
33500, 6
43500, 7
41970, 8
52470, 8
34250, 6
40196, 8
29250, 7
29000, 6
37750, 5
37224, 8
19750, 5
50250, 7
23750, 6
36190, 6
35500, 5
29750, 6
37940, 7
48750, 7
21974, 7
41000, 6
35000, 6
22704, 8
42000, 7
10531, 6
15726, 6
19990, 6
47250, 7
47250, 7
42500, 6
31970, 7
48000, 7
28690, 6
29000, 6
33974, 7
42000, 7
46500, 7
52500, 7
15690, 5
30000, 7
55970, 7
33832, 7
41250, 7
30000, 7
43220, 7
55750, 8
25914, 7
37250, 6
29860, 6
23000, 6
28250, 6
42000, 7
31250, 6
45000, 7
26750, 6
29000, 6
30740, 7
31500, 7
38000, 6
48000, 7
26750, 6
35750, 6
28720, 6
41366, 8
28000, 5
22364, 7
45750, 7
15250, 5
26474, 7
38000, 6
39750, 7
27500, 6
64470, 8
35240, 7
40970, 7
30610, 6
23500, 5
32250, 7
22866, 6
26240, 7
26250, 7
19240, 6
26470, 6
34000, 5
22750, 5
37720, 6
27500, 6
52220, 7
27470, 7
48750, 7
34470, 8
13464, 6
31250, 6
27970, 6
46500, 7
38500, 5
29750, 6
34220, 7
52220, 7
35250, 7
31250, 6
41000, 6
26000, 6
22750, 5
42000, 7
55000, 8
29000, 6
31970, 7
19694, 7
34500, 7
9726, 6
22360, 6
17616, 6
38000, 6
23750, 6
35000, 6
37250, 6
30224, 7
27750, 7
42750, 7
39000, 7
44500, 5
28000, 5
46190, 7
45750, 7
10698, 6
26470, 6
37250, 6
40000, 8
38720, 7
42470, 7
35250, 7
12366, 6
11230, 6
41220, 8
67500, 7
45500, 6
29500, 5
34190, 7
50720, 7
24250, 5
37500, 7
38250, 7
37470, 8
14868, 6
26470, 6
45000, 7
20474, 7
46946, 8
58470, 8
39000, 7
34250, 6
16720, 6
23000, 6
61500, 7
43970, 7
18190, 6
15450, 6
28250, 6
24500, 6
49500, 7
36500, 6
37500, 7
32000, 6
32000, 6
47250, 7
22250, 6
17474, 7
41000, 6
45750, 7
24110, 7
4970, 4
46500, 7
48750, 7
39500, 6
24500, 6
26000, 6
47750, 6
5014, 6
60000, 7
37500, 7
41000, 6
25250, 6
19750, 5
11560, 6
35250, 7
39500, 6
40430, 7
2470, 3
24220, 6
22250, 6
24500, 6
35860, 6
17740, 6
25250, 6
42750, 7
16110, 5
35250, 7
50250, 7
22000, 5
24224, 7
26500, 5
17592, 6
28000, 5
15114, 6
42750, 7
45750, 7
35240, 7
22250, 6
56750, 6
23500, 5
28750, 5
29750, 6
33000, 7
22750, 5
35000, 6
27250, 5
50250, 7
47750, 6
47250, 7
31220, 7
27198, 7
18490, 6
29000, 6
11992, 6
81000, 7
24470, 7
34500, 7
16750, 5
27500, 6
43940, 7
32750, 6
29000, 6
34500, 7
30250, 5
25500, 4
48500, 6
31250, 6
32750, 6
50000, 6
1898, 6
6328, 5
29204, 6
24220, 6
36750, 7
37610, 7
3934, 7
29000, 6
15250, 5
22000, 5
27220, 7
22250, 6
35000, 6
37500, 7
25250, 6
5818, 7
46500, 7
10698, 6
35750, 6
27250, 5
21250, 5
36000, 7
46970, 7
11236, 8
31250, 6
47750, 6
43500, 7
7216, 6
30478, 8
48440, 7
62250, 7
23110, 6
49500, 7
16750, 5
29750, 6
31220, 7
47250, 7
40500, 7
31250, 6
24500, 6
68190, 8
30500, 6
20000, 6
45250, 5
39500, 6
51750, 7
17091, 7
28220, 7
33470, 7
34220, 7
29750, 6
38250, 7
13782, 6
11974, 6
32000, 6
34750, 5
12990, 5
28250, 6
41500, 5
39000, 7
36198, 7
29720, 7
40220, 7
29750, 6
36000, 7
5373, 6
34994, 7
31250, 6
26990, 7
21974, 7
32250, 7
30750, 7
14374, 6
30500, 6
37220, 7
60000, 7
40726, 7
28220, 7
39750, 7
26500, 5
15313, 6
49980, 9
37250, 6
69750, 7
40974, 8
12724, 6
60250, 8
44250, 7
36500, 6
27500, 6
35720, 7
31940, 7
18000, 4
45110, 7
35750, 6
11250, 4
17500, 5
33750, 7
28000, 5
32250, 7
5400, 6
31250, 6
33000, 7
54750, 7
43494, 8
25690, 6
47220, 8
5786, 6
22750, 5
42750, 7
28500, 7
48500, 6
56750, 6
19750, 5
19250, 6
14451, 6
52500, 7
38250, 7
46750, 8
10409, 6
17230, 6
31720, 6
27500, 6
42470, 7
31250, 6
24220, 6
18970, 6
33000, 7
17940, 5
26750, 6
20750, 6
26682, 7
4322, 7
35250, 7
24220, 6
52000, 8
23750, 6
11228, 6
37250, 6
23000, 6
38000, 6
38250, 7
26980, 6
24250, 5
35250, 7
40970, 7
39750, 7
29750, 6
23000, 6
45750, 7
25750, 5
18250, 5
4584, 4
27500, 6
44750, 6
29250, 7
41000, 6
11115, 6
24500, 6
32000, 6
61000, 8
12460, 6
2408, 6
29582, 7
14196, 6
19724, 7
36750, 7
35750, 6
46944, 8
24500, 6
34490, 7
33750, 7
24500, 6
37970, 7
33000, 7
73440, 8
32750, 6
37500, 7
27740, 7
39750, 7
36750, 7
21490, 6
49500, 7
26000, 6
28250, 6
5034, 8
28000, 5
39750, 7
37720, 6
48750, 7
25720, 6
41940, 8
30500, 6
34490, 7
44000, 6
36500, 6
44970, 8
20440, 6
47000, 6
30750, 7
44240, 7
7506, 7
53220, 8
5724, 5
23000, 6
35750, 6
41250, 7
25500, 7
52500, 7
30500, 6
48750, 7
45500, 6
21220, 6
44000, 6
27500, 6
15610, 6
26000, 6
17976, 6
36750, 7
42750, 7
50750, 6
36220, 6
45750, 7
47250, 7
28000, 5
22250, 6
48220, 6
36860, 7
45474, 8
51720, 8
12783, 6
27944, 7
53250, 7
17224, 6
31250, 6
28728, 7
35250, 7
38000, 6
63250, 8
31500, 7
53250, 7
44500, 8
29250, 7
47750, 6
33740, 7
38750, 6
25440, 5
31500, 7
40500, 7
31740, 8
36000, 7
8659, 5
39694, 9
23970, 5
17220, 5
18728, 6
33750, 7
43500, 7
10507, 7
38750, 6
39110, 7
30750, 7
40500, 7
26000, 6
24610, 6
70190, 7
39000, 7
29000, 6
28940, 7
5740, 5
33620, 7
31220, 7
32000, 6
31000, 5
27750, 7
21974, 7
44250, 7
44250, 7
37500, 7
20616, 6
29750, 6
28120, 6
26750, 6
30974, 7
36220, 6
37970, 7
24500, 6
39226, 7
49500, 7
26250, 7
16994, 7
22250, 6
82000, 8
15220, 6
25720, 6
34250, 6
33500, 6
21500, 6
45750, 7
54750, 7
38750, 6
27500, 6
43250, 6
8982, 6
57990, 8
11995, 7
34250, 6
23470, 6
11980, 6
26750, 6
38360, 7
58500, 7
40250, 6
28250, 6
59500, 8
27500, 6
40690, 6
54690, 8
40500, 7
66250, 8
23000, 6
24976, 7
37500, 7
39500, 6
19360, 6
25250, 6
40750, 8
9016, 7
27750, 7
32750, 6
35360, 7
42470, 7
28250, 6
26000, 6
56190, 8
31250, 6
33500, 6
26000, 6
59750, 6
32470, 6
33470, 7
34250, 6
33500, 6
10620, 6
31250, 6
26750, 6
23110, 6
23860, 6
45000, 7
30860, 7
16953, 6
11614, 6
9716, 7
45750, 7
35000, 6
21250, 5
28220, 7
35750, 6
28250, 6
24490, 6
42940, 6
43000, 8
42440, 7
57000, 7
33860, 7
42500, 6
23500, 5
25000, 5
2741, 5
11232, 6
33224, 7
30500, 6
41000, 6
46750, 8
48000, 7
31250, 6
27470, 7
19750, 5
50750, 6
33000, 7
20740, 6
19000, 5
14224, 6
45000, 7
18250, 5
55500, 7
67250, 6
38360, 7
51000, 7
15702, 6
33500, 6
24500, 6
30500, 6
25250, 6
30970, 6
38750, 6
36750, 7
30250, 5
35000, 6
52500, 7
30500, 6
27220, 6
6833, 5
35250, 7
32470, 6
28250, 6
29690, 7
48470, 7
42000, 7
27000, 7
22750, 5
26720, 7
54750, 7
19470, 5
25250, 6
30110, 7
39000, 7
37732, 7
26482, 8
40500, 7
23114, 7
22720, 6
50250, 7
22870, 6
4980, 5
43250, 6
43500, 7
10688, 6
10866, 6
39750, 7
40500, 7
62500, 8
34000, 5
14954, 7
29440, 6
39500, 6
26750, 6
24250, 5
34110, 8
42740, 7
35500, 5
30500, 6
37190, 7
12531, 6
34500, 7
20706, 6
45750, 7
30000, 7
16728, 7
30740, 7
41000, 6
39750, 7
50940, 8
44000, 6
44250, 7
31250, 6
32970, 5
24860, 7
31970, 7
34974, 8
47360, 7
26990, 7
23000, 6
29750, 6
15250, 5
20940, 5
56250, 7
21250, 5
27500, 6
37500, 7
45500, 6
18978, 7
36750, 7
42226, 7
36000, 7
52500, 7
26000, 6
37500, 7
51750, 7
35000, 6
38000, 6
54444, 8
8624, 7
35470, 6
7222, 6
32974, 9
39500, 6
37500, 7
37190, 7
20500, 5
58500, 7
54000, 7
70500, 7
17620, 6
24310, 6
33332, 7
24500, 6
41750, 6
41220, 8
37220, 7
65430, 8
45750, 7
24696, 6
26874, 8
25726, 7
25690, 6
47250, 7
17110, 6
34698, 7
40250, 6
26000, 6
26110, 6
21500, 6
32000, 6
41250, 7
37470, 8
11242, 7
32750, 6
41250, 7
15250, 5
19000, 5
22000, 5
66000, 7
24500, 6
43490, 7
15750, 4
28500, 7
39110, 7
30750, 7
25610, 7
3282, 6
10124, 7
44190, 8
40860, 8
25250, 6
35250, 7
52000, 5
55500, 7
24974, 7
23000, 6
37220, 7
39750, 7
57750, 7
46226, 8
38720, 7
29474, 7
27500, 6
41000, 6
44250, 7
32750, 6
60000, 7
47250, 7
38750, 6
2064, 4
22700, 7
19455, 6
33500, 6
43500, 7
27936, 6
47720, 7
34860, 8
45000, 7
32114, 7
44000, 6
14940, 5
51750, 7
27370, 6
35360, 7
52500, 7
19360, 6
44000, 9
27500, 6
30750, 7
4246, 5
24500, 6
20250, 4
37500, 7
45500, 6
10868, 6
12000, 4
54000, 7
129000, 7
55500, 7
47250, 7
24220, 6
49500, 7
26750, 6
32000, 6
30250, 5
45000, 7
25000, 5
42720, 8
32250, 7
39750, 7
29000, 6
25750, 5
49440, 8
30500, 6
24220, 6
25720, 6
19750, 5
20470, 6
48000, 7
37970, 7
26470, 6
26110, 6
34474, 6
33000, 7
52500, 7
31220, 7
2016, 6
55500, 7
33444, 8
26000, 6
48750, 7
25750, 5
38750, 6
37500, 7
36750, 7
30440, 7
43000, 8
29500, 5
34750, 5
30860, 7
30500, 6
28500, 7
32000, 6
35750, 6
53500, 8
33500, 6
50720, 7
48000, 7
22758, 7
30500, 6
30000, 7
21500, 6
23750, 6
21500, 6
36750, 7
18220, 6
31250, 6
40500, 7
33476, 8
42000, 7
44970, 8
26750, 6
33500, 6
14256, 6
29000, 6
28000, 5
30500, 6
58500, 7
34250, 6
43500, 7
17592, 6
26750, 6
23220, 5
28000, 5
32440, 6
48974, 7
38000, 6
56250, 7
17500, 5
52220, 7
33444, 8
22250, 6
12366, 6
4278, 6
44470, 6
28250, 6
34250, 6
19364, 7
23750, 6
30250, 5
20500, 5
29000, 6
41250, 7
3452, 6
33250, 5
36750, 7
30500, 6
15226, 7
41690, 7
47000, 6
18990, 5
6968, 5
30944, 7
40500, 7
41250, 7
40470, 8
10480, 6
20750, 6
23000, 6
13110, 5
36860, 7
35250, 7
20860, 6
45000, 7
16466, 6
25250, 6
44750, 6
28970, 7
19750, 5
35690, 7
20620, 6
26000, 6
21610, 6
39114, 8
24500, 6
16750, 5
273000, 7
16750, 5
20470, 6
60470, 7
25240, 6
27500, 6
37500, 7
38250, 7
31250, 6
30500, 6
43250, 6
17470, 6
26000, 6
48250, 8
39250, 8
48000, 7
52940, 7
35250, 7
37750, 8
29750, 6
29750, 6
32250, 7
29750, 6
31940, 7
38750, 6
26000, 6
33250, 5
45000, 7
24750, 7
45500, 6
47250, 7
29984, 6
37500, 7
27000, 7
27444, 8
40500, 7
44750, 6
29750, 6
48750, 7
23680, 6
50720, 7
33224, 7
38000, 6
32750, 6
32690, 7
42860, 7
19750, 5
30500, 6
13479, 5
45750, 7
33974, 7
47250, 7
43500, 7
33500, 6
24478, 5
34250, 6
31364, 7
37250, 6
40250, 6
44750, 6
25724, 7
33750, 7
44750, 6
21690, 5
10470, 5
44750, 6
23240, 7
34000, 5
48750, 7
50500, 8
9660, 6
63750, 7
23750, 6
50250, 7
20000, 6
48250, 8
37940, 7
30500, 6
19250, 6
23750, 6
32750, 6
30470, 7
23476, 7
46500, 7
23990, 7
15228, 7
48440, 7
15234, 8
55500, 7
48750, 7
43110, 8
38750, 6
26000, 6
40250, 6
28250, 6
40500, 7
33470, 7
40250, 6
32000, 6
40250, 6
59250, 7
51750, 7
9002, 6
37500, 7
29000, 6
56250, 7
36500, 6
29470, 6
14868, 6
29110, 6
50970, 8
29470, 6
21976, 7
31250, 6
41500, 8
50944, 9
39500, 6
48750, 7
39000, 7
27610, 6
19000, 5
38750, 6
36110, 7
46500, 7
37500, 7
16750, 5
56750, 6
33110, 7
31250, 6
32690, 7
31250, 6
20740, 6
31500, 7
34460, 6
37250, 6
28250, 6
32750, 6
39500, 6
31500, 7
45750, 7
33860, 7
35250, 7
49500, 7
25750, 5
32000, 6
28250, 6
48250, 8
20750, 6
42000, 7
36500, 6
27860, 7
38000, 6
20224, 6
5012, 5
43500, 7
35720, 7
49250, 6
31690, 6
31250, 6
35250, 7
39750, 7
36750, 7
2304, 4
30470, 7
23116, 7
61000, 8
37220, 7
28490, 7
7880, 6
16800, 6
36250, 8
42750, 7
39610, 6
28750, 5
46750, 8
7122, 6
19366, 7
34250, 6
19000, 5
51000, 7
26000, 6
9858, 7
25360, 6
29690, 7
39000, 7
19500, 4
26470, 6
29000, 6
32750, 6
24250, 5
57000, 7
37194, 8
35970, 8
38690, 7
42500, 6
59500, 8
36750, 7
48750, 7
29360, 7
38750, 6
32000, 6
44250, 7
29750, 6
39940, 6
61750, 8
42000, 7
39500, 6
32250, 7
15250, 5
29000, 6
29750, 6
22990, 6
32724, 8
35990, 7
28250, 6
48000, 7
34250, 6
37250, 6
42000, 7
38720, 7
29000, 6
11238, 7
11458, 6
45000, 7
33194, 7
15651, 7
43970, 7
23470, 6
25250, 6
36000, 7
28000, 5
28250, 6
15494, 7
29470, 6
46500, 7
33110, 7
64750, 8
33860, 7
68000, 6
11532, 6
9752, 7
26474, 7
28700, 7
49750, 8
27500, 6
28730, 7
37224, 8
10560, 5
11003, 6
29750, 6
26500, 5
33750, 7
47250, 7
22750, 5
40190, 7
42470, 7
27864, 6
31250, 6
21198, 7
34250, 6
33500, 6
44250, 7
35000, 6
30720, 8
41750, 6
25750, 5
38720, 7
33500, 6
57750, 7
27110, 7
30500, 6
22720, 6
27250, 5
37500, 7
31250, 6
35250, 7
22750, 5
9000, 4
30500, 6
21220, 6
29360, 7
46500, 7
39000, 7
38500, 5
51000, 7
20470, 6
32000, 6
73000, 8
31250, 6
46500, 7
27500, 6
49500, 7
23750, 6
19680, 6
48620, 7
31440, 5
72000, 7
22750, 5
24500, 6
49940, 7
35440, 6
36750, 7
36500, 6
34250, 6
36750, 7
13062, 5
36110, 7
29750, 6
29000, 6
33000, 7
19455, 6
31224, 8
36750, 7
34250, 6
39250, 5
8956, 6
38250, 7
39110, 7
28250, 6
36000, 7
28490, 7
28250, 6
34060, 6
33750, 7
35000, 6
38250, 7
67440, 8
33750, 7
1907, 5
16750, 5
19360, 6
7623, 5
11504, 7
38250, 7
20228, 6
4452, 5
43500, 7
23500, 5
33750, 7
25360, 6
15313, 6
58500, 7
34250, 6
30750, 7
18250, 5
10715, 5
36750, 7
29720, 7
32750, 6
46610, 7
43500, 7
21498, 6
11228, 6
36110, 7
23000, 6
22750, 5
33500, 6
36470, 7
51000, 7
30250, 5
26000, 6
47698, 8
21940, 6
42750, 7
39610, 6
42750, 7
38360, 7
46500, 7
5911, 5
27228, 7
27250, 5
38250, 7
25690, 6
39500, 6
11976, 6
45000, 7
26000, 6
46750, 8
16470, 5
22000, 5
25440, 5
28470, 5
12000, 4
16470, 5
29470, 6
38360, 7
34720, 6
49000, 8
49000, 8
36250, 8
41248, 8
51470, 7
48000, 7
36000, 7
27500, 6
52500, 7
18616, 7
47250, 7
47698, 8
36000, 7
63000, 7
26870, 7
45976, 8
46610, 7
32724, 8
20750, 6
38750, 6
64720, 9
25970, 7
38000, 6
44750, 6
31690, 6
38000, 6
43250, 6
35750, 6
36500, 6
31190, 7
36114, 8
31220, 7
53250, 7
52500, 7
53000, 6
9309, 5
44250, 7
29000, 6
39470, 7
30500, 6
22750, 5
15702, 6
33220, 6
27702, 6
35500, 5
37500, 7
29860, 6
36970, 6
33500, 6
42750, 7
9754, 5
54750, 7
48750, 7
47500, 8
50250, 7
52250, 6
54440, 7
13719, 6
25750, 5
54000, 7
27500, 6
59500, 8
25750, 5
58750, 8
32000, 6
36750, 7
34500, 7
41190, 8
29440, 6
18224, 7
41750, 6
28250, 6
30500, 6
10151, 6
25250, 6
45440, 7
24500, 6
28706, 8
43470, 8
14220, 5
25000, 5
35750, 6
20500, 5
23470, 6
32000, 6
29000, 6
32750, 6
42750, 7
32500, 5
33000, 7
38860, 6
38720, 7
19750, 5
30470, 7
34250, 6
20740, 6
31250, 6
45740, 7
33750, 7
32000, 6
33750, 7
41000, 6
45240, 8
48500, 6
31720, 6
13200, 6
43740, 8
34500, 7
33750, 7
54000, 7
45500, 6
35724, 8
15615, 6
39470, 7
30474, 8
39750, 7
37190, 7
37976, 8
38750, 6
29470, 6
31250, 6
14976, 6
51750, 7
42620, 7
54000, 7
37500, 7
30470, 7
51240, 8
32000, 6
18500, 6
47000, 6
29500, 5
35250, 7
29250, 7
29250, 7
58750, 8
48750, 7
36000, 7
32750, 6
36440, 7
32000, 6
48750, 7
13860, 5
53220, 8
45750, 7
31250, 6
44000, 6
15456, 7
41000, 6
8659, 5
8610, 5
38720, 7
4952, 6
2023, 5
40250, 6
38000, 6
61970, 7
28734, 8
40500, 7
40500, 7
50250, 7
34500, 7
37250, 6
24500, 6
45000, 7
29000, 6
59250, 7
29500, 5
44250, 7
25730, 7
38000, 6
39220, 6
51000, 7
52940, 7
46250, 6
31250, 6
32470, 6
34970, 7
24250, 5
6096, 6
28000, 5
26175, 7
18370, 6
66750, 7
32000, 6
4250, 5
57750, 7
22250, 6
18494, 7
9496, 6
46500, 7
38250, 7
26470, 6
40000, 5
13482, 6
24500, 6
21250, 5
32000, 6
35750, 6
29750, 6
30000, 7
27970, 6
31698, 7
25250, 6
25360, 6
10500, 4
52500, 7
38750, 6
21610, 6
32750, 6
31250, 6
47250, 7
34190, 7
36720, 8
14313, 5
34250, 6
36470, 7
53250, 7
33944, 7
46250, 6
31000, 5
35720, 7
49500, 7
29000, 6
39500, 6
28370, 7
33500, 6
62250, 7
22000, 5
19360, 6
42750, 7
38750, 6
32360, 7
39000, 7
40220, 7
35750, 6
22000, 5
29750, 6
38250, 7
28250, 6
39750, 7
26750, 6
33610, 6
14940, 5
38694, 8
28250, 6
34250, 6
2556, 5
23250, 4
25250, 6
27250, 5
30220, 6
5350, 6
10110, 5
20220, 5
32720, 7
22250, 6
57240, 8
20110, 6
38364, 8
38750, 6
16000, 5
32440, 6
46250, 6
41000, 6
23750, 6
23750, 6
34500, 7
30500, 6
57250, 8
31500, 7
39000, 7
36750, 7
29470, 6
28610, 7
51750, 7
35250, 7
41220, 8
20500, 5
26360, 7
31750, 5
39000, 7
35990, 7
29750, 6
25750, 5
31974, 8
45000, 7
41250, 7
34500, 7
57250, 5
29476, 7
33000, 7
40220, 7
49220, 7
31220, 7
37690, 6
43500, 7
26000, 6
34500, 7
37610, 7
31970, 7
36470, 7
41360, 7
13500, 4
50478, 7
32250, 7
34970, 7
5240, 4
72750, 7
66694, 9
52702, 8
43970, 7
6492, 6
25446, 6
51000, 7
29000, 6
41190, 8
28250, 6
13482, 6
29750, 6
27220, 6
8220, 5
38250, 7
38000, 6
26750, 6
27500, 6
22750, 5
10860, 5
12476, 7
47250, 7
25720, 6
32720, 7
25000, 5
31250, 6
96000, 7
23000, 6
40220, 7
44250, 7
44220, 8
29440, 6
38930, 7
32360, 7
29750, 6
45470, 7
36250, 8
16119, 6
42750, 7
55500, 7
37220, 7
23000, 6
43500, 7
35000, 6
36500, 6
24250, 5
39470, 7
16360, 6
18970, 6
11250, 4
36500, 6
32750, 6
49000, 8
17868, 7
43220, 7
46440, 8
33750, 7
39720, 8
50440, 6
42750, 7
14940, 5
53720, 7
67860, 8
38000, 6
46500, 7
33500, 6
12051, 6
32750, 6
44250, 7
51000, 7
30500, 6
30250, 5
25500, 7
43250, 6
26000, 6
33190, 6
26870, 7
21500, 6
44750, 6
29750, 6
42440, 7
52500, 7
38250, 7
21500, 6
26240, 7
29740, 6
32000, 6
56500, 8
36470, 7
38250, 7
16720, 6
54000, 7
17500, 5
18621, 6
28250, 6
39446, 8
30750, 7
42500, 6
27970, 6
43970, 7
31000, 5
43500, 7
42000, 7
43940, 7
22250, 6
30500, 6
25124, 7
47250, 7
58250, 6
45940, 6
44500, 8
25970, 7
33500, 6
32250, 7
39990, 8
31940, 7
28250, 6
52974, 8
34220, 7
40500, 7
38750, 6
22970, 7
62690, 7
13292, 6
25610, 7
22750, 5
25750, 5
37970, 7
28500, 7
38250, 7
24500, 6
25726, 7
43500, 7
23110, 6
9860, 4
29000, 6
41750, 6
34364, 7
49440, 8
27500, 6
48750, 7
26250, 7
39220, 6
28250, 6
35000, 6
24500, 6
47250, 7
16536, 6
21610, 6
38750, 6
40220, 7
26000, 6
28990, 6
18614, 7
29000, 6
51970, 6
42750, 7
1764, 5
37500, 7
44990, 7
27000, 7
49190, 7
22250, 6
39919, 7
23000, 6
23190, 5
66000, 7
30470, 7
19724, 7
50750, 6
34220, 7
39500, 6
9000, 4
37190, 7
54750, 7
42470, 7
34360, 6
18738, 6
30750, 7
54720, 8
29250, 7
31000, 5
15422, 6
31131, 6
35238, 6
33974, 7
18000, 4
27500, 6
41448, 7
36474, 8
26864, 7
30500, 6
43490, 7
49500, 7
46500, 7
49750, 8
37500, 7
48750, 7
8236, 6
21952, 7
39610, 6
27470, 7
29000, 6
22750, 5
27610, 6
10460, 6
12720, 5
32360, 7
15702, 6
62250, 7
43220, 7
19000, 5
24832, 6
21196, 7
47250, 7
14868, 6
45750, 7
31500, 7
28220, 7
46702, 7
47750, 6
44750, 6
31250, 6
49500, 7
19000, 5
22000, 5
12990, 5
57000, 7
13474, 6
24740, 7
74250, 7
24250, 5
58500, 7
56000, 6
6478, 7
28726, 7
44500, 8
41000, 6
56250, 7
23970, 5
23740, 6
28024, 6
32990, 7
28220, 7
29000, 6
32470, 6
38750, 6
30610, 6
61970, 7
45500, 6
19000, 5
38610, 8
22726, 7
26720, 7
2656, 4
31250, 6
5756, 6
58220, 7
21500, 6
51000, 7
48000, 7
29114, 7
22728, 7
5762, 7
29690, 7
27750, 7
16470, 5
20500, 5
24228, 7
33000, 7
28610, 7
42500, 6
13744, 6
46500, 7
31974, 8
15720, 5
30500, 6
42500, 6
40000, 5
25000, 5
23750, 6
33000, 7
42220, 6
40500, 7
26500, 5
48750, 7
25000, 5
29000, 6
23750, 6
36000, 7
18220, 6
30000, 7
52250, 6
29500, 5
30970, 6
20750, 6
41000, 6
39000, 7
33974, 7
30750, 7
31220, 7
51250, 8
20511, 6
34500, 7
27110, 7
43724, 7
23492, 8
39000, 7
47250, 7
49440, 8
47750, 6
26750, 6
35250, 7
47940, 8
36478, 8
22720, 6
27190, 6
28364, 7
39750, 7
24860, 7
53190, 8
17226, 6
47250, 7
41750, 6
25250, 6
62250, 7
31220, 7
11989, 5
7872, 6
37500, 7
4545, 7
44250, 7
39000, 7
40970, 7
33110, 7
27500, 6
37250, 6
17976, 6
37250, 6
65250, 7
7780, 6
18500, 6
44250, 7
32000, 6
27500, 6
23750, 6
23110, 6
48476, 8
25250, 6
14034, 6
36000, 7
29750, 6
54000, 7
36000, 7
25000, 5
40500, 7
27500, 6
30750, 7
35250, 7
31724, 7
38250, 7
16360, 6
30750, 7
23750, 6
34500, 7
28250, 6
45250, 8
34000, 5
21940, 6
44000, 6
20500, 5
39500, 6
24500, 6
30250, 5
22724, 7
51750, 7
20110, 6
36440, 7
29750, 6
33750, 7
29750, 6
37500, 7
53500, 8
21000, 4
32720, 7
39470, 7
60000, 7
27974, 7
25250, 6
37000, 5
24500, 6
8986, 7
42470, 7
23226, 6
32250, 7
9299, 5
23110, 6
29000, 6
39470, 7
25750, 5
58500, 7
51470, 7
29470, 6
5074, 7
22250, 6
43250, 6
2356, 5
51000, 7
52000, 8
26750, 6
24970, 6
40750, 8
25942, 7
38720, 7
22240, 6
45500, 6
27000, 7
9732, 6
10281, 6
50720, 7
50750, 9
54000, 7
47970, 8
26860, 6
38750, 6
34220, 7
57750, 7
19250, 6
18970, 6
19440, 5
38000, 6
52500, 7
50750, 6
1858, 6
40500, 7
17250, 4
10029, 6
44360, 7
27500, 6
45750, 7
33750, 7
26750, 6
23474, 7
38000, 6
33750, 7
23750, 6
50250, 7
38000, 6
37250, 6
22366, 7
47750, 6
54500, 6
28750, 5
53000, 6
34500, 7
31250, 6
29250, 7
35750, 6
41360, 7
7246, 5
41250, 7
24500, 6
42470, 7
5506, 5
46500, 7
29750, 6
24190, 6
40500, 7
31250, 6
30750, 7
37970, 7
9791, 6
38750, 6
49500, 7
37976, 8
36500, 6
40250, 6
29860, 6
46220, 7
42750, 7
20500, 5
36000, 7
54000, 7
50250, 7
6460, 5
30220, 6
34250, 6
52250, 6
4294, 6
36500, 6
50490, 8
32000, 6
55750, 8
25000, 5
42500, 6
34224, 8
27250, 5
48000, 7
42000, 7
38250, 7
37500, 7
52970, 7
55610, 7
40250, 6
28250, 6
20000, 6
48860, 7
34500, 7
39360, 8
50500, 8
25750, 5
56220, 8
35000, 6
19750, 5
34500, 7
53250, 7
41250, 7
28000, 5
57360, 8
9752, 6
17500, 5
26500, 5
31250, 6
37500, 7
29750, 6
28720, 6
25250, 6
42500, 6
45750, 7
34250, 6
26860, 6
45000, 7
27500, 6
35470, 6
17592, 6
39000, 7
40500, 7
51470, 7
45000, 7
35000, 6
41000, 6
60750, 7
39110, 7
46250, 6
39750, 7
34250, 6
24190, 6
23000, 6
5762, 7
17220, 5
32250, 7
36500, 6
36720, 8
16750, 5
42470, 7
45000, 7
37250, 6
43250, 6
34250, 6
33500, 6
35360, 7
42620, 7
22000, 5
30000, 7
48000, 7
35500, 5
36750, 7
32360, 7
26500, 5
30860, 7
32750, 6
43970, 7
28250, 6
44500, 8
33470, 7
37220, 7
42500, 6
45000, 7
22934, 7
32750, 6
30500, 6
7198, 5
12724, 6
39970, 6
34250, 6
32250, 7
50690, 7
42500, 6
47250, 7
32250, 7
44250, 7
32250, 7
28970, 7
24970, 6
36000, 7
36000, 7
46220, 7
40250, 6
5732, 5
27470, 7
35250, 7
30750, 7
38250, 7
33500, 6
33000, 7
13500, 4
20500, 5
26110, 6
33978, 7
33970, 6
18000, 4
21500, 6
41250, 7
17535, 6
44250, 7
102250, 11
24500, 6
57000, 7
23750, 6
26000, 6
50250, 7
46500, 7
43250, 6
26750, 6
30614, 7
24250, 5
24740, 7
72000, 7
29000, 6
42470, 7
62220, 8
43000, 8
32480, 7
71500, 8
18621, 6
57470, 7
20500, 5
24500, 6
28250, 6
45000, 7
47250, 7
35250, 7
42110, 7
41720, 7
32250, 7
28250, 6
28250, 6
56940, 8
34500, 7
20470, 6
22482, 6
34500, 7
10143, 5
28250, 6
41360, 7
34250, 6
49250, 6
31250, 6
40250, 6
38000, 6
32000, 6
5006, 6
35000, 6
37250, 6
20500, 5
18364, 6
37970, 7
5068, 7
6480, 5
39500, 6
22250, 6
46500, 7
25250, 6
32250, 7
29000, 6
37250, 6
31000, 5
39440, 7
29750, 6
44690, 7
31970, 7
29750, 6
49500, 7
54000, 7
31500, 7
26750, 6
21500, 6
65190, 8
33250, 8
29000, 6
44250, 7
35250, 7
33000, 7
19364, 7
34610, 7
31250, 6
55500, 7
41000, 6
48250, 8
46500, 7
24220, 6
40250, 6
27860, 7
30500, 6
30500, 6
29250, 7
46750, 8
14992, 6
25970, 7
26448, 7
18500, 6
35000, 6
41750, 6
49990, 6
32250, 7
51750, 7
34500, 7
32000, 6
34250, 6
30470, 7
22750, 5
40500, 7
36500, 6
38360, 7
61000, 8
20289, 6
23000, 6
40190, 7
29000, 6
40970, 7
27500, 6
23500, 5
59500, 8
21614, 7
31500, 7
28720, 6
23470, 6
30978, 7
23750, 6
35750, 6
29000, 6
27974, 7
24250, 5
44000, 6
38000, 6
42750, 7
22690, 6
14860, 6
23000, 6
33478, 8
33500, 6
12645, 5
49500, 7
47750, 6
15750, 4
32750, 6
44114, 7
30740, 7
48000, 7
39750, 7
46500, 7
23000, 6
38250, 7
60720, 8
36000, 7
44250, 7
35000, 6
21500, 6
39000, 7
27500, 6
36696, 6
8940, 5
42970, 6
52500, 7
29000, 6
35720, 7
37250, 6
7411, 5
27220, 6
26360, 7
31690, 6
30726, 6
24500, 6
27860, 7
44250, 7
22000, 5
40940, 7
22750, 5
26470, 6
31250, 6
22250, 6
8498, 6
26970, 5
4990, 5
23500, 5
17208, 6
19038, 6
28970, 7
27500, 6
29000, 6
21500, 6
27250, 5
37994, 7
29000, 6
35720, 7
25250, 6
28250, 6
42000, 7
28000, 5
36220, 6
49500, 7
52220, 7
25240, 6
25250, 6
46000, 8
18610, 6
41750, 6
52750, 8
74750, 6
32750, 6
29750, 6
25490, 7
38750, 6
28000, 5
32116, 7
32250, 7
28750, 5
10440, 5
21250, 5
31500, 7
30500, 6
32480, 7
42750, 7
20114, 7
39250, 8
57440, 7
30220, 6
12742, 7
51750, 7
29750, 6
39440, 7
26750, 6
33500, 6
49500, 7
30470, 7
39750, 7
42750, 7
32240, 7
31500, 7
50970, 8
23610, 5
42750, 7
54000, 7
29750, 6
14255, 6
17224, 6
54000, 7
29750, 6
31750, 5
29360, 7
34364, 7
36470, 7
27332, 6
53750, 6
24500, 6
44000, 6
34500, 7
33470, 7
23500, 5
9252, 6
44250, 7
17614, 6
41610, 8
35474, 7
45470, 7
43750, 8
23444, 7
6454, 6
25360, 6
17500, 5
40250, 6
31190, 7
32750, 6
24500, 6
28250, 6
7920, 4
33250, 5
20000, 6
28750, 5
29720, 7
47690, 7
29750, 6
28250, 6
26110, 6
43250, 6
37500, 7
33500, 6
1719, 5
36470, 7
42000, 7
19060, 6
10866, 6
29360, 7
29750, 6
64750, 8
35750, 6
38720, 7
14034, 6
33440, 7
17198, 6
25750, 5
43000, 5
41696, 8
42000, 7
29120, 8
35750, 6
52970, 7
53000, 6
60000, 7
51470, 7
57750, 7
34250, 6
64500, 7
34970, 7
29750, 6
22440, 5
38000, 6
22250, 6
32750, 6
39224, 7
31250, 6
38870, 7
27500, 6
37970, 7
30500, 6
37250, 6
39444, 8
9726, 6
23000, 6
28970, 7
38250, 7
23000, 6
6440, 4
48750, 7
11230, 6
44250, 7
34500, 7
26000, 6
28250, 6
50000, 6
47610, 8
27220, 6
34250, 6
25250, 6
42750, 7
30000, 7
79500, 7
27500, 6
2560, 5
21370, 6
26310, 5
27220, 6
38250, 7
38250, 7
29250, 7
35723, 7
27220, 6
29000, 6
48750, 7
36620, 7
21250, 5
45750, 7
13896, 5
26000, 6
42500, 6
26750, 6
27740, 7
22750, 5
33750, 7
47470, 9
11514, 6
7250, 5
22000, 5
30750, 7
10484, 7
31500, 7
29250, 7
37500, 7
17966, 6
50250, 7
25000, 5
43110, 8
40500, 7
33860, 7
35750, 6
18970, 6
33000, 7
38000, 6
57000, 7
24860, 7
44720, 7
19446, 6
26750, 6
38000, 6
19750, 5
8053, 6
35750, 6
47690, 7
17470, 6
44000, 6
36500, 6
34500, 7
15909, 7
41250, 7
50940, 8
12750, 4
47250, 7
48750, 7
37500, 7
10482, 6
47720, 7
70500, 7
66000, 7
35720, 7
20210, 6
27500, 6
39500, 6
29000, 6
51000, 7
39474, 8
41870, 7
38720, 7
30750, 7
22750, 5
48750, 7
40250, 6
32470, 6
13448, 6
41000, 6
32000, 6
16000, 5
31000, 5
33500, 6
46500, 7
40360, 6
29750, 6
53220, 8
51690, 8
29500, 5
17740, 6
34220, 7
51000, 7
45720, 8
28610, 7
32240, 7
25360, 6
31946, 8
43500, 7
28250, 6
67000, 8
51000, 7
49250, 6
52500, 7
45250, 8
41250, 7
52940, 7
22690, 6
22720, 6
32000, 6
41250, 7
13790, 7
36750, 7
32750, 6
27940, 6
25970, 7
32250, 7
21970, 6
21500, 6
19488, 6
17500, 5
34220, 7
28220, 7
39860, 7
51000, 7
41250, 7
36750, 7
26000, 6
19750, 5
44250, 7
25250, 6
22000, 5
24860, 7
27500, 6
29448, 7
29000, 6
52940, 7
66000, 7
25726, 7
33610, 6
49110, 8
15694, 6
26750, 6
51690, 8
10435, 6
26000, 6
27500, 6
19720, 6
24616, 7
24610, 6
45750, 7
24220, 6
40500, 7
23470, 6
28690, 6
42000, 7
43250, 6
43500, 7
33970, 6
46500, 7
11192, 6
11616, 6
48000, 7
57750, 7
31250, 6
41000, 6
18000, 4
29474, 7
29470, 6
38750, 6
47690, 7
56500, 8
46500, 7
40500, 7
41250, 7
3930, 7
17352, 6
44220, 8
55190, 7
38750, 6
34190, 7
32444, 7
26470, 6
24220, 6
30750, 7
32120, 7
51750, 7
41500, 8
29720, 7
44000, 6
12730, 6
30500, 6
44750, 6
42470, 7
39750, 7
37500, 7
36110, 7
44250, 7
31250, 6
32750, 6
27500, 6
39500, 6
29720, 7
57750, 7
33500, 6
49000, 8
6860, 4
26750, 6
39000, 7
54750, 7
28500, 7
34500, 7
40500, 7
20616, 6
37500, 7
29250, 7
37500, 7
41690, 7
48750, 7
32720, 7
49610, 7
37190, 7
44750, 6
32250, 7
13004, 6
15220, 6
45000, 7
11003, 6
52720, 6
20750, 6
48470, 7
26870, 7
17500, 5
29720, 7
16119, 6
66750, 7
25610, 7
26000, 6
33750, 7
18250, 5
41240, 7
41000, 6
34970, 7
51750, 7
56250, 7
30250, 5
12360, 5
32750, 6
38000, 6
9366, 6
38000, 6
30970, 6
32250, 7
48974, 7
22750, 5
27500, 6
65250, 7
37220, 7
12016, 6
47690, 7
10143, 5
26440, 6
16446, 6
47700, 8
32500, 5
8372, 5
44364, 8
24750, 4
48940, 6
39470, 7
41250, 7
31500, 7
34250, 6
44750, 6
22750, 5
33000, 7
44000, 6
43970, 7
52500, 7
56970, 8
30110, 7
30860, 7
49720, 6
35750, 6
29000, 6
25220, 7
24500, 6
38000, 6
47970, 8
33000, 7
42750, 7
18610, 6
23750, 6
42000, 7
42190, 6
27864, 8
18734, 6
3228, 4
44240, 7
22220, 7
46500, 7
48000, 7
23500, 5
39750, 7
50250, 7
31000, 5
29750, 6
16000, 5
44000, 6
69750, 7
15706, 6
9500, 3
42500, 6
58250, 6
48000, 7
32250, 7
42750, 7
59500, 8
43224, 8
30220, 6
44690, 7
38750, 6
37720, 6
25970, 7
50750, 6
19750, 5
45740, 7
36470, 7
33000, 7
26110, 6
35250, 7
23000, 6
33000, 7
47250, 7
22250, 6
39720, 8
67196, 8
23750, 6
52614, 8
39750, 7
5478, 5
18224, 7
53250, 7
19750, 5
39250, 8
26750, 6
45750, 7
8234, 7
51750, 7
34250, 6
29000, 6
29110, 6
30250, 5
11094, 6
15924, 6
34190, 7
11190, 5
36000, 7
45470, 7
76250, 6
39500, 6
35750, 6
27500, 6
37500, 7
24250, 5
74000, 6
27500, 6
30250, 5
15970, 6
32250, 7
36220, 6
28250, 6
22720, 6
3762, 5
23998, 7
16119, 6
28720, 6
30500, 6
46500, 7
26240, 7
6376, 6
29750, 6
38000, 6
43500, 7
14970, 5
32000, 6
48750, 7
52500, 7
46750, 8
39860, 7
48000, 7
28500, 7
19720, 6
14196, 6
10476, 6
18230, 5
34690, 6
26440, 6
21374, 7
43500, 7
26000, 6
33750, 7
18976, 7
34250, 6
54000, 7
29750, 6
32000, 6
42500, 6
34974, 8
40250, 6
4246, 5
33500, 6
39500, 6
51750, 7
29000, 6
22220, 7
15750, 4
28250, 6
21220, 6
29000, 6
17500, 5
38470, 8
33110, 7
26240, 7
34500, 7
37220, 7
30860, 7
38000, 6
38250, 7
26474, 7
28244, 7
23500, 5
40190, 7
48860, 7
48750, 7
26000, 6
24500, 6
44000, 6
45000, 7
23000, 6
25250, 6
22250, 6
49750, 8
47360, 7
49500, 7
48500, 6
36860, 7
32750, 6
32000, 6
9726, 7
24860, 7
24490, 6
32750, 6
39750, 7
34250, 6
50750, 6
44720, 7
24970, 6
28250, 6
30220, 6
51000, 7
36750, 7
46224, 8
42250, 8
39500, 6
17870, 7
17226, 6
23860, 6
26614, 6
42720, 8
45000, 7
28500, 7
40500, 7
32860, 6
52500, 7
47690, 7
47250, 7
21720, 5
45500, 6
8228, 6
55500, 7
37500, 7
29000, 6
20000, 6
23860, 6
30750, 7
34250, 6
34310, 7
52500, 7
21946, 7
9171, 4
37250, 6
52000, 8
38250, 7
39440, 7
34250, 6
39000, 7
50250, 7
20500, 5
42500, 6
38000, 6
41720, 7
30500, 6
44250, 7
32250, 7
72690, 8
46000, 8
53990, 7
44000, 6
29750, 6
31250, 6
31250, 6
9588, 4
5742, 7
29000, 6
33500, 6
45470, 7
29250, 7
39470, 7
20110, 6
44370, 8
25250, 6
33500, 6
42860, 7
65000, 6
38250, 7
17194, 6
35250, 7
31190, 7
40250, 6
23440, 6
28360, 6
32750, 6
23500, 5
21250, 5
32750, 6
54750, 7
37500, 7
30500, 6
28360, 6
49250, 6
12051, 6
16000, 5
23750, 6
83250, 7
30000, 7
23864, 7
31610, 7
26000, 6
33000, 7
24500, 6
33500, 6
34970, 7
60000, 7
36750, 7
46750, 8
26724, 8
23864, 7
104250, 7
52750, 8
38690, 7
39750, 7
21220, 6
39750, 7
33500, 6
24500, 6
40470, 8
19364, 7
30196, 7
10496, 7
21360, 5
36470, 7
26250, 7
39500, 6
38450, 8
40250, 6
40500, 7
31250, 6
36750, 7
27370, 6
37220, 7
8976, 7
17868, 7
29000, 6
21250, 5
30750, 7
39440, 7
29470, 6
32250, 7
26940, 5
41610, 8
26000, 6
40500, 7
37970, 7
63000, 7
35000, 6
35000, 6
39500, 6
21220, 6
29000, 6
23000, 6
29000, 6
32750, 6
73000, 8
44750, 6
43500, 7
35250, 7
56250, 7
31250, 6
12645, 5
56250, 7
60000, 7
29000, 6
47250, 7
27610, 6
35690, 7
46110, 8
28220, 7
13062, 5
46250, 6
16240, 6
42750, 7
43500, 7
35000, 6
10365, 5
27250, 5
24500, 6
15690, 5
25250, 6
16990, 6
27500, 6
19250, 6
31250, 6
18000, 4
35720, 7
35750, 6
33500, 6
25220, 7
26500, 5
8816, 6
33750, 7
32250, 7
15000, 4
48000, 7
35250, 7
12732, 7
43500, 7
41000, 6
35000, 6
18792, 7
37250, 6
34250, 6
30500, 6
49500, 7
38000, 6
11949, 6
16724, 7
48000, 7
43220, 7
32000, 6
26750, 6
31476, 6
33500, 6
40970, 7
19000, 5
29750, 6
28970, 7
23440, 6
21970, 6
72500, 6
40500, 7
41250, 7
42750, 7
20000, 6
24500, 6
57750, 7
34500, 7
24500, 6
29000, 6
29444, 7
41250, 7
33750, 7
51000, 7
38000, 6
50250, 7
33232, 7
52860, 8
25250, 6
21690, 5
11337, 6
37250, 6
46500, 7
33440, 7
32750, 6
47750, 6
32940, 5
44250, 7
17740, 6
40750, 5
40220, 7
35000, 6
26750, 6
26114, 7
41000, 6
20110, 6
26750, 6
37500, 7
25728, 7
30750, 7
38000, 6
12722, 6
2486, 4
42470, 7
21970, 6
33250, 5
37720, 6
21610, 6
26474, 7
35750, 6
45000, 7
12366, 6
20750, 6
5366, 5
21370, 6
3236, 4
34250, 6
38000, 6
22750, 5
24500, 6
19455, 6
40250, 6
60750, 7
25970, 7
30500, 6
44750, 6
25250, 6
43500, 7
37750, 8
18720, 5
22720, 6
86250, 7
37614, 8
3284, 4
25970, 7
51000, 7
38000, 6
56250, 7
29000, 6
14940, 5
36750, 7
51000, 7
50500, 8
40500, 7
22000, 5
30374, 7
31250, 6
50250, 7
24500, 6
26860, 6
35000, 6
28970, 7
23470, 6
29000, 6
26864, 7
23500, 5
23470, 6
15564, 5
44250, 7
40940, 7
31940, 7
33500, 6
29500, 5
52250, 6
6688, 6
3860, 4
68690, 7
18588, 7
15285, 6
40250, 6
29250, 7
36750, 7
52500, 7
26870, 7
48750, 7
38250, 7
43500, 7
41250, 7
32750, 6
32746, 7
32750, 6
21948, 7
39250, 5
51000, 7
32440, 6
29750, 6
31500, 7
18616, 7
8622, 6
17220, 5
24250, 5
29500, 5
21970, 6
31690, 6
23000, 6
29694, 8
96500, 6
39750, 7
26864, 7
25000, 5
50500, 8
29750, 6
10860, 5
45750, 7
37250, 6
30000, 7
24970, 6
13474, 6
30500, 6
28000, 5
48250, 8
37970, 7
30500, 6
55970, 7
28970, 7
36720, 5
15610, 6
43980, 8
31500, 7
27370, 6
38000, 6
31948, 8
29750, 6
28250, 6
42000, 7
28250, 6
49500, 7
27970, 6
36000, 7
29500, 5
25250, 6
14921, 6
47970, 8
46110, 8
42110, 7
43970, 7
26750, 6
23226, 6
35250, 7
25490, 7
31250, 6
114000, 6
44250, 7
28610, 7
42750, 7
21224, 7
50940, 8
57250, 8
33500, 6
21261, 7
24250, 5
38500, 8
32750, 6
19750, 5
32500, 5
35120, 7
48000, 7
31000, 5
28224, 8
42240, 8
50250, 7
27490, 6
14250, 4
38000, 6
49500, 7
18250, 5
22720, 6
59500, 8
33750, 7
19720, 6
30000, 7
43500, 7
30500, 6
27750, 4
55190, 7
26250, 7
16750, 5
26750, 6
26750, 6
30500, 6
26720, 7
52500, 7
39750, 7
45000, 7
20750, 6
12750, 4
62250, 7
27500, 6
19726, 7
21500, 6
29000, 6
45750, 7
36500, 6
10486, 6
5066, 7
21500, 6
36750, 7
60750, 7
57750, 7
48000, 7
41000, 6
29000, 6
48000, 7
17228, 6
61000, 8
27250, 5
65940, 8
38250, 7
29500, 5
30000, 7
20315, 7
38694, 8
36000, 7
26860, 6
27500, 6
34500, 7
36750, 7
44250, 7
62250, 7
28360, 6
31250, 6
60000, 7
21720, 5
30500, 6
10860, 5
25750, 5
9077, 6
36000, 7
39610, 6
34000, 8
24250, 5
10500, 4
38690, 7
14811, 7
53250, 7
32750, 6
25724, 7
45470, 7
46470, 8
29750, 6
34940, 7
32240, 7
42194, 7
50976, 9
47474, 7
34500, 7
40500, 7
21250, 5
45250, 8
46250, 6
32250, 7
34250, 6
54000, 7
37250, 6
45750, 7
35750, 6
28990, 6
35750, 6
29750, 6
31724, 7
21974, 7
31250, 6
44750, 6
37250, 6
29250, 7
26750, 6
32000, 6
33500, 6
15220, 6
39750, 7
45750, 7
40360, 6
38750, 6
28500, 7
23110, 6
47720, 7
44250, 7
8750, 3
34500, 7
63750, 7
9794, 6
28720, 6
30500, 6
46500, 7
22750, 5
40750, 8
17500, 5
40220, 7
30500, 6
44250, 7
25750, 5
40500, 7
19000, 5
28120, 6
34250, 6
49500, 7
23750, 6
39000, 7
38720, 7
44974, 9
24970, 6
40500, 7
25250, 6
31250, 6
47720, 7
14486, 8
29000, 6
27220, 6
59750, 6
29000, 6
38250, 7
32110, 6
29000, 6
40720, 6
31970, 7
21970, 6
13122, 6
4970, 4
22750, 5
11980, 6
26470, 6
20250, 4
36860, 7
41000, 6
27970, 6
23440, 6
38220, 8
38250, 7
26750, 6
47196, 9
27500, 6
21500, 6
33750, 7
42940, 6
42860, 7
16000, 5
27500, 6
38250, 7
12394, 6
19860, 5
27500, 6
38750, 6
33750, 7
18490, 6
41750, 6
19750, 5
55750, 8
20000, 6
52970, 7
45000, 7
29750, 6
39226, 7
13998, 6
35720, 7
15970, 6
51000, 7
44000, 6
42750, 7
39500, 6
50000, 9
34750, 5
35000, 6
17787, 6
34250, 6
31250, 6
26864, 7
26750, 6
30864, 8
48750, 7
31974, 8
41720, 7
31500, 7
36000, 7
20190, 5
35220, 8
27226, 7
40490, 7
25250, 6
64750, 8
64440, 8
31250, 6
27500, 6
28250, 6
47970, 8
51750, 7
9880, 5
32860, 6
45000, 7
51000, 7
47000, 6
31694, 7
39232, 7
56250, 7
7494, 7
27500, 6
45750, 7
32750, 6
42250, 8
32476, 7
39000, 7
42110, 7
31250, 6
26000, 6
28250, 6
76500, 7
47190, 8
28000, 5
44250, 7
21694, 6
27110, 7
37698, 7
21151, 6
24490, 6
13470, 5
19626, 6
63250, 8
32446, 7
59250, 7
55500, 7
48000, 7
29250, 7
54500, 6
27430, 6
52000, 8
31250, 6
31720, 6
19750, 5
35000, 6
33750, 7
