Evaluations, Played
2397, 5
7399, 6
8720, 6
6880, 5
7159, 6
7128, 6
3188, 5
3177, 6
6880, 5
6400, 5
8560, 5
10560, 7
6400, 5
5920, 5
10160, 6
11120, 6
5048, 5
6640, 5
7760, 6
9920, 6
7520, 6
8480, 6
9440, 6
1542, 5
1957, 5
9440, 6
8000, 6
4268, 5
5680, 5
10160, 6
6800, 6
5064, 5
3598, 5
6880, 5
7040, 6
10560, 7
8720, 6
4080, 4
7760, 6
3638, 5
4808, 5
4480, 5
4104, 5
8000, 6
4878, 6
11600, 6
8480, 6
7468, 7
8320, 5
6640, 5
6160, 5
7760, 6
7384, 6
6400, 5
5680, 5
6640, 5
4975, 7
3437, 6
6640, 5
4277, 6
9600, 7
4584, 5
4960, 5
5678, 6
10400, 6
7840, 5
6480, 4
9200, 6
4800, 4
5200, 5
10400, 6
6400, 5
4277, 6
2878, 5
5040, 4
7600, 5
7600, 5
6640, 5
3478, 5
4560, 4
8320, 5
13440, 7
3600, 4
70, 4
2048, 4
8320, 5
11840, 6
4128, 5
5544, 5
6880, 5
78, 5
8800, 5
3680, 3
3920, 3
7120, 5
6880, 5
6880, 5
11520, 7
6880, 5
5680, 5
6160, 5
7088, 7
4000, 5
6448, 6
3238, 5
7360, 5
4212, 5
8960, 6
3652, 6
623, 4
6400, 5
777, 5
5680, 5
7360, 5
6880, 5
10000, 5
10080, 7
1280, 3
4720, 5
8400, 4
11120, 6
6880, 5
5920, 5
4608, 5
7280, 6
2079, 4
8000, 6
6880, 5
5280, 4
12720, 7
8960, 6
6240, 4
6400, 5
9680, 6
10400, 6
9200, 6
4880, 3
11280, 7
15360, 7
60, 3
8400, 4
13680, 7
6960, 4
12080, 6
11600, 6
8720, 6
6880, 5
3200, 3
9440, 6
2437, 5
4800, 4
4560, 4
10240, 5
70, 4
4080, 4
12480, 7
8800, 5
8800, 5
2048, 4
8960, 6
8560, 5
2960, 3
4800, 4
10400, 6
6640, 5
853, 5
10160, 6
9840, 7
13440, 7
1568, 4
8000, 6
8608, 6
4960, 5
7520, 6
7760, 6
7840, 5
7760, 6
2240, 3
10160, 6
12480, 7
4608, 5
1812, 5
9440, 6
4560, 4
5680, 5
8800, 5
4546, 6
7120, 5
9040, 5
6160, 5
8480, 6
9064, 6
6639, 5
9680, 6
8480, 6
11360, 6
10960, 5
7280, 6
5920, 5
8640, 7
7360, 5
10320, 7
74, 5
12720, 7
6160, 5
9040, 5
9680, 6
5328, 5
6640, 5
66, 3
10880, 6
7360, 5
698, 5
6960, 4
3920, 3
7600, 5
6880, 5
6160, 5
9920, 6
7839, 5
5200, 5
11064, 8
11040, 7
8240, 6
10160, 6
7360, 5
8720, 6
5499, 5
7120, 5
2048, 4
7408, 6
8480, 6
1518, 4
5652, 5
688, 3
1302, 5
5760, 4
6160, 5
5088, 5
456, 4
5920, 5
10880, 6
10320, 7
7360, 5
3600, 4
6240, 4
7864, 6
6208, 6
6880, 5
6528, 5
6288, 5
3600, 4
5328, 5
9920, 6
1806, 5
8800, 5
2797, 5
4328, 5
2756, 6
6160, 5
3118, 5
8000, 6
5680, 5
8720, 6
6240, 4
6400, 5
5280, 4
8960, 6
8320, 5
10640, 6
2611, 6
6560, 6
3317, 6
4160, 3
6640, 5
8320, 5
4184, 4
2371, 6
4608, 5
4608, 5
8320, 5
3968, 4
7360, 5
11520, 7
9680, 6
2127, 5
4128, 5
4852, 6
3171, 5
6184, 6
6880, 5
6640, 5
6769, 6
5280, 4
2640, 4
5920, 5
7120, 5
8960, 6
6400, 5
7840, 5
6880, 5
6024, 5
5680, 5
8240, 6
10880, 6
456, 4
5568, 5
5200, 5
8720, 6
4128, 5
3796, 6
5728, 6
2422, 5
5200, 5
9680, 6
7040, 6
7360, 5
2640, 4
7040, 6
7360, 5
4088, 5
10800, 7
9200, 6
7144, 6
6424, 6
6640, 5
6400, 5
3600, 4
4198, 5
6640, 5
2292, 5
6240, 4
4608, 5
7840, 5
7648, 6
5168, 4
5680, 5
7200, 4
7840, 5
7968, 5
5680, 5
2518, 5
7840, 5
8240, 6
11360, 6
8128, 6
6400, 5
3840, 4
10480, 5
4000, 5
6640, 5
7568, 7
4560, 4
8720, 6
2247, 5
7600, 5
5920, 5
3868, 6
8368, 6
8960, 6
2718, 4
4720, 5
2996, 6
11040, 7
5440, 5
2238, 4
7040, 6
5680, 5
6880, 5
9440, 6
456, 4
4608, 5
8800, 5
12000, 7
8320, 5
8080, 5
6880, 5
4368, 5
3600, 4
448, 3
1760, 3
5440, 5
5328, 5
8800, 5
4357, 5
8000, 6
11120, 6
7360, 5
5920, 5
5440, 5
4667, 6
3384, 5
8000, 6
9200, 6
11360, 6
13360, 8
452, 4
8080, 5
424, 3
6640, 5
5680, 5
8960, 6
6400, 5
6960, 4
5920, 5
8000, 6
4720, 5
4037, 6
5200, 5
11120, 6
698, 5
6880, 5
6208, 6
4608, 5
6400, 5
13040, 6
7360, 5
9440, 6
6208, 6
7120, 5
2272, 5
5088, 5
6640, 5
3600, 4
5688, 6
7120, 5
2934, 6
7600, 5
7840, 5
7040, 6
5600, 6
10640, 6
4800, 4
9440, 6
5200, 5
7360, 5
4320, 4
7280, 6
5409, 5
4104, 5
1972, 5
5739, 5
4368, 5
4159, 5
6768, 5
6800, 6
6880, 5
7600, 5
5760, 4
6800, 6
3902, 6
8264, 7
7360, 5
8960, 6
6160, 5
4899, 5
2480, 3
3968, 5
2528, 4
10400, 6
7120, 5
5648, 4
8000, 6
10640, 6
2677, 5
7840, 5
8344, 6
9440, 6
8960, 6
4128, 5
9279, 7
8800, 5
7840, 5
6400, 5
8960, 6
2317, 5
7408, 6
4080, 4
8720, 6
10640, 6
7120, 5
5248, 6
6400, 5
10880, 6
7760, 6
6880, 5
1574, 5
4720, 5
7840, 5
2013, 6
8960, 6
5520, 4
464, 5
4800, 4
9520, 5
5440, 5
8104, 6
7648, 6
6640, 5
7120, 5
4080, 4
4320, 4
1520, 3
6320, 6
3277, 5
743, 4
13840, 8
6880, 5
9680, 6
9920, 6
3840, 4
10640, 6
8080, 5
6160, 5
6640, 5
4560, 4
9200, 6
8720, 6
8240, 6
8320, 5
4397, 6
5680, 5
7360, 5
10400, 6
9440, 6
3118, 5
7384, 6
7120, 5
10000, 5
5760, 4
10400, 6
78, 5
4208, 4
4688, 4
4800, 4
13440, 7
5280, 4
10160, 6
70, 4
9200, 6
4400, 3
7840, 5
8560, 5
9440, 6
5440, 5
9200, 6
10720, 5
7920, 4
5920, 5
11040, 7
5920, 5
4080, 4
7360, 5
7120, 5
688, 3
6880, 5
4480, 5
1662, 5
1088, 4
9440, 6
8080, 5
8720, 6
10240, 5
2960, 3
456, 4
2487, 5
8299, 6
5440, 5
4720, 5
7840, 5
6880, 5
4212, 5
9728, 7
9520, 5
6880, 5
10160, 6
6978, 6
9200, 6
6640, 5
9440, 6
8560, 5
8720, 6
5200, 5
6560, 6
4397, 6
2078, 4
2197, 5
13200, 7
2358, 4
1998, 4
2879, 4
3358, 5
11360, 6
7198, 6
8480, 6
10640, 6
1542, 5
3520, 5
10640, 6
6880, 5
7280, 6
7360, 5
5200, 5
5469, 5
8720, 6
4052, 6
6560, 6
9680, 6
4560, 4
3757, 6
3917, 6
6880, 5
4720, 5
8818, 7
3697, 5
3840, 4
3478, 5
6160, 5
7040, 6
7840, 5
9280, 5
6729, 5
8480, 6
9600, 7
2197, 5
6868, 7
4960, 5
6880, 5
12720, 7
5680, 5
9680, 6
3864, 5
10640, 6
9440, 6
10000, 5
10640, 6
6160, 5
8480, 6
8799, 6
7387, 7
8560, 5
6960, 4
8080, 5
64, 3
5680, 5
7360, 5
9680, 6
8080, 5
5360, 3
6160, 5
3838, 5
6240, 4
7360, 5
8800, 5
5040, 4
10400, 6
7200, 4
4037, 6
6880, 5
10160, 6
1304, 4
1638, 4
8480, 6
8800, 5
60, 3
8080, 5
8800, 5
5520, 4
6768, 5
6160, 5
5280, 4
6288, 5
6000, 4
5064, 5
4824, 5
3488, 4
13120, 8
8960, 6
5328, 5
5280, 4
6000, 4
10160, 6
7040, 6
8560, 5
6640, 5
12320, 6
6400, 5
5920, 5
5040, 4
7760, 6
11600, 6
9520, 5
8080, 5
1328, 4
5680, 5
6880, 5
6960, 4
5280, 4
7600, 5
5760, 4
7488, 5
10080, 4
4448, 5
5544, 5
5040, 4
7360, 5
66, 3
10320, 7
4800, 4
6720, 4
7488, 5
5280, 4
7600, 5
6909, 5
8800, 5
9440, 6
4344, 5
4800, 4
9920, 6
7280, 6
70, 4
6160, 5
7360, 5
3840, 4
452, 4
4208, 4
6640, 5
5648, 4
11600, 6
8399, 6
7120, 5
7120, 5
9600, 7
2758, 5
6024, 5
6880, 5
12720, 7
2756, 6
5280, 4
2638, 5
9840, 7
5027, 6
5728, 6
5088, 5
9920, 6
5920, 5
12560, 6
7600, 5
9440, 6
1518, 4
7280, 6
9167, 7
9680, 6
7040, 6
4608, 5
5440, 5
2199, 4
458, 4
4560, 4
8960, 6
700, 5
7520, 6
6000, 4
10080, 7
6928, 6
6800, 6
1568, 4
4960, 5
5040, 4
4080, 4
4452, 5
9520, 5
1662, 5
7760, 6
6400, 5
3888, 5
6240, 4
10880, 6
5200, 5
743, 4
2598, 4
9520, 5
8800, 5
4320, 4
6880, 5
8000, 6
9920, 6
9280, 5
4824, 5
8560, 5
7840, 5
4080, 4
6960, 4
7840, 5
8240, 6
8720, 6
3238, 5
9200, 6
458, 4
2013, 6
9840, 7
6839, 5
7840, 5
8960, 6
3538, 5
7280, 6
6640, 5
4104, 5
6400, 5
7120, 5
1686, 5
4720, 5
4749, 5
7120, 5
7840, 5
5092, 6
8800, 5
5200, 5
6880, 5
2199, 4
5280, 4
5488, 6
6400, 5
5200, 5
8480, 6
5920, 5
1446, 5
5248, 6
1304, 4
4640, 3
1088, 4
4320, 4
8960, 6
9200, 6
7120, 5
6640, 5
5920, 5
6640, 5
3598, 5
6160, 5
9280, 5
6948, 6
11360, 6
8720, 6
5944, 6
8668, 7
9064, 6
7144, 6
6240, 4
3600, 4
5280, 4
7360, 5
400, 2
8160, 7
6800, 6
8000, 6
12000, 7
4560, 4
2288, 4
6640, 5
8240, 6
6880, 5
10560, 7
5200, 5
6400, 5
9200, 6
6400, 5
2048, 4
10400, 6
5224, 6
9040, 5
7360, 5
2917, 5
5359, 5
2153, 5
7120, 5
11120, 6
6917, 6
7818, 6
3600, 4
5200, 5
4800, 4
5088, 5
6640, 5
460, 4
5760, 4
7360, 5
5680, 5
11920, 5
7280, 6
5088, 5
8000, 6
400, 2
9680, 6
1568, 4
6560, 6
8560, 5
4480, 5
12720, 7
6240, 4
6880, 5
8080, 5
5440, 5
1566, 5
3917, 6
7360, 5
8960, 6
9200, 6
4996, 6
6880, 5
6519, 5
5040, 4
5520, 4
9200, 6
3116, 6
688, 3
7967, 7
9200, 6
4720, 5
4852, 6
6528, 5
8344, 6
6640, 5
12560, 6
7120, 5
4960, 5
9840, 7
1092, 5
3728, 5
4560, 4
7840, 5
8320, 5
4960, 5
1332, 5
7280, 6
4560, 4
8080, 5
6400, 5
6400, 5
2079, 4
3408, 5
7624, 6
3760, 5
5568, 5
9440, 6
3339, 5
5944, 6
6160, 5
7600, 5
6984, 5
5889, 5
5760, 4
9280, 5
6320, 6
4608, 5
10479, 7
3360, 4
1568, 4
7600, 5
6880, 5
3097, 5
8080, 5
6880, 5
9760, 5
4608, 5
8400, 4
458, 4
2453, 5
6213, 6
6948, 6
8960, 6
11760, 7
4667, 6
6720, 4
3397, 5
8800, 5
10400, 6
2557, 5
7520, 6
9520, 5
6048, 5
6177, 6
7648, 6
4560, 4
8960, 6
5200, 5
8960, 6
3864, 5
5407, 6
7120, 5
11600, 6
3360, 4
1566, 5
9440, 6
6688, 6
1446, 5
8078, 7
1812, 5
7600, 5
7784, 7
9440, 6
9440, 6
10480, 5
8768, 7
7120, 5
3247, 5
9200, 6
6189, 5
1520, 3
7360, 5
6880, 5
3360, 4
9440, 6
7520, 6
12000, 7
10160, 6
6400, 5
3657, 6
8240, 6
8720, 6
5680, 5
4080, 4
8080, 5
3646, 6
8199, 6
4800, 4
2998, 5
6400, 5
5440, 5
6880, 5
7120, 5
6184, 6
15120, 7
5760, 4
2960, 3
64, 3
10400, 6
10928, 7
6960, 4
5520, 4
10000, 5
7200, 4
7360, 5
9040, 5
9200, 6
6400, 5
3278, 5
10800, 7
10080, 7
70, 4
13920, 7
12320, 6
4688, 4
698, 5
7360, 5
7600, 5
8960, 6
7440, 4
8720, 6
688, 3
8480, 6
11600, 6
12480, 7
6400, 5
10080, 7
9200, 6
8960, 6
9680, 6
1328, 4
10880, 6
1326, 5
5008, 6
7600, 5
6880, 5
8480, 6
6288, 5
2692, 6
7840, 5
743, 4
8880, 7
9920, 6
8080, 5
4104, 5
9040, 5
3360, 4
5328, 5
11040, 7
8960, 6
8080, 5
7600, 5
7120, 5
48, 2
6400, 5
696, 4
9760, 5
11040, 7
7360, 5
1957, 5
7360, 5
10560, 7
7520, 6
10400, 6
5920, 5
5013, 6
5040, 4
9680, 6
7760, 6
15040, 8
9200, 6
10400, 6
11120, 6
7120, 5
78, 5
8720, 6
8480, 6
5040, 4
6240, 4
8480, 6
2768, 4
7840, 5
9520, 5
7360, 5
6880, 5
3440, 3
4320, 4
9920, 6
7840, 5
7040, 6
5520, 4
5440, 5
11040, 7
8080, 5
6880, 5
2758, 5
2477, 5
5119, 5
6400, 5
9440, 6
9680, 6
8480, 6
6640, 5
4519, 5
8720, 6
7280, 6
2288, 4
9680, 6
10400, 6
5568, 5
7760, 6
2288, 4
448, 3
9200, 6
12240, 7
6240, 4
6880, 5
5920, 5
5920, 5
1638, 4
2317, 5
9840, 7
19600, 8
5158, 5
11760, 7
11520, 7
8080, 5
5680, 5
6720, 4
10640, 6
4868, 5
6640, 5
3078, 4
1959, 4
2647, 5
3097, 5
3037, 5
4898, 5
14400, 7
10640, 6
7520, 6
4320, 4
8320, 5
7120, 5
9120, 7
6400, 5
6880, 5
10640, 6
8480, 6
5680, 5
6779, 5
1544, 4
12320, 6
3624, 5
2478, 4
3760, 5
5227, 6
11280, 7
2098, 4
6640, 5
8878, 6
8480, 6
8000, 6
5119, 5
2917, 5
3600, 4
8080, 5
5280, 4
1335, 5
10800, 7
9200, 6
10160, 6
2079, 4
7419, 5
1308, 5
5680, 5
7280, 6
1439, 3
4560, 4
70, 4
11520, 7
10160, 6
5808, 5
5808, 5
5328, 5
5328, 5
60, 3
4320, 4
11040, 7
7840, 5
5088, 5
4800, 4
5520, 4
7840, 5
7840, 5
6880, 5
9920, 6
2077, 5
10160, 6
2077, 5
5440, 5
8720, 6
10880, 6
8960, 6
2729, 4
2317, 5
8400, 7
7520, 6
8560, 5
8720, 6
6400, 5
10160, 6
10800, 7
6640, 5
7360, 5
6800, 6
4688, 4
8000, 6
688, 3
4208, 4
9840, 7
6800, 6
7888, 6
9920, 6
11600, 6
6640, 5
11760, 7
7840, 5
5760, 4
11840, 6
7760, 6
12480, 7
7840, 5
6928, 6
5760, 4
8720, 6
5200, 5
3840, 4
9600, 7
4848, 5
5840, 6
8299, 6
9920, 6
11840, 6
1662, 5
9920, 6
7120, 5
4368, 5
462, 5
7412, 7
9120, 4
7120, 5
4320, 4
5920, 5
9040, 5
10000, 5
5680, 5
4096, 6
4720, 5
7360, 5
2238, 4
3600, 4
6379, 6
7120, 5
8320, 5
5440, 5
8000, 6
9200, 6
8480, 6
9120, 7
10880, 6
5200, 5
4480, 5
2011, 6
9920, 6
6424, 6
3657, 6
8640, 7
4028, 5
10800, 7
8000, 6
9739, 6
6640, 5
6400, 5
8744, 7
5008, 6
4720, 5
7120, 5
6400, 5
4048, 6
9680, 6
9680, 6
3864, 5
3168, 5
5440, 5
1520, 3
3360, 4
5920, 5
7600, 5
8000, 6
8560, 5
6640, 5
679, 5
6160, 5
9920, 6
5387, 6
13040, 6
9040, 5
7679, 6
5280, 4
6320, 6
8480, 6
9680, 6
1328, 4
4320, 4
10400, 6
2437, 5
4960, 5
11360, 6
11600, 6
4080, 4
6880, 5
5040, 4
4960, 5
4246, 6
7120, 5
6880, 5
3796, 6
6880, 5
10560, 7
7120, 5
6880, 5
6880, 5
5440, 5
1088, 4
1426, 6
7520, 6
5479, 5
8208, 5
5280, 4
8320, 5
6640, 5
5200, 5
8720, 6
6560, 6
3120, 4
4560, 4
7280, 6
4029, 7
7840, 5
7040, 6
2598, 4
9920, 6
9680, 6
2292, 5
1088, 4
7360, 5
4320, 4
1334, 5
5784, 5
7360, 5
4560, 4
6240, 4
10160, 6
5280, 4
6400, 5
3600, 4
7760, 6
9440, 6
9459, 6
8480, 6
6000, 4
9200, 6
2048, 4
3600, 4
2011, 6
6880, 5
6160, 5
14400, 7
3600, 4
14320, 8
7360, 5
6160, 5
8480, 6
9440, 6
6048, 5
7120, 5
8960, 6
6957, 7
6160, 5
5520, 4
4960, 5
2437, 5
7120, 5
8720, 6
6000, 4
9920, 6
8344, 6
8240, 6
8320, 5
5440, 5
4800, 4
8608, 6
8400, 4
9920, 6
4128, 5
3360, 4
10880, 6
4560, 4
6400, 5
8000, 6
5968, 6
9440, 6
5088, 5
8608, 6
9200, 6
7360, 5
3168, 5
9920, 6
8240, 6
4246, 6
5559, 5
8000, 6
4080, 4
7360, 5
5280, 4
8800, 5
11120, 6
8480, 6
4480, 5
6320, 6
7168, 6
7760, 6
7520, 6
6400, 5
7120, 5
6880, 5
11680, 8
7239, 7
5968, 6
13520, 6
1902, 5
9520, 5
9440, 6
9920, 6
4560, 4
9920, 6
9680, 6
6400, 5
11360, 6
3358, 5
8000, 6
1998, 4
3360, 4
6880, 5
8560, 5
8240, 6
2494, 6
7360, 5
3728, 4
2197, 5
7760, 6
3360, 4
2007, 5
5200, 5
7520, 6
7840, 5
10560, 7
10960, 5
7360, 5
7360, 5
7040, 6
1088, 4
2797, 5
6688, 6
8480, 6
3728, 5
8800, 5
4560, 4
8960, 6
6880, 5
6320, 6
1568, 4
11120, 6
7120, 5
8800, 5
5040, 4
4320, 4
6400, 5
8480, 6
8720, 6
6400, 5
8720, 6
7360, 5
3600, 4
9440, 6
9979, 6
5177, 6
8320, 5
8240, 6
6640, 5
7360, 5
7360, 5
2317, 5
9200, 6
2077, 5
11200, 5
15120, 7
60, 3
9440, 6
12080, 6
6480, 4
5120, 3
9280, 5
12800, 6
78, 5
10800, 7
10640, 6
8240, 6
8960, 6
9808, 6
7360, 5
4859, 5
7360, 5
13600, 8
4396, 6
8560, 5
10560, 7
7120, 5
7120, 5
7280, 6
6048, 5
7600, 5
8480, 6
2579, 4
1760, 3
10400, 6
8080, 5
9200, 6
4208, 4
9440, 6
7360, 5
5332, 6
5680, 5
6439, 5
4608, 5
8960, 6
9680, 6
7120, 5
7840, 5
5280, 4
5088, 5
8240, 6
5680, 5
5920, 5
3200, 3
15760, 8
9200, 6
3840, 4
5920, 5
8960, 6
9680, 6
13200, 7
6024, 5
64, 3
8320, 5
6528, 5
5920, 5
10000, 5
5280, 4
7440, 4
3277, 5
5520, 4
7600, 5
5920, 5
7360, 5
4824, 5
12480, 7
60, 3
9200, 6
5280, 4
7120, 5
5088, 5
6640, 5
5808, 5
4560, 4
3680, 3
8720, 6
10160, 6
9680, 6
7384, 6
2917, 5
3360, 4
6264, 5
3440, 3
2077, 5
696, 4
9440, 6
9440, 6
6160, 5
10400, 6
8960, 6
12720, 7
5680, 5
7200, 4
2677, 5
5808, 5
10640, 6
6880, 5
3840, 4
12720, 7
8560, 5
8640, 4
3356, 6
8128, 6
7120, 5
2248, 4
8960, 6
10800, 7
8480, 6
7840, 5
6560, 6
6000, 4
7600, 5
7040, 6
2317, 5
10480, 5
72, 5
6480, 4
12160, 5
8160, 4
11040, 7
8800, 5
9360, 4
48, 2
14000, 6
17920, 8
10880, 6
10720, 5
13920, 7
13440, 7
9520, 5
18640, 8
11120, 6
10797, 7
9520, 5
6480, 4
3303, 5
6160, 5
6504, 5
16480, 8
10640, 6
9920, 6
7520, 6
7120, 5
8080, 5
8560, 5
2263, 4
16800, 7
5168, 4
3389, 4
5086, 6
11040, 7
2720, 3
8720, 6
4800, 4
19760, 9
11120, 6
12960, 7
5520, 4
7360, 5
5086, 6
10640, 6
5086, 6
8800, 5
10160, 6
11120, 6
2960, 3
5760, 4
7600, 5
8320, 5
5280, 4
10000, 5
4448, 4
5436, 7
5920, 5
9440, 6
5686, 6
5920, 5
7120, 5
6851, 6
10400, 6
7600, 5
5680, 5
1959, 4
8080, 5
5040, 4
1837, 5
11600, 6
6480, 4
14880, 7
10640, 6
10160, 6
7120, 5
11760, 7
2917, 5
9280, 5
6880, 5
6000, 4
2437, 5
8960, 6
2197, 5
8320, 5
9520, 5
8320, 5
8800, 5
1398, 4
1838, 4
2398, 4
10400, 6
8960, 6
5288, 5
12000, 7
3847, 5
1782, 5
3298, 5
3289, 6
7120, 5
4320, 4
1784, 4
10400, 6
6160, 5
9680, 6
2110, 6
9280, 5
9237, 7
3542, 6
7120, 5
2917, 5
7840, 5
6744, 5
2079, 4
3840, 4
6160, 5
2677, 5
3864, 5
4080, 4
5920, 5
10640, 6
1907, 5
8080, 5
5440, 5
1280, 3
4696, 6
5784, 5
4800, 4
3200, 3
3624, 5
12720, 7
1568, 4
9008, 7
3600, 4
5840, 3
13440, 7
5760, 4
6400, 5
4777, 5
12000, 7
8320, 5
9280, 5
5168, 4
8960, 6
2947, 5
11600, 6
9200, 6
3440, 3
9200, 6
4400, 3
9120, 7
400, 2
5304, 5
3097, 5
7840, 5
7360, 5
4560, 4
1520, 3
9440, 6
10160, 6
3547, 5
1758, 4
3358, 5
7120, 5
3840, 4
8960, 6
6928, 6
8960, 6
2007, 5
4517, 6
8308, 7
6400, 5
6880, 5
5680, 5
8320, 5
8720, 6
8080, 5
6400, 5
7120, 5
5200, 5
5680, 5
3008, 4
5520, 4
6080, 6
7360, 5
3840, 4
8480, 6
8960, 6
6880, 5
2400, 4
10880, 6
11520, 7
7360, 5
6024, 5
11120, 6
3247, 5
5328, 5
11280, 7
15600, 7
8320, 5
6240, 4
6504, 5
9280, 5
7360, 5
2240, 3
7840, 5
5760, 4
6000, 4
10160, 6
4720, 5
11600, 6
6640, 5
3600, 4
5040, 4
10160, 6
6640, 5
5040, 4
3396, 6
8720, 6
1878, 4
7840, 5
1544, 4
5280, 4
4320, 4
4848, 5
6880, 5
5040, 4
9200, 6
5840, 3
7600, 5
8480, 6
5920, 5
10160, 6
6021, 6
6160, 5
7600, 5
5027, 6
7040, 6
9520, 5
7840, 5
1001, 5
7360, 5
5040, 4
3946, 6
6880, 5
6848, 7
4320, 4
7520, 6
12240, 7
6160, 5
4800, 4
7600, 5
3248, 4
5027, 6
6240, 4
7840, 5
6048, 5
8000, 6
7888, 6
7600, 5
8080, 5
5760, 4
20320, 8
10560, 7
5168, 4
7149, 5
5760, 4
4837, 5
9680, 6
5760, 4
6000, 4
3200, 3
9040, 5
11360, 6
4560, 4
6000, 4
9200, 6
8000, 6
3944, 4
5680, 5
10880, 6
4486, 6
6664, 6
5920, 5
1320, 5
8800, 5
4080, 4
9040, 5
10880, 6
10400, 6
8560, 5
5568, 5
7360, 5
4320, 4
3120, 4
7648, 6
4368, 5
5280, 4
5488, 6
4320, 4
7600, 5
3600, 4
3236, 6
9920, 6
9680, 6
3998, 5
4584, 5
8499, 5
5680, 5
8000, 6
7360, 5
8720, 6
4640, 3
6400, 5
3120, 4
6688, 6
9440, 6
7120, 5
8080, 5
7760, 6
7760, 6
3797, 6
4960, 5
6880, 5
6880, 5
10880, 6
4400, 3
10160, 6
3840, 4
7120, 5
7360, 5
9200, 6
1760, 3
8800, 5
10720, 5
4800, 4
9200, 6
5920, 5
1328, 4
4448, 4
1812, 5
3600, 4
7280, 6
5760, 4
5040, 4
2238, 4
5280, 4
7384, 6
7064, 7
3097, 5
6800, 6
7760, 6
10480, 5
9920, 6
9200, 6
7408, 6
6160, 5
4817, 6
7600, 5
1518, 4
14160, 7
5520, 4
458, 5
1784, 4
3888, 5
6279, 5
7600, 5
5488, 6
6160, 5
8320, 5
8000, 6
8608, 6
3520, 5
8480, 6
14320, 8
6880, 5
6160, 5
5258, 5
7600, 5
9920, 6
6904, 6
4178, 5
6767, 6
7520, 6
1782, 5
7520, 6
2358, 4
3360, 4
6640, 5
5680, 5
7360, 5
8344, 6
6000, 4
8320, 5
2876, 6
8720, 6
9440, 6
5408, 4
3864, 5
4368, 5
7120, 5
7840, 5
9440, 6
6640, 5
7760, 6
5360, 6
11040, 7
7120, 5
4208, 4
8720, 6
6640, 5
1568, 4
6640, 5
6400, 5
7120, 5
7280, 6
12480, 7
7520, 6
2006, 5
9440, 6
8720, 6
7600, 5
5680, 5
7520, 6
9440, 6
4320, 4
6880, 5
7360, 5
4560, 4
460, 4
3600, 4
448, 3
1760, 3
10800, 7
9600, 7
3888, 5
5440, 5
7600, 5
1520, 3
8000, 6
1094, 5
1398, 4
5760, 4
9280, 5
4608, 5
7040, 6
9704, 7
9920, 6
5920, 5
10400, 6
1068, 5
8768, 7
6400, 5
7520, 6
3598, 5
2647, 5
4960, 5
10160, 6
8800, 5
1304, 4
7360, 5
3920, 3
6640, 5
1544, 4
2197, 5
640, 2
8960, 6
2880, 4
5280, 4
5680, 5
5440, 5
6640, 5
13680, 7
8480, 6
7600, 5
1328, 4
6167, 7
9440, 6
4824, 5
9520, 5
5920, 5
747, 5
2366, 5
8480, 6
5200, 5
6880, 5
10400, 6
9520, 5
7408, 6
4320, 4
4480, 5
9200, 6
5840, 6
8240, 6
5808, 5
7120, 5
7168, 6
1760, 3
8480, 6
3840, 4
6400, 5
7120, 5
8000, 6
7520, 6
7367, 7
5808, 5
6400, 5
9680, 6
6400, 5
9064, 6
8080, 5
8560, 5
8800, 5
7360, 5
11120, 6
8720, 6
7840, 5
2248, 4
11600, 6
3200, 3
3277, 5
7440, 4
9440, 6
1520, 3
4848, 5
7360, 5
10800, 7
4584, 5
2606, 5
7360, 5
4727, 6
8320, 5
3968, 5
8480, 6
10400, 6
10560, 7
7120, 5
7120, 5
3677, 6
1520, 3
8080, 5
5889, 5
8298, 6
6640, 5
5920, 5
7600, 5
7969, 6
5040, 4
5544, 5
4052, 6
6459, 5
6079, 5
8344, 6
3648, 5
2497, 5
8080, 5
7840, 5
6640, 5
3888, 5
4368, 5
4984, 6
6960, 4
1520, 3
5920, 5
7600, 5
6880, 5
2677, 5
2727, 5
3628, 6
5120, 6
9440, 6
7360, 5
8560, 5
7840, 5
6184, 6
8320, 5
3920, 3
7304, 7
6320, 6
1088, 4
5680, 5
8720, 6
10880, 6
7600, 5
7280, 6
10160, 6
1280, 3
8720, 6
6160, 5
5488, 6
6640, 5
4560, 4
9840, 7
6664, 6
6640, 5
2928, 5
8560, 5
3892, 6
8960, 6
3097, 5
1837, 5
7338, 6
6558, 6
8960, 6
6664, 6
7840, 5
8480, 6
6904, 6
6400, 5
6891, 6
5709, 5
5920, 5
6160, 5
8080, 5
8480, 6
12320, 6
10400, 6
4104, 5
4480, 5
6400, 5
5520, 4
4960, 5
3600, 4
5568, 5
9440, 6
7840, 5
10400, 6
4960, 5
10400, 6
4128, 5
6528, 5
8000, 6
6880, 5
12240, 7
3053, 5
6688, 6
3408, 5
9200, 6
3037, 5
10880, 6
8480, 6
6640, 5
7280, 6
5200, 5
5680, 5
7360, 5
5680, 5
1215, 5
5784, 5
2557, 5
3778, 5
5520, 4
9440, 6
8720, 6
7600, 5
6320, 6
5680, 5
9920, 6
2685, 6
432, 4
4720, 5
1308, 5
12560, 6
4080, 4
9040, 5
5169, 5
8240, 6
6904, 6
4824, 5
6640, 5
2947, 5
3546, 6
2797, 5
2831, 6
2277, 4
2476, 5
2116, 5
3436, 5
7040, 6
9200, 6
8240, 6
8240, 6
1797, 4
1797, 4
1437, 4
3556, 5
8960, 6
7520, 6
9098, 7
6880, 5
1805, 5
3196, 5
2356, 5
2476, 5
9440, 6
6880, 5
9680, 6
4720, 5
1437, 4
548, 5
1581, 5
1317, 4
6320, 6
3600, 4
2896, 5
4240, 5
6400, 5
7520, 6
6448, 6
1096, 5
3920, 3
8344, 6
3200, 3
7520, 6
8720, 6
8480, 6
7600, 5
8368, 6
8000, 6
855, 5
6640, 5
7807, 6
8560, 5
6184, 6
5840, 6
5808, 5
3412, 6
10160, 6
7120, 5
6880, 5
7520, 6
2664, 5
7120, 5
4400, 3
9200, 6
7760, 6
8480, 6
9440, 6
2045, 5
1996, 5
2116, 5
1197, 4
3600, 4
7280, 6
5920, 5
4960, 5
2277, 4
1797, 4
1341, 5
1317, 4
5920, 5
6400, 5
6640, 5
5728, 6
548, 5
1317, 4
1142, 4
694, 5
4480, 5
1814, 5
5040, 4
6640, 5
1876, 5
1996, 5
1406, 4
1996, 5
8240, 6
464, 5
8640, 7
6288, 5
6800, 6
4080, 4
4824, 5
4560, 4
5686, 6
10160, 6
8560, 5
4480, 5
3518, 5
5088, 5
6400, 5
4128, 5
5520, 4
6160, 5
8320, 5
1398, 4
7624, 6
7520, 6
3624, 5
8080, 5
5760, 4
1518, 4
5680, 5
10080, 7
3121, 6
7840, 5
8080, 5
4560, 4
7280, 6
5920, 5
9840, 7
5440, 5
3036, 5
2596, 5
1756, 5
1876, 5
3248, 4
8240, 6
5680, 5
4208, 4
1461, 5
1876, 5
233, 4
1118, 3
6640, 5
6880, 5
7360, 5
2426, 6
1134, 5
2116, 5
1437, 4
1341, 5
4800, 4
6128, 7
5728, 6
1040, 3
223, 3
1478, 3
662, 4
1341, 5
6640, 5
400, 2
9440, 6
3919, 5
2880, 4
7168, 6
460, 4
8320, 5
8560, 5
4240, 5
5520, 4
8848, 6
6480, 4
5280, 4
2480, 3
3878, 5
6160, 5
9200, 6
10880, 6
8240, 6
9040, 5
8720, 6
6160, 5
10080, 7
1808, 4
2928, 5
7959, 7
6400, 5
7520, 6
1814, 5
5360, 6
6400, 5
10800, 7
3788, 5
5200, 5
5027, 6
2356, 5
3196, 5
223, 3
1876, 5
7120, 5
7520, 6
9360, 7
9680, 6
223, 3
548, 5
572, 5
2596, 5
6208, 6
460, 4
8080, 5
3648, 5
2116, 5
1605, 5
1636, 5
2476, 5
5680, 5
7600, 5
6080, 6
8320, 5
534, 5
1317, 4
1581, 5
2116, 5
4246, 6
2557, 5
8960, 6
5920, 5
10160, 6
2677, 5
4104, 5
10800, 7
9440, 6
6693, 6
5280, 4
8480, 6
7840, 5
6400, 5
8720, 6
14400, 7
9040, 5
6240, 4
9440, 6
6880, 5
448, 3
4828, 6
4879, 5
1332, 5
5784, 5
6400, 5
5680, 5
6640, 5
458, 4
9920, 6
6640, 5
6448, 6
4584, 5
6400, 5
5248, 6
6320, 6
8560, 5
7338, 6
5328, 5
1328, 4
4337, 6
5680, 5
6880, 5
8640, 7
6640, 5
9440, 6
6640, 5
4024, 6
3680, 3
9440, 6
2688, 5
5568, 5
5200, 5
6400, 5
10880, 6
8080, 5
6264, 5
9520, 5
6688, 6
4608, 5
8000, 6
9440, 6
7600, 5
10560, 7
7144, 6
4080, 4
9440, 6
4848, 5
6640, 5
8480, 6
5280, 4
5488, 6
8480, 6
8080, 5
5304, 5
3557, 6
3840, 4
4658, 5
9200, 6
4348, 6
5040, 4
6560, 6
6400, 5
2048, 4
9200, 6
9200, 6
464, 5
464, 5
6240, 4
10880, 6
688, 3
3600, 4
456, 4
7144, 6
4560, 4
5968, 6
8960, 6
12000, 7
2240, 3
3888, 5
7360, 5
3624, 5
470, 6
6640, 5
11520, 7
4178, 5
3077, 6
5440, 5
13280, 6
3596, 6
7760, 6
6400, 5
5280, 4
10320, 7
9680, 6
5680, 5
7120, 5
8480, 6
3038, 5
4960, 5
6640, 5
10080, 7
4320, 4
5488, 6
9328, 6
3840, 4
2640, 4
5200, 5
2917, 5
2048, 4
10640, 6
688, 3
6720, 4
9760, 5
4128, 5
6160, 5
14720, 6
6636, 7
7520, 6
9280, 5
10560, 7
10800, 7
7120, 5
3120, 4
4277, 6
10160, 6
5280, 4
6400, 5
5628, 6
7360, 5
1520, 3
5064, 5
11440, 5
5808, 5
8960, 6
2876, 6
5360, 3
8240, 6
6560, 6
6640, 5
3759, 4
8720, 6
6880, 5
7360, 5
5680, 5
9200, 6
4560, 4
9040, 5
7120, 5
7600, 5
4320, 4
4037, 6
5680, 5
4418, 5
5520, 4
3864, 5
6478, 7
6400, 5
5920, 5
1332, 5
5440, 5
8240, 6
5544, 5
2928, 5
2480, 3
7840, 5
7120, 5
8240, 6
9680, 6
11520, 7
6640, 5
8960, 6
9920, 6
6240, 4
928, 3
10160, 6
8960, 6
10160, 6
11120, 6
2880, 4
6000, 4
9440, 6
4080, 4
6880, 5
8800, 5
8000, 6
9440, 6
7679, 6
12720, 7
4848, 5
7040, 6
8720, 6
6400, 5
743, 4
9680, 6
6288, 5
14640, 7
8240, 6
6160, 5
4067, 6
10880, 6
2797, 5
8240, 6
6824, 7
3892, 6
460, 5
1566, 5
6880, 5
6880, 5
6160, 5
9680, 6
6160, 5
8480, 6
5680, 5
5704, 6
8000, 6
6400, 5
2598, 4
3840, 4
5280, 4
7600, 5
8000, 6
4368, 5
8960, 6
6160, 5
7120, 5
7760, 6
3840, 4
7840, 5
6560, 6
4372, 6
3360, 4
5088, 5
5440, 5
2688, 5
8720, 6
4320, 4
7520, 6
5968, 6
4960, 5
7144, 6
4937, 6
3120, 4
4608, 5
5440, 5
7600, 5
7360, 5
7600, 5
9920, 6
6400, 5
5920, 5
8560, 5
10400, 6
1092, 5
6800, 6
3648, 5
6640, 5
10880, 6
1568, 4
3360, 4
8000, 6
3168, 5
7600, 5
6400, 5
4480, 5
6880, 5
6640, 5
4960, 5
6880, 5
6664, 6
6640, 5
6424, 6
1557, 4
2716, 5
546, 5
1701, 5
3840, 4
8720, 6
6640, 5
6400, 5
534, 5
2596, 5
1876, 5
1317, 4
448, 3
1574, 5
6560, 6
5328, 5
518, 3
2596, 5
546, 5
814, 5
2720, 3
9040, 5
1808, 4
10400, 6
2836, 5
542, 4
2476, 5
1996, 5
1310, 5
8720, 6
9304, 6
2103, 5
5680, 5
3127, 5
5680, 5
8480, 6
10880, 6
6640, 5
2559, 4
2197, 5
6160, 5
4096, 6
4320, 4
1948, 4
6160, 5
10240, 5
4118, 5
1638, 4
3864, 5
9019, 6
4960, 5
9440, 6
6640, 5
8000, 6
8720, 6
7280, 6
4104, 5
2246, 5
8080, 5
8960, 6
3496, 6
8000, 6
8480, 6
9440, 6
3316, 5
2356, 5
227, 4
638, 3
8080, 5
5440, 5
3998, 6
5920, 5
2596, 5
1517, 4
1246, 4
3676, 5
823, 4
6800, 6
9200, 6
13680, 7
1238, 3
2476, 5
410, 4
1341, 5
9600, 7
8400, 7
4320, 4
6880, 5
666, 5
2836, 5
1142, 4
2037, 4
5680, 5
6640, 5
2079, 4
7408, 6
466, 5
6640, 5
1760, 3
8240, 6
6000, 4
6160, 5
5248, 6
8000, 6
1328, 4
3144, 5
9440, 6
448, 3
8320, 5
6400, 5
8960, 6
7600, 5
6160, 5
7360, 5
2904, 5
1100, 6
2367, 5
8960, 6
7760, 6
9280, 5
3728, 4
8000, 6
8720, 6
6640, 5
4800, 4
4608, 5
5680, 5
5200, 5
1557, 4
2236, 5
199, 2
1052, 5
8800, 5
5268, 6
6160, 5
5680, 5
542, 4
2836, 5
2116, 5
1502, 4
7040, 6
11840, 6
10400, 6
9200, 6
2236, 5
1996, 5
2116, 5
542, 4
8080, 5
4800, 4
5440, 5
3360, 4
690, 5
662, 4
1756, 5
1437, 4
7600, 5
6160, 5
2640, 4
697, 4
7648, 6
2576, 6
1808, 4
5680, 5
2048, 4
3600, 4
1808, 4
5680, 5
5968, 6
7760, 6
7120, 5
7040, 6
6160, 5
7488, 5
6880, 5
1814, 5
4080, 4
6160, 5
12560, 6
8960, 6
3648, 5
8240, 6
8960, 6
8080, 5
1088, 4
4584, 5
1336, 5
8240, 6
9920, 6
5732, 7
3600, 4
12080, 6
1358, 3
2596, 5
1166, 4
1502, 4
7760, 6
6880, 5
6400, 5
9200, 6
1756, 5
2435, 6
233, 4
530, 4
458, 5
6288, 5
9440, 6
6400, 5
692, 5
1197, 4
2236, 5
1386, 5
6640, 5
5920, 5
6024, 5
12960, 7
3076, 5
1876, 5
1876, 5
957, 4
4298, 5
8104, 6
8240, 6
8720, 6
13440, 7
6160, 5
6738, 6
6560, 6
6079, 5
5304, 5
9600, 7
696, 4
6048, 5
11200, 5
9840, 7
5088, 5
7280, 6
7440, 4
6640, 5
6720, 4
1446, 5
4960, 5
4480, 5
7920, 4
3224, 4
2052, 5
5760, 4
11120, 6
6880, 5
9680, 6
9440, 6
3172, 6
6018, 6
4080, 4
3648, 5
6880, 5
7040, 6
8240, 6
7600, 5
4320, 4
7384, 6
1328, 4
5488, 6
9920, 6
5728, 6
5944, 6
8000, 6
10240, 5
5147, 6
9920, 6
7520, 6
6880, 5
9920, 6
7040, 6
2891, 6
5267, 6
7760, 6
6688, 6
10400, 6
7040, 6
3408, 5
400, 2
3360, 4
3864, 5
7624, 6
10400, 6
6768, 5
9920, 6
6160, 5
6400, 5
8720, 6
4800, 4
8240, 6
10640, 6
7120, 5
8560, 5
8080, 5
4584, 5
2331, 5
6320, 6
7360, 5
5440, 5
9920, 6
5328, 5
5088, 5
8720, 6
4344, 5
400, 2
4160, 3
1784, 4
6000, 4
1878, 4
3360, 4
3648, 5
7360, 5
6400, 5
6288, 5
8320, 5
7408, 6
5920, 5
5440, 5
3840, 4
6640, 5
7120, 5
7520, 6
8240, 6
7840, 5
6208, 6
7760, 6
6400, 5
6880, 5
8960, 6
7760, 6
3188, 5
4960, 5
8320, 5
6160, 5
9440, 6
6609, 5
5840, 6
8240, 6
10779, 6
7760, 6
1446, 5
448, 3
466, 5
8560, 5
7120, 5
11120, 6
3200, 3
6880, 5
6880, 5
7648, 6
4800, 4
10400, 6
3408, 5
11680, 5
6880, 5
7360, 5
9360, 4
5920, 5
3488, 4
7887, 7
8800, 5
7435, 7
4584, 5
3688, 5
8720, 6
7360, 5
4424, 4
7428, 6
7600, 5
7200, 4
7600, 5
3840, 4
5040, 4
5568, 5
448, 3
8080, 5
9200, 6
9200, 6
1878, 4
5068, 6
7408, 6
5200, 5
458, 5
5040, 4
5040, 4
6048, 5
9440, 6
4824, 5
5229, 5
4608, 5
8320, 5
6160, 5
10560, 7
5117, 6
7120, 5
5040, 4
2998, 5
6400, 5
12960, 7
3796, 6
3360, 4
9200, 6
2688, 5
5680, 5
847, 4
448, 3
7200, 4
6317, 6
2693, 5
7760, 6
2288, 4
688, 3
7280, 6
5520, 4
3648, 5
3358, 5
5968, 6
5600, 3
8960, 6
4320, 4
1760, 3
6400, 5
5568, 5
7360, 5
8560, 5
7840, 5
7600, 5
5680, 5
10160, 6
4800, 4
2199, 4
9280, 5
3760, 5
5743, 6
8240, 6
6880, 5
5920, 5
8800, 5
9920, 6
7360, 5
10640, 6
6048, 5
7520, 6
7840, 5
6640, 5
8480, 6
3168, 5
4584, 5
5040, 4
2607, 5
3892, 6
4960, 5
8560, 5
4960, 5
4960, 5
6000, 4
1096, 5
7120, 5
2782, 6
6400, 5
1948, 4
3968, 5
7600, 5
3216, 6
8720, 6
8080, 5
10400, 6
6960, 4
9680, 6
9440, 6
4608, 5
4720, 5
4960, 5
9040, 5
5920, 5
7520, 6
4608, 5
7760, 6
6240, 4
1280, 3
5008, 6
5280, 4
3680, 3
3968, 4
7840, 5
8320, 5
7360, 5
6160, 5
3840, 4
2532, 5
6612, 5
9200, 6
8759, 6
5920, 5
7840, 5
5680, 5
4800, 4
4080, 4
4368, 5
3412, 6
7120, 5
5920, 5
460, 4
7819, 6
6560, 6
5680, 5
8000, 6
8240, 6
5920, 5
2356, 5
2116, 5
1917, 4
1917, 4
4320, 4
7360, 5
3888, 5
1088, 4
2116, 5
2181, 5
2116, 5
1290, 5
9040, 5
8240, 6
7120, 5
7040, 6
2608, 6
1677, 4
1876, 5
1636, 5
6000, 4
5200, 5
4372, 6
4848, 5
2236, 5
1170, 5
662, 4
223, 3
5304, 5
5760, 4
7319, 6
456, 4
3408, 5
6408, 6
5680, 5
4368, 5
2048, 4
8720, 6
11760, 7
6880, 5
9920, 6
8240, 6
5680, 5
448, 3
6880, 5
5440, 5
3097, 5
3888, 5
3888, 5
4104, 5
3120, 4
5440, 5
5200, 5
2688, 5
7888, 6
9440, 6
10000, 5
10640, 6
7384, 6
6880, 5
1760, 3
9200, 6
2212, 6
6400, 5
2836, 5
2476, 5
2236, 5
1406, 4
8427, 7
9229, 6
8000, 6
8720, 6
2716, 5
1917, 4
1677, 4
3035, 6
10400, 6
4628, 5
4824, 5
8720, 6
662, 4
2049, 5
1805, 5
542, 4
5280, 4
1808, 4
5728, 6
4368, 5
1286, 4
2596, 5
2716, 5
2596, 5
4358, 5
5200, 5
6400, 5
5200, 5
9200, 6
4960, 5
3728, 5
4824, 5
4800, 4
5040, 4
6160, 5
12240, 7
8080, 5
9920, 6
6160, 5
9760, 5
1638, 4
6160, 5
2758, 5
8160, 7
7520, 6
6640, 5
3216, 6
1064, 4
8560, 5
3840, 4
7520, 6
7740, 7
8960, 6
8480, 6
3187, 5
8720, 6
9280, 5
3840, 4
8000, 6
4720, 5
2436, 5
1341, 5
2956, 5
662, 4
8080, 5
9944, 7
3360, 4
9200, 6
2956, 5
2037, 4
2037, 4
2116, 5
9280, 5
2098, 4
5649, 5
2797, 5
2236, 5
1756, 5
199, 3
2157, 4
9200, 6
1064, 4
8960, 6
8720, 6
2116, 5
2116, 5
2715, 6
1010, 4
8320, 5
458, 4
8960, 6
6688, 6
8000, 6
9840, 7
3247, 5
7840, 5
5280, 4
4382, 6
7327, 6
4080, 4
4960, 5
7120, 5
8960, 6
5040, 4
6160, 5
5248, 6
5944, 6
3648, 5
10160, 6
4000, 5
9440, 6
10400, 6
10320, 7
4960, 5
5728, 6
10560, 7
6688, 6
6640, 5
8960, 6
8320, 5
1808, 4
7840, 5
4480, 5
1040, 3
1557, 4
1365, 5
542, 4
2476, 5
4800, 4
7040, 6
464, 5
9920, 6
1369, 6
1437, 4
2836, 5
1876, 5
5440, 5
6424, 6
8960, 6
10160, 6
2356, 5
1636, 5
2716, 5
2555, 6
4960, 5
9440, 6
4824, 5
1304, 4
1461, 5
199, 2
1756, 5
2955, 6
8480, 6
7280, 6
4320, 4
7040, 6
8480, 6
3128, 5
5200, 5
1719, 4
6880, 5
8560, 5
7840, 5
9680, 6
5568, 5
4560, 4
8560, 5
8209, 6
5200, 5
4448, 4
9680, 6
7360, 5
4368, 5
2133, 6
14880, 7
8960, 6
7760, 6
8000, 6
2000, 3
7120, 5
3408, 5
7360, 5
6160, 5
9200, 6
3512, 6
848, 4
11760, 7
3648, 5
8320, 5
4320, 4
6400, 5
7360, 5
5548, 6
8240, 6
10080, 7
7760, 6
7360, 5
6800, 6
3840, 4
6883, 7
9040, 5
7760, 6
1686, 5
9920, 6
1096, 5
4128, 5
11120, 6
7200, 4
3507, 6
11120, 6
8080, 5
8320, 5
2640, 4
8480, 6
1308, 5
4028, 5
2453, 5
7760, 6
6400, 5
2288, 4
6448, 6
1332, 5
3648, 5
5920, 5
9200, 6
2447, 5
9760, 5
6800, 6
6640, 5
6400, 5
4320, 4
1455, 5
8240, 6
3097, 5
10000, 5
9200, 6
3168, 5
9920, 6
9920, 6
8720, 6
6000, 4
6160, 5
5520, 4
7120, 5
4128, 5
6127, 6
1088, 4
12720, 7
6039, 5
15280, 8
5440, 5
456, 4
5920, 5
7040, 6
5488, 6
4320, 4
4466, 6
5920, 5
5440, 5
6880, 5
4368, 5
7280, 6
6800, 6
7040, 6
4240, 5
8000, 6
4128, 5
7439, 6
7840, 5
5200, 5
10400, 6
5064, 5
8800, 5
8240, 6
9920, 6
6880, 5
5064, 5
4478, 5
6160, 5
8599, 6
8000, 6
10400, 6
5440, 5
6240, 4
1094, 5
1520, 3
8080, 5
8480, 6
15440, 6
8880, 7
10640, 6
2960, 3
4320, 4
4800, 4
4848, 5
10160, 6
6960, 4
6480, 4
7149, 5
5680, 5
3600, 4
5920, 5
8320, 5
2130, 5
8720, 6
7760, 6
9680, 6
2557, 5
8000, 6
9680, 6
6640, 5
6880, 5
2528, 4
8800, 5
3547, 5
5808, 5
6240, 4
2240, 3
8320, 5
9680, 6
3008, 4
4128, 5
9440, 6
10400, 6
7959, 6
11120, 6
6208, 6
8000, 6
6276, 7
4372, 6
6648, 6
6880, 5
3652, 6
4848, 5
6160, 5
5680, 5
4157, 6
7360, 5
6359, 5
5304, 5
5920, 5
6400, 5
6160, 5
2947, 5
11040, 7
6000, 4
4800, 4
3797, 6
1094, 5
4368, 5
8128, 6
3118, 5
5360, 3
7840, 5
14080, 8
5680, 5
5568, 5
5808, 5
9920, 6
7120, 5
5520, 4
9520, 5
11040, 7
2317, 5
7760, 6
5087, 6
6640, 5
8720, 6
1544, 4
5920, 5
9200, 6
7207, 7
9920, 6
7360, 5
9680, 6
5200, 5
6880, 5
8480, 6
10880, 6
8720, 6
6640, 5
5920, 5
6400, 5
6160, 5
9120, 7
4128, 5
6400, 5
3144, 5
1814, 5
5680, 5
8480, 6
1064, 4
5808, 5
10560, 7
6000, 4
7680, 7
448, 3
10640, 6
10400, 6
11120, 6
9200, 6
7520, 6
6400, 5
4028, 5
8679, 6
6640, 5
5440, 5
2158, 5
3944, 4
4480, 5
1520, 3
6240, 4
7600, 5
9200, 6
7040, 6
6400, 5
6288, 5
8240, 6
2548, 4
5280, 4
9440, 6
1808, 4
5920, 5
8960, 6
7600, 5
1088, 4
11280, 7
7408, 6
8320, 5
3888, 5
448, 3
6424, 6
8560, 5
11600, 6
7280, 6
10400, 6
5920, 5
400, 2
9440, 6
5469, 5
7840, 5
9200, 6
4720, 5
7360, 5
3436, 5
1876, 5
2116, 5
2436, 5
8080, 5
7408, 6
6880, 5
5812, 6
1876, 5
1636, 5
1677, 4
1996, 5
7168, 6
5200, 5
1568, 4
6528, 5
2956, 5
1286, 4
1581, 5
1461, 5
6640, 5
8320, 5
7040, 6
5920, 5
1358, 3
2356, 5
231, 4
1876, 5
4960, 5
5248, 6
10160, 6
1328, 4
6880, 5
4480, 5
9440, 6
9440, 6
4160, 3
9920, 6
5808, 5
5248, 6
6480, 4
8240, 6
7840, 5
4367, 6
12320, 6
5920, 5
7360, 5
4567, 6
6800, 6
7440, 4
5680, 5
7864, 6
6000, 4
9680, 6
6400, 5
6880, 5
5200, 5
5064, 5
4720, 5
9680, 6
5088, 5
2694, 6
7840, 5
9520, 5
2596, 5
1437, 4
1172, 5
1876, 5
5040, 4
6160, 5
3360, 4
7600, 5
1101, 5
1557, 4
2956, 5
2397, 4
458, 5
6400, 5
4614, 6
5680, 5
1290, 5
237, 5
548, 5
1118, 3
4116, 6
6640, 5
4080, 4
4800, 4
2956, 5
2116, 5
1437, 4
1677, 4
7840, 5
5360, 3
11520, 7
3172, 6
1336, 5
9680, 6
6160, 5
6400, 5
9040, 5
9200, 6
4960, 5
11280, 7
4688, 4
8960, 6
9040, 5
6880, 5
9440, 6
5728, 6
8240, 6
5287, 6
4372, 6
1280, 3
7120, 5
7280, 6
7120, 5
7760, 6
6127, 6
3847, 5
5328, 5
3840, 4
5440, 5
9440, 6
4608, 5
3648, 5
2052, 5
5440, 5
2277, 4
1290, 5
1341, 5
1876, 5
6640, 5
5920, 5
8720, 6
5520, 4
1725, 5
1876, 5
1876, 5
1996, 5
3600, 4
8480, 6
3384, 5
7600, 5
1900, 6
1756, 5
2037, 4
1797, 4
7040, 6
8080, 5
7760, 6
4800, 4
233, 4
542, 4
1797, 4
1636, 5
5760, 4
8480, 6
6160, 5
5760, 4
9200, 6
6880, 5
5440, 5
7478, 6
8720, 6
6359, 7
3760, 5
7120, 5
6904, 6
9200, 6
4868, 5
2638, 5
8960, 6
8480, 6
3717, 6
8000, 6
8560, 5
2729, 4
1520, 3
6737, 6
8720, 6
5440, 5
6880, 5
4599, 5
4720, 5
3421, 6
5440, 5
4037, 6
7280, 6
9520, 5
8240, 6
7360, 5
2236, 5
2037, 4
1996, 5
2516, 5
8720, 6
6160, 5
5939, 5
8240, 6
1341, 5
1076, 5
2116, 5
1797, 4
2819, 4
4104, 5
5027, 6
2664, 5
2356, 5
1636, 5
1449, 5
1876, 5
4096, 6
3247, 5
2486, 5
4396, 6
1677, 4
2596, 5
1797, 4
2076, 5
1341, 5
8000, 6
6400, 5
548, 5
5728, 6
5064, 5
8720, 6
7168, 6
5760, 4
8240, 6
3397, 5
9440, 6
1876, 5
1461, 5
6080, 6
7600, 5
8560, 5
799, 3
5920, 5
4960, 5
7840, 5
3840, 4
8000, 6
4688, 4
6160, 5
4720, 5
5040, 4
7280, 6
7120, 5
6880, 5
6160, 5
5760, 4
1197, 4
8960, 6
5200, 5
5408, 4
6160, 5
6057, 6
5680, 5
9440, 6
9440, 6
400, 2
8960, 6
1996, 5
6720, 4
3878, 5
7120, 5
6880, 5
7600, 5
4368, 5
5920, 5
6400, 5
3247, 5
460, 4
5440, 5
6400, 5
2319, 4
10880, 6
7840, 5
3648, 5
48, 2
9440, 6
4320, 4
4128, 5
8320, 5
4480, 5
6528, 5
6880, 5
5680, 5
10080, 7
5920, 5
6400, 5
3888, 5
6560, 6
7280, 6
1077, 4
9840, 7
2288, 4
9040, 5
1328, 4
5520, 4
452, 4
6400, 5
1808, 4
9840, 7
5440, 5
8480, 6
4418, 5
3847, 6
6400, 5
4608, 5
4447, 6
3888, 5
10000, 5
6720, 4
8480, 6
3840, 4
7680, 4
5049, 5
9680, 6
3847, 5
4320, 4
5680, 5
3727, 6
8960, 6
6400, 5
5968, 6
4560, 4
1262, 4
8320, 5
5520, 4
3600, 4
9760, 5
7789, 6
9440, 6
8320, 5
6448, 6
10640, 6
4318, 5
5680, 5
3944, 4
640, 2
8000, 6
3478, 5
3892, 6
9280, 5
5680, 5
7648, 6
4560, 4
2476, 5
5760, 4
1168, 3
3728, 4
7120, 5
4080, 4
5280, 4
12880, 8
456, 4
3796, 6
4824, 5
400, 2
4560, 4
8960, 6
5767, 6
7360, 5
2476, 5
9920, 6
7760, 6
5440, 5
7840, 5
2363, 5
5520, 4
10880, 6
8320, 5
6688, 6
4720, 5
5440, 5
3008, 4
4824, 5
7360, 5
8080, 5
9680, 6
3384, 5
7840, 5
5280, 4
4368, 5
11280, 7
779, 6
1809, 6
2398, 4
3328, 5
6708, 6
2476, 5
4824, 5
7849, 6
7520, 6
4996, 6
3120, 4
6560, 6
1812, 5
9040, 5
2356, 5
9200, 6
2797, 5
8000, 6
7840, 5
8240, 6
4691, 7
3920, 3
6880, 5
7840, 5
2437, 5
7144, 6
1278, 4
9039, 6
4639, 5
5920, 5
4328, 5
5280, 4
7760, 6
5328, 5
12720, 7
5920, 5
5259, 5
5280, 4
6160, 5
3248, 4
5040, 4
8720, 6
7148, 6
5920, 5
5680, 5
8720, 6
2157, 4
10640, 6
9440, 6
6292, 6
1520, 3
7520, 6
5968, 6
8720, 6
6880, 5
9464, 7
6160, 5
11760, 7
1716, 5
8320, 5
5544, 5
6480, 4
4720, 5
4000, 5
2236, 5
6400, 5
5680, 5
6240, 4
9440, 6
3600, 4
10400, 6
4846, 6
13520, 6
10400, 6
1254, 5
6904, 6
8560, 5
7360, 5
6640, 5
9120, 7
5680, 5
6904, 6
1948, 4
7600, 5
9200, 6
6400, 5
2836, 5
3968, 5
6880, 5
9680, 6
8480, 6
6560, 6
458, 4
5760, 4
12240, 7
10640, 6
692, 4
2272, 5
4104, 5
1278, 4
5680, 5
8048, 7
12320, 6
5440, 5
7840, 5
6160, 5
5920, 5
6400, 5
5440, 5
5680, 5
11760, 7
11440, 5
3668, 5
5040, 4
4800, 4
8000, 6
1957, 5
1782, 5
5280, 4
8720, 6
9680, 6
8577, 7
10000, 5
7280, 6
6400, 5
8720, 6
8320, 5
1088, 4
4080, 4
7120, 5
8720, 6
4080, 4
6640, 5
3972, 5
5680, 5
5280, 4
6880, 5
6928, 6
8560, 5
3439, 5
8560, 5
4320, 4
7520, 6
8480, 6
6024, 5
6184, 6
6160, 5
8960, 6
7840, 5
6480, 4
5200, 5
6816, 6
11840, 6
1808, 4
11680, 8
2557, 5
7040, 6
4800, 4
3888, 5
6400, 5
4960, 5
932, 4
6468, 6
14560, 8
4584, 5
10400, 6
2717, 5
8000, 6
6640, 5
6640, 5
4320, 4
6160, 5
8320, 5
3547, 5
1959, 4
8240, 6
3519, 4
9760, 5
424, 3
3547, 5
9760, 5
7840, 5
10880, 6
2037, 4
3022, 5
5968, 6
6904, 6
4320, 4
5568, 5
10400, 6
6400, 5
6400, 5
4800, 4
5040, 4
5920, 5
4608, 5
3088, 5
8480, 6
4560, 4
2677, 5
4424, 4
9200, 6
5200, 5
2052, 5
9440, 6
10080, 7
2878, 5
4157, 6
1929, 5
4128, 5
3968, 4
4960, 5
3174, 6
6160, 5
470, 6
2640, 4
6168, 6
12320, 6
3520, 2
4878, 6
233, 4
4612, 6
6880, 5
7840, 5
5200, 5
2127, 5
1280, 3
8560, 5
7959, 6
4344, 5
7600, 5
4480, 5
6720, 4
7360, 5
2797, 5
6640, 5
5200, 5
6640, 5
6160, 5
1064, 4
10560, 7
10160, 6
9680, 6
3917, 6
5280, 4
5680, 5
6880, 5
6880, 5
6640, 5
3870, 6
5200, 5
2720, 3
2603, 5
1064, 4
5520, 4
223, 3
5280, 4
2489, 4
4400, 3
8320, 5
4320, 4
6928, 6
7040, 6
1317, 4
4960, 5
7120, 5
6800, 6
10400, 6
8000, 6
428, 4
6320, 6
2236, 5
6000, 4
4848, 5
1328, 4
4960, 5
7360, 5
8000, 6
1170, 5
9680, 6
2557, 5
10160, 6
10640, 6
1637, 4
8240, 6
8480, 6
4320, 4
9680, 6
2880, 4
1677, 4
7600, 5
8960, 6
4080, 4
7840, 5
3280, 2
7120, 5
5920, 5
4720, 5
7600, 5
7600, 5
6320, 6
10160, 6
6160, 5
6480, 4
4128, 5
7120, 5
2398, 4
10400, 6
5920, 5
1544, 4
7440, 4
7760, 6
7488, 5
5520, 4
6000, 4
7120, 5
5040, 4
6400, 5
5568, 5
5760, 4
719, 3
2836, 5
928, 3
9200, 6
4397, 6
1334, 5
5528, 5
6160, 5
3787, 5
6400, 5
7099, 6
5040, 4
11760, 7
8619, 6
8240, 6
9440, 6
1686, 5
11520, 7
8000, 6
6648, 6
4560, 4
8320, 5
8480, 6
6160, 5
5168, 4
8608, 6
1422, 5
4368, 5
5298, 6
5920, 5
6880, 5
5200, 5
4800, 4
4128, 5
7360, 5
7520, 6
8960, 6
11520, 7
2716, 5
4024, 6
8720, 6
2052, 5
7120, 5
9440, 6
6640, 5
5680, 5
7600, 5
1812, 5
1308, 5
8480, 6
8960, 6
464, 5
13280, 6
2716, 5
6320, 6
7840, 5
8480, 6
6599, 5
8240, 6
6560, 6
8480, 6
5088, 5
4104, 5
6400, 5
11520, 7
8240, 6
5520, 4
3892, 6
460, 4
2356, 5
2356, 5
4320, 4
7088, 7
7120, 5
3888, 5
5064, 5
1328, 4
3888, 5
10160, 6
9920, 6
6880, 5
2356, 5
7520, 6
6640, 5
8240, 6
4800, 4
6400, 5
1701, 5
5440, 5
7760, 6
9040, 5
10640, 6
9200, 6
7120, 5
6880, 5
7600, 5
6880, 5
7144, 6
12960, 7
6880, 5
5040, 4
6160, 5
8960, 6
5680, 5
6960, 4
1957, 5
9040, 5
12560, 6
5680, 5
6640, 5
9920, 6
6640, 5
10400, 6
7839, 6
7040, 6
5968, 6
696, 4
1077, 4
5280, 4
8720, 6
8480, 6
6160, 5
8320, 5
1088, 4
5088, 5
8560, 5
4080, 4
7760, 6
7360, 5
4800, 4
4728, 6
4320, 4
9440, 6
1197, 4
8560, 5
8000, 6
6400, 5
7840, 5
9088, 6
2795, 6
4848, 5
8000, 6
6400, 5
5088, 5
6160, 5
6880, 5
6320, 6
2197, 5
8000, 6
7840, 5
4800, 4
1461, 5
9760, 5
2077, 5
7360, 5
10080, 7
4720, 5
8960, 6
5440, 5
6208, 6
5196, 7
7040, 6
3316, 5
6160, 5
6240, 4
4560, 4
458, 4
9760, 5
6640, 5
6960, 4
5440, 5
8240, 6
8480, 6
8667, 7
11200, 8
6640, 5
5304, 5
6400, 5
10320, 7
7200, 4
9200, 6
5440, 5
448, 3
4320, 4
12320, 6
6640, 5
4128, 5
11040, 7
6160, 5
4277, 6
3600, 4
1572, 5
1574, 5
14400, 7
4546, 6
5968, 6
8080, 5
8128, 6
2048, 4
7600, 5
1941, 5
2400, 4
5440, 5
8080, 5
13760, 6
800, 3
1660, 5
8320, 5
9297, 7
8720, 6
6279, 5
4298, 5
10080, 7
3037, 5
1437, 4
7120, 5
8480, 6
8000, 6
6880, 5
8240, 6
4080, 4
5280, 4
5920, 5
4848, 5
1328, 4
13520, 6
11840, 6
9920, 6
4768, 6
6000, 4
8240, 6
8240, 6
5568, 5
2045, 5
4080, 4
6160, 5
6039, 5
10320, 7
8240, 6
8358, 6
10160, 6
11120, 6
9440, 6
8640, 7
3624, 5
16080, 7
19360, 8
5680, 5
6640, 5
11120, 6
1328, 4
10160, 6
777, 5
4560, 4
6160, 5
839, 3
9920, 6
8720, 6
9440, 6
6400, 5
8848, 6
5544, 5
9200, 6
5040, 4
8320, 5
7399, 6
6000, 4
9040, 5
1797, 4
9200, 6
7360, 5
1544, 4
3600, 4
11600, 6
6640, 5
6400, 5
4800, 4
6378, 6
227, 4
1437, 4
5920, 5
6560, 6
7760, 6
7040, 6
4848, 5
10400, 6
2716, 5
4118, 5
7280, 6
3248, 4
2476, 5
4237, 5
2197, 5
7168, 6
4096, 6
5520, 4
1304, 4
7760, 6
1957, 5
1797, 4
4132, 6
891, 5
7200, 4
8000, 6
4320, 4
1319, 3
4208, 5
9440, 6
6400, 5
6184, 6
3600, 4
5064, 5
1917, 4
7079, 5
719, 3
9200, 6
8480, 6
6400, 5
4080, 4
6880, 5
4128, 5
1317, 4
11040, 7
8560, 5
629, 5
5888, 4
8480, 6
6640, 5
7840, 5
11040, 7
7760, 6
7840, 5
5544, 5
6160, 5
7760, 6
10320, 7
6768, 5
6640, 5
10400, 6
5680, 5
5117, 6
7360, 5
10640, 6
5544, 5
7120, 5
5440, 5
7520, 6
10240, 5
3360, 4
9920, 6
6400, 5
3083, 5
7280, 6
10320, 7
3917, 6
7280, 6
8560, 5
7120, 5
3680, 3
5040, 4
5440, 5
856, 5
8080, 5
2236, 5
7040, 6
2836, 5
7360, 5
6480, 4
8480, 6
3168, 5
1568, 4
7120, 5
5440, 5
8080, 5
8000, 6
11280, 7
6960, 4
3120, 4
7120, 5
8240, 6
3038, 5
9440, 6
11120, 6
6640, 5
6640, 5
456, 4
8848, 6
2596, 5
6160, 5
6160, 5
9200, 6
4128, 5
6880, 5
7600, 5
3412, 6
2048, 4
10640, 6
5961, 6
5680, 5
2410, 5
9200, 6
7360, 5
4560, 4
8240, 6
6320, 6
8080, 5
4608, 5
9200, 6
48, 2
5200, 5
2769, 5
2264, 4
9200, 6
4080, 4
6560, 6
5328, 5
8400, 7
