Evaluations, Played
1160, 4
5800, 5
9200, 6
12300, 7
2298, 4
7468, 6
3247, 5
2698, 5
5884, 6
3994, 5
10400, 6
11300, 6
7600, 5
11100, 7
6400, 5
1424, 4
2347, 5
8000, 6
9800, 6
7300, 5
7100, 6
7900, 5
2347, 5
9500, 6
3394, 5
11100, 7
10000, 5
5800, 5
8500, 5
8300, 6
9300, 7
9200, 6
7600, 5
7300, 5
2047, 5
9400, 5
2998, 5
5500, 5
6900, 4
7300, 5
5800, 5
8200, 5
9800, 6
7924, 6
8900, 6
4516, 5
11300, 6
9100, 5
3178, 5
4900, 5
9500, 6
5124, 5
9200, 6
7300, 5
9820, 7
6124, 6
3157, 6
8900, 6
8000, 6
3391, 5
6500, 6
9500, 6
7000, 5
7600, 5
7900, 5
8900, 6
7000, 5
7800, 4
4142, 5
7600, 5
4600, 5
4200, 4
3397, 5
3040, 5
8500, 5
8200, 5
4762, 6
13200, 7
1722, 5
1548, 4
8200, 5
10400, 6
7800, 4
66, 3
2648, 4
7600, 5
9400, 5
2048, 4
10800, 7
6900, 4
66, 3
9800, 6
748, 3
10400, 6
6700, 5
8600, 6
12800, 6
6400, 5
756, 4
11900, 6
623, 4
7000, 5
1947, 5
1100, 3
7600, 5
9500, 6
7300, 5
7300, 5
1154, 5
8200, 5
1148, 4
1148, 4
9200, 6
3598, 5
6100, 5
5700, 4
8499, 7
9800, 6
8000, 6
7600, 5
1698, 4
2998, 5
8200, 5
5448, 5
5449, 5
8000, 6
4848, 5
9200, 6
5810, 6
11000, 6
5700, 4
5400, 4
10100, 6
10100, 6
15000, 7
3746, 6
12200, 6
6000, 4
15000, 7
60, 3
7900, 5
10000, 5
11300, 6
12300, 7
3847, 5
7300, 5
2207, 5
10400, 6
2024, 4
5100, 4
12200, 6
2495, 5
6300, 4
74, 5
10100, 6
8500, 5
8200, 5
756, 4
2648, 4
7600, 5
7700, 6
754, 4
5200, 5
8800, 5
4762, 6
8600, 6
4200, 4
7300, 5
3500, 3
7600, 5
9800, 6
10400, 6
10400, 6
8300, 6
5548, 6
7900, 5
9500, 6
9200, 6
9800, 6
5148, 5
6700, 5
5700, 4
9200, 6
14000, 6
7884, 6
7200, 4
8224, 6
9700, 5
3948, 5
5100, 4
8200, 5
8300, 6
5108, 5
8300, 6
7300, 5
6100, 5
6424, 6
8855, 6
9200, 6
10500, 7
12200, 6
11400, 7
72, 4
4800, 4
5448, 5
10000, 5
5700, 4
2952, 5
9800, 6
74, 4
5100, 4
9400, 5
5400, 4
7300, 5
7900, 5
6400, 5
9223, 6
8500, 5
6400, 5
2998, 5
8600, 6
6100, 5
3797, 6
11400, 7
9200, 6
13800, 7
8500, 5
7900, 5
4900, 5
8000, 6
1746, 5
7700, 6
8200, 5
9400, 5
8600, 6
6100, 5
8000, 6
7624, 6
4748, 4
7649, 6
8900, 6
9800, 6
4500, 4
8300, 6
8800, 5
3600, 4
10100, 6
9600, 7
6400, 5
4148, 4
9200, 6
6100, 5
11300, 6
4948, 6
10100, 6
8200, 5
4900, 5
9500, 6
9200, 6
6400, 5
2658, 4
5900, 6
8300, 6
6100, 5
7300, 5
9200, 6
5948, 4
2900, 3
3900, 4
7600, 5
1454, 5
8200, 5
6700, 5
6000, 4
10500, 7
8800, 5
8900, 6
5500, 5
1154, 5
5200, 5
8200, 5
6700, 5
760, 5
8200, 5
8900, 6
5700, 4
8900, 6
8000, 6
5910, 5
8600, 6
6100, 5
9200, 6
8600, 6
1428, 5
8200, 5
5800, 5
9200, 6
3948, 5
10448, 7
6400, 5
8600, 6
5500, 5
466, 5
10700, 6
5252, 6
9800, 6
7700, 6
8300, 6
7100, 6
6800, 6
7024, 6
7348, 6
7000, 5
5148, 5
7348, 6
2103, 6
8300, 6
4500, 4
1700, 3
9500, 6
4337, 6
3600, 4
6500, 6
4224, 5
8300, 6
4890, 5
8000, 6
12800, 6
7904, 7
8500, 5
8148, 5
5148, 5
8200, 5
6700, 5
6048, 5
7000, 5
3600, 4
4848, 5
6400, 5
7300, 5
9500, 6
7700, 6
4248, 5
4800, 4
6700, 5
5400, 4
8900, 6
6100, 5
5148, 5
9200, 6
7000, 5
3600, 4
8224, 6
7600, 5
8200, 5
7400, 6
5368, 6
2495, 5
8300, 6
2448, 5
1716, 5
7700, 6
8000, 6
623, 4
9200, 6
5555, 6
7900, 5
11100, 7
3600, 4
4200, 4
8200, 5
3900, 4
6100, 5
11700, 7
11000, 6
4848, 5
7355, 6
8000, 6
6048, 5
464, 5
8600, 6
5200, 5
10300, 5
5638, 5
2207, 5
5200, 5
10700, 6
4762, 6
3952, 5
10500, 7
2614, 6
7300, 5
4824, 5
2497, 5
5048, 4
11100, 7
7600, 5
10300, 5
8824, 6
8200, 5
8200, 5
7300, 5
7300, 5
11700, 7
8300, 6
9500, 6
3827, 6
7800, 4
7000, 5
9500, 6
8800, 5
2497, 5
7300, 5
1700, 3
9800, 6
7600, 5
4500, 4
1154, 5
4200, 4
10148, 7
8000, 6
6148, 6
8824, 6
7000, 5
7784, 5
7000, 5
7300, 5
6348, 5
4600, 5
1130, 5
9900, 7
6100, 5
5689, 6
7900, 5
6700, 5
8900, 6
7900, 5
6100, 5
9500, 6
9800, 6
7900, 5
9149, 6
6148, 6
5200, 5
1752, 5
8800, 5
7300, 5
7900, 5
4762, 6
6100, 5
7000, 5
8200, 5
8900, 6
10100, 6
11300, 6
3397, 5
13200, 7
6100, 5
10600, 5
13800, 7
4800, 4
7300, 5
10400, 6
10800, 7
773, 4
7600, 5
7900, 5
11000, 6
4548, 5
1400, 3
1748, 4
10324, 6
10800, 7
7900, 5
6700, 5
9500, 6
8649, 7
5748, 5
4200, 4
3765, 5
2324, 4
5200, 5
4500, 4
6100, 5
3900, 4
9900, 7
9800, 6
8500, 5
6100, 5
5200, 5
5800, 5
5448, 5
6100, 5
9200, 6
8000, 6
5200, 5
7900, 5
5500, 5
7000, 5
4000, 5
12200, 6
7300, 5
4900, 5
4524, 5
3955, 5
3298, 5
9800, 6
1422, 5
6324, 5
8900, 6
8800, 5
3952, 5
1548, 4
5712, 5
10800, 7
10700, 6
6100, 5
9100, 5
7100, 6
5200, 5
7736, 6
3099, 4
7224, 5
5700, 4
8400, 4
6400, 5
6800, 6
7300, 5
9100, 5
9800, 6
8500, 5
78, 5
3848, 4
5400, 4
754, 4
6252, 5
2600, 3
8800, 5
70, 4
6900, 4
8800, 5
8800, 5
6700, 5
8800, 5
8300, 6
4500, 4
7300, 5
5052, 5
6400, 5
6400, 5
9800, 6
9500, 6
7900, 5
2047, 5
6900, 4
5100, 4
1152, 5
6700, 5
4447, 6
5500, 5
3391, 5
4298, 6
5148, 5
756, 4
3900, 4
2048, 4
8300, 6
2097, 5
3797, 6
8524, 6
2000, 3
4800, 4
9500, 6
462, 5
9100, 5
4924, 6
3655, 5
6700, 5
7000, 5
8500, 5
6300, 4
7400, 6
3797, 6
8600, 6
4255, 5
2298, 4
3197, 6
9800, 6
5832, 5
6799, 5
3630, 5
5708, 5
9700, 5
8600, 6
10700, 6
12200, 6
9300, 7
7700, 6
7300, 5
6400, 5
7900, 5
8300, 6
8200, 5
5500, 5
8500, 5
7700, 6
7300, 5
5500, 5
2846, 6
4516, 5
8200, 5
8000, 6
5781, 6
424, 3
9800, 6
8900, 6
6300, 4
4626, 6
7600, 5
2347, 5
9200, 6
2848, 5
7600, 5
12800, 6
5400, 4
4250, 6
8200, 5
1572, 5
9200, 6
10400, 6
6400, 5
9500, 6
4200, 4
5910, 5
8600, 6
7700, 6
7700, 6
5500, 5
8000, 6
2298, 4
14400, 7
8800, 5
7600, 5
48, 2
6400, 5
8000, 6
2352, 5
6700, 5
8700, 4
7184, 5
8200, 5
4800, 4
4224, 5
8900, 6
3247, 5
6700, 5
8800, 5
2047, 5
1998, 4
10400, 6
6700, 5
749, 3
6600, 4
7300, 5
60, 3
8600, 6
11100, 7
7000, 5
11900, 6
9800, 6
5448, 5
2048, 4
6900, 4
11400, 7
6100, 5
6348, 5
9300, 7
10700, 6
1700, 3
10400, 6
1300, 2
11000, 6
6100, 5
2300, 3
6048, 5
9200, 6
4200, 4
4800, 4
8500, 5
6700, 5
4278, 6
8200, 5
8200, 5
1596, 5
7600, 5
8200, 5
4700, 3
6400, 5
6400, 5
12300, 7
6048, 5
2048, 4
7000, 5
13600, 8
9100, 5
9200, 6
48, 2
8500, 5
4500, 4
7000, 5
6100, 5
12600, 7
13300, 8
3079, 5
9600, 7
7000, 5
3952, 5
7600, 5
4224, 5
7600, 5
82, 6
13200, 7
5700, 4
7300, 5
9200, 6
2048, 4
6600, 4
10400, 6
9400, 5
13200, 7
9400, 5
2349, 4
9200, 6
7300, 5
3655, 5
5424, 5
7600, 5
7000, 5
7248, 5
10700, 6
8900, 6
9800, 6
10100, 6
9400, 5
9100, 5
10100, 6
6348, 5
7100, 6
4848, 5
8200, 5
9500, 6
6700, 5
7500, 4
8000, 6
9400, 5
6100, 5
9899, 6
6100, 5
6700, 5
5500, 5
8800, 5
11000, 6
8500, 5
8600, 6
7600, 5
458, 4
6300, 4
5800, 5
4742, 5
9824, 7
6400, 5
15100, 8
8000, 6
3948, 5
2048, 4
4200, 4
4513, 5
7308, 6
13300, 5
8600, 6
8168, 7
10400, 6
8200, 5
7100, 6
748, 3
5800, 5
4600, 5
5100, 4
11900, 6
2052, 5
1896, 5
8000, 6
7600, 5
4900, 5
4548, 5
7700, 6
5800, 5
3900, 4
2253, 6
1896, 5
5200, 5
8900, 6
7024, 6
5128, 6
2830, 5
6800, 6
4800, 4
4224, 5
4800, 4
5424, 5
6700, 5
3952, 6
9200, 6
11000, 6
4848, 5
8900, 6
4548, 5
9800, 6
3900, 4
7048, 6
7000, 5
3048, 5
7300, 5
5700, 4
4500, 4
7900, 5
1548, 4
11100, 7
7624, 6
7048, 6
6200, 6
8398, 6
10400, 6
7900, 5
10000, 5
452, 4
4200, 4
400, 2
6600, 4
9500, 6
5400, 4
2148, 4
4466, 6
9500, 6
7100, 6
5781, 6
3600, 4
8500, 5
6700, 5
7000, 5
2998, 5
5400, 4
6100, 5
8000, 6
9200, 6
6700, 5
3248, 4
15600, 7
5748, 5
8300, 6
10800, 7
8000, 6
3048, 5
6449, 6
2048, 4
7700, 6
8200, 5
8200, 5
6700, 5
7000, 5
2900, 3
11900, 6
3600, 4
7055, 6
8800, 5
7000, 5
3243, 5
6292, 6
8300, 6
7000, 5
3419, 5
9400, 5
1746, 5
2397, 5
8800, 5
8200, 5
5500, 5
2452, 6
5100, 4
9800, 6
4549, 5
4200, 4
4948, 6
1400, 3
4252, 6
9800, 6
2347, 5
8600, 6
6000, 4
10700, 6
1148, 4
5148, 5
7624, 6
7600, 5
6184, 6
5384, 5
5424, 5
4100, 3
4240, 6
9500, 6
5700, 6
6700, 5
6948, 5
2647, 5
7400, 6
7248, 5
7900, 5
456, 4
5800, 5
3000, 4
7348, 6
2497, 5
9200, 6
4200, 4
8600, 6
5548, 6
2497, 5
1700, 3
452, 4
3300, 4
5449, 5
7000, 5
4558, 5
8900, 6
4824, 5
5248, 6
9200, 6
5800, 5
5800, 5
2397, 5
7400, 6
7300, 5
7300, 5
8900, 6
8000, 6
7184, 5
3746, 6
5500, 5
8000, 6
8900, 6
5310, 5
6124, 6
5947, 6
1128, 5
13400, 6
5148, 5
5848, 6
6400, 5
7600, 5
11000, 6
9200, 6
2497, 5
8200, 5
4548, 5
1154, 5
3600, 4
7300, 5
773, 4
7282, 6
2955, 4
5124, 5
10100, 6
6400, 5
4500, 4
7600, 5
3955, 5
6100, 5
5500, 5
3017, 5
4800, 4
8949, 7
7900, 5
7900, 5
7600, 5
9100, 5
9800, 6
8500, 5
2347, 5
1154, 5
6400, 5
7100, 6
9500, 6
10400, 6
10500, 7
10100, 6
4600, 5
6100, 5
2752, 6
4800, 4
2830, 5
8000, 6
4900, 5
7000, 5
5548, 6
2152, 6
7300, 5
6800, 6
8600, 6
4248, 5
7900, 5
6400, 5
4248, 5
8248, 6
7700, 6
2231, 5
12024, 8
8900, 6
8516, 6
8600, 6
5500, 5
12200, 6
8900, 6
8900, 6
3247, 5
5200, 5
7600, 5
5500, 5
9500, 6
6700, 5
1128, 5
10500, 7
7024, 6
10700, 6
9800, 6
10200, 7
64, 3
9700, 5
5752, 6
11300, 6
6048, 5
8000, 6
7300, 5
6400, 5
14100, 7
8124, 5
8300, 6
10400, 6
7000, 5
6600, 4
78, 5
5800, 5
9100, 5
6600, 4
7300, 5
10400, 6
10700, 6
5500, 5
5100, 4
2848, 5
4800, 4
8000, 6
11000, 6
3900, 4
5800, 5
6400, 5
756, 4
9500, 6
5100, 4
8000, 6
1130, 5
7200, 4
9700, 5
7600, 5
748, 3
9200, 6
9200, 6
7948, 6
5548, 6
4900, 5
2048, 4
2394, 4
7000, 5
8300, 6
6600, 4
3948, 5
9200, 6
5500, 5
8000, 6
8200, 5
9400, 5
7600, 5
66, 3
3552, 5
7300, 5
5148, 5
6700, 5
11000, 6
4014, 6
11900, 6
12600, 7
13100, 6
11900, 6
9200, 6
5500, 5
12300, 7
11300, 6
4516, 5
9400, 5
6800, 6
2797, 5
7900, 5
12000, 7
82, 6
13800, 7
6100, 5
10400, 6
7600, 5
7500, 4
7200, 4
8200, 5
5100, 4
8000, 6
8600, 6
9200, 6
5124, 5
5800, 5
1698, 4
10100, 6
5800, 5
8500, 5
11300, 6
7000, 5
3652, 6
599, 3
5700, 4
805, 5
12400, 5
4500, 4
9800, 6
6600, 4
2101, 6
10800, 7
8900, 6
6748, 6
8900, 6
7900, 5
9200, 6
6748, 6
2052, 5
7400, 6
8900, 6
10100, 6
7600, 5
7900, 5
6700, 5
10400, 6
4097, 6
11700, 7
4800, 4
9600, 7
7800, 4
4813, 5
7900, 5
11900, 6
5700, 4
10100, 6
9200, 6
4524, 5
6973, 6
2830, 5
1973, 5
6997, 5
2448, 4
4128, 7
4142, 5
7499, 6
11200, 5
4500, 4
5677, 5
5572, 7
4014, 6
5500, 5
8500, 5
11000, 6
7600, 5
6400, 5
6100, 5
2197, 5
3391, 5
6400, 5
3600, 4
6300, 4
10100, 6
4500, 4
4808, 5
6100, 5
6324, 5
6400, 5
9500, 6
7324, 6
3097, 5
6300, 4
3765, 5
7600, 5
2605, 5
4524, 5
3457, 5
5200, 5
7200, 4
4500, 4
3563, 6
8900, 6
4500, 4
8200, 5
7000, 5
7900, 5
8800, 5
66, 3
8300, 6
10100, 6
5700, 4
8200, 5
8000, 6
2048, 4
48, 2
16300, 8
10300, 5
9300, 7
5348, 4
3848, 4
6648, 5
2300, 3
12300, 7
6900, 4
5500, 5
3332, 4
8000, 6
7700, 6
8900, 6
7100, 6
9400, 5
5700, 4
8600, 6
9100, 5
5500, 5
5224, 6
8900, 6
6100, 5
2948, 4
6300, 4
2848, 5
8300, 6
7324, 6
7100, 6
7000, 5
4948, 6
748, 3
748, 3
1124, 4
4326, 5
3348, 5
7300, 5
4948, 6
10400, 6
5748, 5
7900, 5
4824, 5
6100, 5
458, 4
9500, 6
3197, 6
5800, 5
9500, 6
8500, 5
7300, 5
7600, 5
7900, 5
10500, 7
5299, 5
10400, 6
6424, 6
7300, 5
8600, 6
6348, 5
7000, 5
8600, 6
4254, 6
1400, 3
1352, 4
8800, 5
7000, 5
6400, 5
8800, 5
6400, 5
5448, 5
6700, 5
8600, 6
6700, 5
2148, 4
6700, 5
5197, 5
8600, 6
9500, 6
9500, 6
8200, 5
2048, 4
4200, 4
5800, 5
6800, 6
3648, 5
3548, 4
8800, 5
9500, 6
5800, 5
1499, 3
9500, 6
2032, 6
7899, 6
9800, 6
7000, 5
9400, 5
6700, 5
4224, 5
6100, 5
8300, 6
7600, 5
464, 5
5448, 5
3848, 4
8300, 6
9800, 6
4548, 5
11400, 7
5800, 5
2724, 5
6700, 5
7248, 5
7900, 5
3765, 5
7100, 6
3204, 5
12500, 6
6448, 6
8600, 6
7300, 5
6300, 4
2197, 5
9500, 6
4800, 4
10400, 6
4548, 5
8100, 4
9500, 6
5500, 5
6700, 5
6100, 5
11400, 7
4524, 5
6048, 5
5148, 5
4765, 6
6800, 6
4952, 6
2848, 5
8600, 6
8094, 7
6400, 5
7000, 5
10000, 5
6748, 6
2698, 5
4824, 5
1748, 4
6324, 5
10700, 6
9200, 6
6700, 5
8600, 6
11100, 7
6400, 5
6400, 5
9800, 6
4800, 4
6100, 5
8800, 5
10500, 7
7000, 5
6100, 5
6100, 5
7000, 5
4278, 6
8600, 6
8900, 6
9800, 6
4201, 6
456, 4
3948, 5
6124, 6
3924, 5
448, 3
7600, 5
7648, 6
9500, 6
4201, 6
3948, 5
7024, 6
9148, 6
7700, 6
7400, 6
6600, 4
6500, 6
12900, 7
10500, 7
8000, 6
7400, 6
1698, 4
7500, 4
8600, 6
2347, 5
2048, 4
6500, 6
2600, 3
4839, 6
8348, 7
6100, 5
3746, 6
4765, 6
6100, 5
8000, 6
7100, 6
6700, 5
7600, 5
7600, 5
9400, 5
6700, 5
5800, 5
10700, 6
9448, 6
8600, 6
9500, 6
7300, 5
4849, 5
7924, 6
9800, 6
5400, 4
10400, 6
8000, 6
7900, 5
6100, 5
458, 4
6400, 5
5848, 6
10100, 6
6100, 5
8300, 6
8200, 5
9100, 5
3499, 5
3667, 6
9500, 6
7300, 5
9500, 6
7771, 6
6700, 5
7248, 5
3648, 5
9200, 6
7900, 5
7700, 6
7300, 5
4000, 5
2048, 6
1848, 4
6300, 4
2647, 5
748, 3
1448, 4
5448, 5
7300, 5
7300, 5
14100, 7
4139, 5
11700, 7
9100, 5
9100, 5
6400, 5
8500, 5
2949, 4
7100, 6
8600, 6
2542, 5
8800, 5
10100, 6
9200, 6
7300, 5
3097, 5
1060, 5
8500, 5
7700, 6
8900, 6
5500, 5
3900, 4
5700, 4
5200, 5
8300, 6
8900, 6
10800, 7
5500, 5
10100, 6
3000, 4
460, 4
7300, 5
1148, 4
4252, 6
6024, 5
8000, 6
8900, 6
8900, 6
11300, 6
5100, 4
9149, 6
6000, 4
6700, 5
3900, 4
6500, 6
8000, 6
8000, 6
7000, 5
3924, 5
627, 5
2748, 4
7600, 5
5824, 6
5500, 5
6424, 6
10700, 6
7368, 7
12300, 7
7300, 5
6400, 5
2649, 4
8600, 6
3647, 6
8000, 6
8400, 4
12900, 7
72, 5
12900, 7
11600, 6
16200, 7
7600, 5
7900, 5
8500, 5
78, 5
12900, 7
7500, 4
8500, 5
5648, 4
4500, 4
12200, 6
5712, 5
3200, 3
13000, 8
11600, 6
5724, 5
3472, 6
8200, 5
4600, 5
7000, 5
10100, 6
5048, 4
3900, 4
10100, 6
10700, 6
5800, 5
8500, 5
2472, 5
8000, 6
8800, 5
7524, 5
7300, 5
7900, 5
7000, 5
4848, 5
6400, 5
9200, 6
6000, 4
7700, 6
6100, 5
4548, 5
6724, 6
6100, 5
9100, 5
8100, 4
5748, 5
6024, 5
8900, 6
5200, 5
4800, 4
8300, 6
12800, 6
9200, 6
82, 6
9800, 6
5400, 4
7600, 5
12800, 6
10700, 6
17200, 8
12200, 6
9400, 5
6312, 5
8200, 5
14500, 8
4500, 4
8524, 6
72, 5
9400, 5
10400, 6
11000, 6
13300, 8
7000, 5
5748, 5
5700, 4
6900, 4
13100, 6
5424, 5
8300, 6
6049, 5
7900, 5
7000, 5
5800, 5
7900, 5
4329, 5
7300, 5
7900, 5
10100, 6
3300, 4
7700, 6
4248, 5
7200, 4
10500, 7
4848, 5
8600, 6
1148, 4
10700, 6
6348, 5
12200, 6
1348, 3
9500, 6
9500, 6
9500, 6
6100, 5
7300, 5
7300, 5
448, 3
10700, 6
2047, 5
6400, 5
3947, 6
4549, 5
6400, 5
6700, 5
6400, 5
14700, 7
68, 4
12800, 6
6300, 4
7200, 4
8700, 4
13100, 6
6300, 4
48, 2
18700, 8
5900, 3
9000, 4
14800, 8
15300, 7
12800, 6
15600, 7
13100, 6
14100, 7
6397, 5
5700, 4
9200, 6
6284, 5
7900, 5
6324, 5
9100, 5
10200, 4
11000, 6
8173, 6
6400, 5
7900, 5
5187, 5
4500, 4
9700, 5
8800, 5
12300, 7
4813, 5
12600, 7
2300, 3
3500, 3
3895, 6
13500, 7
14100, 7
7558, 5
6000, 4
8000, 6
7000, 5
6700, 5
6400, 5
2800, 2
6200, 3
6300, 4
7300, 5
6048, 5
7600, 5
8800, 5
5100, 4
14700, 7
12400, 5
4800, 4
7300, 5
5400, 4
6700, 5
2000, 3
8371, 6
7000, 5
4200, 4
11700, 7
8600, 6
8900, 6
4224, 5
3247, 5
11100, 7
10900, 5
8500, 5
9500, 6
7000, 5
9200, 6
5424, 5
4800, 4
9800, 6
8500, 5
8800, 5
2797, 5
8200, 5
10400, 6
10824, 8
10400, 6
7900, 5
8848, 6
11300, 6
6100, 5
1973, 4
5490, 5
8200, 5
3797, 6
7484, 5
7900, 5
10400, 6
11300, 6
9197, 6
3397, 5
4124, 4
5400, 4
6400, 5
8500, 5
8800, 5
4200, 4
4200, 4
8313, 7
4949, 6
6024, 5
9400, 5
10100, 6
2647, 5
6400, 5
5100, 4
10400, 6
7900, 5
3928, 6
6000, 6
8600, 6
8200, 5
7300, 5
7300, 5
10700, 6
430, 4
10100, 6
6700, 5
10100, 6
14200, 8
8600, 6
7700, 6
8900, 6
4548, 5
4200, 4
9200, 6
11200, 5
8600, 6
13100, 6
8000, 6
6868, 6
7600, 5
5400, 4
6700, 5
9100, 5
6048, 5
9500, 6
5124, 5
3900, 4
7900, 5
10700, 6
12500, 6
9500, 6
4224, 5
8524, 6
7300, 5
7900, 5
1424, 4
9500, 6
8300, 6
7300, 5
10100, 6
4247, 6
4516, 5
5400, 4
8200, 5
8800, 5
7900, 5
7000, 5
9500, 6
7400, 6
5136, 6
7000, 5
8200, 5
458, 5
8800, 5
2348, 4
10000, 5
5400, 4
7769, 6
5700, 4
7848, 5
8600, 6
3800, 3
5800, 5
4848, 5
8400, 4
7900, 5
8600, 6
6400, 5
7600, 5
6700, 5
7000, 5
10400, 6
7900, 5
2349, 4
2300, 3
5400, 4
13100, 6
4848, 5
12500, 6
6400, 5
6600, 4
7000, 5
2900, 3
3900, 4
10100, 6
6000, 4
11500, 5
8300, 6
2797, 5
6400, 5
8900, 6
3347, 6
6700, 5
8200, 5
5100, 4
5700, 4
9600, 4
6656, 6
3334, 7
3765, 5
6100, 5
5424, 5
6900, 4
7000, 5
7700, 6
8900, 6
3371, 4
4524, 5
7300, 5
9100, 5
5100, 4
5500, 5
8900, 6
7300, 5
3017, 5
10198, 6
8900, 6
9200, 6
7600, 5
7600, 5
4548, 5
7207, 6
9200, 6
6400, 5
7600, 5
8800, 5
5748, 5
10700, 6
1448, 4
8500, 5
1452, 5
9800, 6
3248, 4
8800, 5
7300, 5
10900, 5
6100, 5
1424, 4
11900, 6
9400, 5
11700, 7
7600, 5
11200, 5
9500, 6
5400, 4
8600, 6
7900, 5
4500, 4
7300, 5
5700, 4
11400, 7
7600, 5
8500, 5
7000, 5
1752, 5
7300, 5
5400, 4
5100, 4
10100, 6
11300, 6
7600, 5
2898, 4
6400, 5
9200, 6
5084, 5
4230, 6
2600, 3
8200, 5
2048, 4
5400, 4
2400, 4
10100, 6
10100, 6
7000, 5
4800, 4
11500, 5
8900, 6
5124, 5
5700, 4
9400, 5
6700, 5
7000, 5
11700, 7
7700, 6
10900, 7
5871, 5
7000, 5
5124, 5
4929, 5
6700, 5
4800, 4
6700, 5
6548, 4
5200, 5
7600, 5
448, 3
6700, 5
10700, 6
4500, 4
9800, 6
7900, 5
8800, 5
7800, 4
6100, 5
5500, 5
5400, 4
9300, 4
7600, 5
5700, 4
3097, 5
2598, 4
8500, 5
6700, 5
6100, 5
11000, 6
12800, 6
12600, 7
6700, 5
1400, 3
7300, 5
3010, 6
12600, 7
6371, 6
10700, 6
6900, 4
4142, 5
5200, 5
11300, 6
9700, 5
8442, 6
3000, 4
7900, 5
2000, 3
1724, 4
7300, 5
7000, 5
6100, 5
6700, 5
10100, 6
8500, 5
7300, 5
8000, 6
7000, 5
9200, 6
452, 4
7300, 5
700, 2
4848, 5
4500, 4
7300, 5
6100, 5
1148, 4
7900, 5
11000, 6
3748, 5
9800, 6
11000, 6
5887, 6
8500, 5
6700, 5
9800, 6
5610, 5
3908, 5
5500, 5
2197, 5
8900, 6
7593, 7
9200, 6
5500, 5
7000, 5
13200, 7
5200, 5
8100, 4
2652, 5
9100, 5
400, 2
11900, 6
7300, 5
7000, 5
10100, 6
8500, 5
10700, 6
9500, 6
2148, 5
6400, 5
6700, 5
12600, 7
8800, 5
4848, 5
8300, 6
7900, 5
2401, 6
5500, 5
11200, 5
8200, 5
12600, 7
9200, 6
4524, 5
2947, 5
3600, 4
8524, 6
3924, 5
6400, 5
12800, 6
8300, 6
7600, 5
5100, 4
9800, 6
3948, 5
9100, 5
8800, 5
7000, 5
7747, 6
6100, 5
5800, 5
3948, 5
4524, 5
5448, 5
3500, 3
8600, 6
5800, 5
5200, 5
8300, 6
7600, 5
1448, 4
4224, 5
8900, 6
7700, 6
2052, 5
2048, 4
7000, 5
6700, 5
5800, 5
5800, 5
7900, 5
3204, 5
7300, 5
8200, 5
3827, 6
9800, 6
860, 4
5424, 5
6000, 4
3647, 6
3247, 5
4400, 3
9200, 6
3648, 5
8200, 5
10400, 6
3852, 5
8000, 6
6400, 5
7400, 6
773, 4
5248, 6
6148, 6
3094, 5
8200, 5
10400, 6
9400, 5
5100, 4
4762, 6
8800, 5
6100, 5
7500, 4
6100, 5
4824, 5
3048, 5
10400, 6
3655, 5
8000, 6
1700, 3
7648, 6
7900, 5
4014, 6
458, 4
5448, 5
8600, 6
6400, 5
4824, 5
2700, 4
6700, 5
7700, 6
6000, 4
6100, 5
8900, 6
7900, 5
448, 3
8000, 6
3097, 5
5400, 4
6400, 5
6048, 5
7000, 5
6749, 6
2000, 3
5048, 4
16600, 8
8300, 6
11700, 7
6000, 4
6400, 5
7600, 5
3600, 4
7000, 5
8000, 6
7300, 5
9800, 6
7724, 7
4014, 6
4224, 5
866, 5
7000, 5
3200, 3
3200, 3
3900, 4
7600, 5
8600, 6
11400, 7
7300, 5
8748, 5
7300, 5
10500, 7
6109, 6
10100, 6
3391, 5
10700, 6
7600, 5
9700, 5
9800, 6
6700, 5
4100, 3
8400, 4
2982, 5
6100, 5
3300, 4
1400, 3
10600, 5
5100, 4
8900, 6
8200, 5
9500, 6
5400, 4
8600, 6
4800, 4
4200, 4
7200, 4
7300, 5
11600, 6
7722, 7
9200, 6
5700, 4
8200, 5
8000, 6
6700, 5
9800, 6
5500, 5
8200, 5
4200, 4
9800, 6
4232, 6
4100, 3
7300, 5
8500, 5
3947, 6
7900, 5
10048, 6
4248, 5
8600, 6
11300, 6
2048, 4
4824, 5
3797, 6
7400, 6
2748, 5
709, 6
655, 5
10100, 6
7000, 5
6100, 5
7600, 5
3204, 5
5600, 6
8900, 6
6700, 5
8900, 6
7624, 6
5800, 5
5871, 5
6981, 6
7324, 6
6400, 5
5700, 4
2000, 3
456, 4
6148, 6
4540, 6
7400, 6
8900, 6
3600, 4
11300, 6
8300, 6
400, 2
4500, 4
13800, 7
6400, 5
8200, 5
12600, 7
7900, 5
11400, 7
8349, 7
3847, 6
6100, 5
2495, 5
4948, 6
4848, 5
3300, 4
4703, 5
7600, 5
5500, 5
7400, 6
3655, 5
7600, 5
8300, 6
8900, 6
3397, 5
8200, 5
7924, 6
7000, 5
4714, 6
7400, 6
11900, 6
8500, 5
9600, 7
7300, 5
5571, 5
7600, 5
7858, 5
6700, 5
8200, 5
7200, 4
7600, 5
4800, 4
8900, 6
2598, 4
8900, 6
7900, 5
5500, 5
2982, 5
5488, 6
7694, 6
1899, 4
3663, 6
2247, 4
2446, 5
1955, 5
2596, 5
7000, 5
4800, 4
8700, 4
6200, 6
1160, 5
1298, 3
223, 3
2446, 5
7000, 5
8200, 5
8300, 6
6700, 5
872, 4
233, 4
1797, 4
3196, 5
7300, 5
3900, 4
2044, 5
6100, 5
1006, 4
2097, 4
2146, 5
3196, 5
1424, 4
9100, 5
9748, 6
7648, 6
7900, 5
10810, 6
7000, 5
5200, 5
2900, 3
11600, 6
5148, 5
6700, 5
6400, 5
6700, 5
7000, 5
6100, 5
1896, 5
8600, 6
5200, 5
5748, 5
5200, 5
681, 5
460, 4
4248, 5
9700, 5
3048, 5
4447, 6
4329, 5
11600, 6
4900, 5
8900, 6
10100, 6
9500, 6
5424, 5
5200, 5
6400, 5
3046, 5
2097, 4
2896, 5
2097, 4
6700, 5
9900, 7
3900, 4
7771, 6
3046, 5
2397, 4
1922, 4
2596, 5
1748, 4
1748, 4
5748, 5
9624, 6
1472, 4
1996, 5
576, 5
1200, 5
2000, 3
5848, 6
5800, 5
5848, 6
1322, 4
223, 3
848, 3
1947, 4
3866, 6
3900, 4
4500, 4
11700, 7
11600, 6
2448, 5
4824, 5
6148, 6
3948, 5
7824, 5
5148, 5
2547, 5
3095, 5
7000, 5
4029, 5
8848, 6
9800, 6
1100, 3
6100, 5
7000, 5
3924, 5
3048, 5
681, 5
8900, 6
5200, 5
6000, 4
1100, 3
8300, 6
11300, 6
2952, 5
7100, 6
1148, 4
10400, 6
6400, 5
3169, 5
5500, 5
4396, 5
1996, 5
1809, 5
2296, 5
7300, 5
458, 4
9200, 6
1700, 3
2746, 5
1347, 4
576, 5
1646, 4
7300, 5
6724, 6
7700, 6
5900, 6
1347, 4
227, 4
2896, 5
1322, 4
7900, 5
4548, 5
1748, 4
5148, 5
233, 4
2146, 5
1172, 4
2446, 5
1724, 4
6000, 4
3448, 5
7948, 6
7300, 5
7300, 5
5148, 5
4095, 6
6000, 4
9800, 6
9100, 5
836, 3
7900, 5
5448, 5
6400, 5
6400, 5
5100, 4
9500, 6
7300, 5
7000, 5
7300, 5
9500, 6
8600, 6
6607, 6
4200, 4
7600, 5
3948, 5
3281, 5
8200, 5
7900, 5
5248, 6
8500, 5
3300, 4
6024, 5
7400, 6
2605, 5
1497, 4
1846, 5
1197, 4
2746, 5
7000, 5
6700, 5
11600, 6
1460, 6
227, 4
2596, 5
1046, 4
1371, 5
5400, 4
5748, 5
6100, 5
7900, 5
223, 3
1496, 4
2596, 5
398, 3
10400, 6
10100, 6
5800, 5
8900, 6
3046, 5
1947, 4
2146, 5
1347, 4
7600, 5
7300, 5
11900, 6
3947, 6
10400, 6
6700, 5
10200, 7
7000, 5
11100, 7
8442, 6
7800, 4
8800, 5
3300, 4
10400, 6
8300, 6
10400, 6
7300, 5
13000, 8
7600, 5
5700, 4
8900, 6
8900, 6
10500, 7
7300, 5
11300, 6
12200, 6
8800, 5
3647, 6
1748, 4
3900, 4
5047, 6
1148, 4
4855, 5
8800, 5
8900, 6
6100, 5
8000, 6
7000, 5
5800, 5
7600, 5
5112, 5
7400, 6
773, 4
7300, 5
13500, 7
10400, 6
1130, 5
2830, 5
2300, 3
10600, 5
4000, 5
6700, 5
6400, 5
3578, 5
7324, 6
4500, 4
3524, 4
5800, 5
5800, 5
4500, 4
4848, 5
9200, 6
5200, 5
7000, 5
8500, 5
9000, 7
7300, 5
6948, 5
3948, 5
9500, 6
5400, 4
448, 3
3097, 5
3675, 6
5724, 5
6100, 5
7000, 5
8812, 6
4139, 5
11300, 6
7200, 4
6700, 5
8000, 6
7900, 5
4848, 5
15300, 7
4848, 5
1154, 5
5748, 5
6100, 5
11100, 7
8600, 6
6000, 4
6400, 5
5848, 6
9400, 5
6148, 6
9100, 5
7900, 5
7000, 5
6100, 5
6700, 5
5100, 4
4600, 5
1872, 5
1511, 4
10100, 6
7600, 5
5800, 5
7771, 6
5200, 5
6000, 4
5700, 4
8600, 6
5800, 5
5548, 6
1452, 5
7900, 5
8000, 6
4500, 4
7300, 5
7700, 6
9800, 6
11300, 6
3000, 4
4224, 5
5248, 6
4824, 5
7300, 5
7900, 5
7000, 5
754, 4
4200, 4
4500, 4
12700, 5
10100, 6
12800, 6
10400, 6
2900, 3
1052, 4
4498, 5
7300, 5
5610, 5
8800, 5
7900, 5
11000, 6
2507, 5
7300, 5
3500, 3
5100, 4
3224, 4
7600, 5
14100, 7
8900, 6
6700, 5
11300, 6
3648, 5
8800, 5
2300, 3
7045, 6
3598, 5
11000, 6
8900, 6
5748, 5
8000, 6
8300, 6
1152, 5
1448, 4
5700, 4
11600, 6
3944, 5
3647, 6
9200, 6
6700, 5
6700, 5
7300, 5
2348, 4
2048, 4
6324, 5
1448, 4
7300, 5
8900, 6
7300, 5
11948, 7
7900, 5
7600, 5
6100, 5
4800, 4
3248, 4
5700, 4
6400, 5
4481, 5
4500, 4
7548, 5
9700, 5
7400, 6
4747, 6
8800, 5
6400, 5
1154, 5
17100, 7
7900, 5
5048, 4
7000, 5
6300, 4
13200, 7
452, 4
8500, 5
7900, 5
8800, 5
1722, 5
6400, 5
1752, 5
2673, 5
2352, 5
4248, 5
7000, 5
7000, 5
7000, 5
8300, 6
4900, 5
1815, 5
8900, 6
5500, 5
7900, 5
2748, 5
1700, 3
3827, 6
8200, 5
2418, 5
1152, 5
6400, 5
5100, 4
7500, 4
2698, 5
9241, 7
6324, 5
2698, 5
4824, 5
9200, 6
10900, 5
9500, 6
6400, 5
6100, 5
7900, 5
5124, 5
4224, 5
7300, 5
7000, 5
6800, 6
6448, 6
7300, 5
7300, 5
4524, 5
3000, 4
2605, 5
7600, 5
705, 5
9900, 7
5848, 6
9900, 7
6100, 5
7000, 5
4848, 5
2348, 4
4500, 4
4800, 4
454, 4
13200, 7
8900, 6
3600, 4
7600, 5
6648, 5
2048, 4
8300, 6
4200, 4
3602, 6
7700, 6
1748, 4
10300, 5
1452, 5
4548, 5
6700, 5
6800, 6
9600, 7
7600, 5
1156, 5
6400, 5
10400, 6
7900, 5
7300, 5
1124, 4
3345, 6
3245, 6
3346, 5
2596, 5
6700, 5
4600, 5
7000, 5
7700, 6
1947, 4
1347, 4
231, 4
1647, 4
7600, 5
6600, 4
5148, 5
6400, 5
1521, 5
1846, 5
2296, 5
756, 6
4148, 4
5700, 4
6400, 5
9200, 6
3046, 5
2146, 5
1500, 5
2421, 5
8900, 6
7400, 6
4524, 5
1698, 4
6100, 5
4922, 7
3924, 5
8900, 6
10700, 6
4388, 6
10700, 6
6124, 6
6900, 4
7000, 5
6658, 5
9200, 6
7600, 5
7300, 5
9800, 6
8900, 6
8300, 6
3017, 5
7924, 6
10724, 7
11000, 6
7000, 5
8500, 5
6600, 4
4582, 6
1899, 4
8800, 5
3578, 5
9200, 6
4224, 5
8424, 5
5500, 5
2896, 5
2296, 5
3196, 5
231, 4
3854, 6
5077, 5
3825, 6
8068, 6
2097, 4
2547, 4
2446, 5
1947, 4
4201, 6
4139, 5
9200, 6
4427, 6
1671, 5
1846, 5
1959, 5
1521, 5
10000, 5
3600, 4
5124, 5
10500, 7
998, 3
1947, 4
2296, 5
1996, 5
6400, 5
4548, 5
3900, 4
7000, 5
4248, 5
5200, 5
8000, 6
4548, 5
2048, 4
6100, 5
3800, 3
448, 3
9100, 5
7400, 6
7300, 5
5200, 5
7300, 5
5548, 6
4824, 5
1596, 5
6100, 5
8300, 6
6700, 5
10048, 6
7000, 5
7100, 6
2247, 5
6100, 5
7048, 6
7600, 5
7200, 4
1148, 4
9700, 5
9500, 6
9800, 6
1754, 5
2746, 5
3046, 5
231, 4
1699, 6
7000, 5
7900, 5
6400, 5
10600, 5
1472, 4
3046, 5
2896, 5
2097, 4
7300, 5
8300, 6
6624, 5
8600, 6
3046, 5
2596, 5
2596, 5
1947, 4
8500, 5
8548, 6
6800, 6
5200, 5
1545, 5
2146, 5
231, 4
1996, 5
5124, 5
3048, 5
6500, 6
7048, 6
9200, 6
8200, 5
5200, 5
9200, 6
7900, 5
4500, 4
2347, 5
9348, 5
6600, 4
6400, 5
454, 4
9474, 6
6048, 5
8500, 5
10400, 6
8000, 6
8000, 6
8000, 6
6448, 6
8600, 6
7600, 5
6448, 6
7700, 6
7500, 4
9200, 6
7600, 5
3348, 5
6300, 4
3248, 4
8000, 6
8000, 6
6700, 5
2097, 4
1996, 5
1196, 4
231, 4
7300, 5
2682, 5
6100, 5
6400, 5
2746, 5
2097, 4
2446, 5
2595, 6
6700, 5
1158, 5
1454, 5
1752, 5
2146, 5
1996, 5
2697, 4
572, 4
8224, 6
8824, 6
6800, 6
5200, 5
3845, 6
2397, 4
2296, 5
2247, 4
7600, 5
11300, 6
9200, 6
6800, 6
6700, 5
7400, 6
9800, 6
3024, 5
3097, 5
4824, 5
7300, 5
6700, 5
5200, 5
10600, 5
2347, 5
5748, 5
6400, 5
11300, 6
11500, 5
11100, 7
7000, 5
8900, 6
8500, 5
6600, 4
7924, 6
6400, 5
8400, 4
6400, 5
7000, 5
6400, 5
4824, 5
7600, 5
4800, 4
6148, 6
4552, 6
11600, 6
7900, 5
8000, 6
6400, 5
1700, 3
6908, 6
7049, 6
4800, 4
2048, 4
8500, 5
7924, 6
9500, 6
10100, 6
4516, 5
10700, 6
10500, 7
8600, 6
7600, 5
9800, 6
3397, 5
8224, 6
7024, 6
7700, 6
6148, 6
9100, 5
4148, 4
9100, 5
4900, 5
8900, 6
7624, 6
5800, 5
9400, 5
12500, 6
2648, 4
6700, 5
7900, 5
8900, 6
9200, 6
4249, 5
6924, 5
5524, 6
5800, 5
6300, 4
5384, 5
7700, 6
6000, 4
9500, 6
5200, 5
5400, 4
3948, 5
3648, 5
7300, 5
6448, 6
11400, 7
3448, 5
7000, 5
7900, 5
6400, 5
9500, 6
4900, 5
6100, 5
7000, 5
7400, 6
7000, 5
4500, 4
9200, 6
4900, 5
3056, 5
3948, 5
10500, 7
5200, 5
7900, 5
9500, 6
458, 4
10400, 6
3300, 4
460, 4
9500, 6
2643, 5
4397, 6
3298, 5
1400, 3
1424, 4
4484, 5
9800, 6
12500, 6
9200, 6
5200, 5
4648, 6
5200, 5
6748, 6
5684, 5
7400, 6
9400, 5
6000, 4
8200, 5
8200, 5
7648, 6
10100, 6
10400, 6
3900, 4
5900, 3
9500, 6
5700, 4
9100, 5
3548, 4
5000, 5
10100, 6
8500, 5
8500, 5
5400, 4
6584, 5
9100, 5
3924, 5
10100, 6
2797, 5
7600, 5
10300, 5
7600, 5
5700, 4
8600, 6
8200, 5
3648, 5
7900, 5
4700, 3
7000, 5
7900, 5
8500, 5
6048, 5
8800, 5
1700, 3
6000, 4
10600, 5
4442, 5
10400, 6
5724, 5
5148, 5
6700, 5
7000, 5
3900, 4
4548, 5
6400, 5
10800, 7
9200, 6
6400, 5
8900, 6
8200, 5
3647, 6
7400, 6
4200, 4
11500, 5
9800, 6
8600, 6
5200, 5
3948, 5
5500, 5
3900, 4
7400, 6
14400, 7
8300, 6
7300, 5
8548, 6
9500, 6
7900, 5
12900, 7
10000, 5
10100, 6
12000, 7
6700, 5
6000, 4
4548, 5
2347, 5
2300, 3
6400, 5
7900, 5
10400, 6
7300, 5
4248, 5
2448, 5
1548, 4
9200, 6
8300, 6
5800, 5
9200, 6
1998, 4
7000, 5
5300, 6
1599, 4
9524, 7
7600, 5
9800, 6
8848, 6
5500, 5
10700, 6
7000, 5
5500, 5
5148, 5
11800, 5
12000, 7
5800, 5
11400, 7
5748, 5
9124, 6
7300, 5
460, 4
9500, 6
6200, 6
2548, 5
3697, 5
9200, 6
8694, 7
3212, 6
7000, 5
6648, 5
10100, 6
4848, 5
10300, 5
2352, 5
4852, 6
6124, 6
3300, 4
7300, 5
4848, 5
8300, 6
8900, 6
6700, 5
10700, 6
8900, 6
6148, 6
2000, 3
3600, 4
1700, 3
8800, 5
7300, 5
448, 3
5400, 4
5400, 4
10100, 6
3900, 4
6100, 5
6700, 5
9800, 6
11600, 6
10800, 7
7300, 5
6648, 5
10100, 6
10648, 6
10700, 6
6100, 5
3548, 4
7100, 6
6748, 6
5200, 5
7700, 6
12200, 6
9800, 6
3695, 6
2296, 5
2296, 5
1521, 5
2048, 4
9500, 6
5100, 4
8048, 7
233, 4
548, 3
2146, 5
1196, 4
7955, 6
10700, 6
7900, 5
9200, 6
1846, 5
231, 4
2596, 5
1996, 5
4548, 5
8800, 5
8000, 6
448, 3
572, 4
1298, 3
2146, 5
4096, 5
3827, 6
3800, 3
10700, 6
1448, 4
11100, 7
3204, 5
5200, 5
3648, 5
6900, 4
9800, 6
7800, 4
9200, 6
11000, 6
7000, 5
8900, 6
5448, 5
7000, 5
5449, 5
7600, 5
10200, 7
9500, 6
3024, 5
8600, 6
8500, 5
9200, 6
3948, 5
8600, 6
9200, 6
5200, 5
3624, 5
6100, 5
2748, 5
11600, 6
10700, 6
6800, 6
5800, 5
2620, 6
2296, 5
1322, 4
596, 4
7600, 5
4500, 4
11600, 6
8900, 6
1521, 5
1846, 5
3358, 6
3046, 5
6700, 5
11900, 6
7400, 6
4900, 5
422, 4
2146, 5
3496, 5
1846, 5
9400, 5
6748, 6
6100, 5
9500, 6
698, 3
3496, 5
1197, 4
2746, 5
1515, 5
779, 5
8000, 6
8300, 6
6024, 5
1430, 5
4701, 6
7400, 6
4742, 5
7912, 6
1572, 5
7000, 5
6700, 5
4200, 4
3955, 5
7600, 5
8600, 6
4124, 4
2970, 5
3600, 4
6724, 6
6700, 5
7600, 5
8000, 6
749, 3
6100, 5
8500, 5
6100, 5
6400, 5
5213, 6
5326, 6
9500, 6
6700, 5
11300, 6
6523, 6
7300, 5
2547, 4
2446, 5
1996, 5
1172, 4
4500, 4
6400, 5
8800, 5
4500, 4
572, 4
2296, 5
2596, 5
722, 4
5800, 5
4878, 6
8184, 6
7300, 5
1846, 5
2255, 5
2896, 5
2146, 5
9500, 6
10100, 6
5800, 5
7000, 5
3496, 5
1797, 4
2097, 4
2146, 5
4200, 4
3300, 4
3648, 5
9500, 6
6748, 6
8000, 6
7000, 5
6000, 4
7600, 5
4524, 5
8800, 5
9448, 6
7300, 5
5800, 5
8224, 6
4800, 4
2647, 5
2251, 6
5500, 5
4548, 5
3600, 4
2400, 4
2207, 4
9800, 6
797, 4
6900, 4
7000, 5
8600, 6
3048, 5
4648, 6
8724, 5
7149, 6
8200, 5
7648, 6
1754, 5
5448, 5
2596, 5
1346, 4
2896, 5
548, 3
6400, 5
6700, 5
6400, 5
9200, 6
1202, 5
1521, 5
1996, 5
1647, 4
7100, 6
10700, 6
5724, 5
5224, 6
1197, 4
2547, 4
2697, 4
2847, 4
9400, 5
430, 4
8000, 6
6800, 6
1846, 5
576, 5
1148, 3
2105, 5
6308, 5
8000, 6
7100, 6
7100, 6
7300, 5
9200, 6
11100, 7
3955, 5
7600, 5
11300, 6
10100, 6
5048, 4
3948, 5
4500, 4
2348, 4
9500, 6
8200, 5
5700, 4
10700, 6
3200, 3
7700, 6
10300, 5
6400, 5
8600, 6
6400, 5
4800, 4
2048, 4
2823, 5
7600, 5
8000, 6
1100, 3
9500, 6
5424, 5
8600, 6
6700, 5
1596, 5
7400, 6
11600, 6
1748, 4
1100, 3
8400, 4
456, 4
3000, 4
7199, 6
4000, 5
9500, 6
6748, 6
6100, 5
4500, 4
7400, 6
5448, 5
7700, 6
1448, 4
7600, 5
1128, 5
4600, 5
3881, 5
8300, 6
11000, 6
2698, 5
6200, 6
8900, 6
9200, 6
2349, 4
10100, 6
9400, 5
9100, 5
9500, 6
7499, 6
4248, 5
3648, 5
8500, 5
5700, 4
5500, 5
11600, 6
7600, 5
3928, 6
4500, 4
6400, 5
7286, 6
6648, 5
8500, 5
6700, 5
3848, 4
8848, 6
12000, 7
7900, 5
6700, 5
7000, 5
8000, 6
10100, 6
5800, 5
9100, 5
6700, 5
5800, 5
5800, 5
3548, 4
2869, 5
5200, 5
4552, 6
2324, 4
8200, 5
7700, 6
6700, 5
6400, 5
6400, 5
9500, 6
6400, 5
1100, 3
6300, 4
3948, 5
9200, 6
7600, 5
3000, 4
8500, 5
8300, 6
1752, 5
1148, 4
7300, 5
5500, 5
5800, 5
4952, 6
7700, 6
1872, 5
8200, 5
6100, 5
7600, 5
5800, 5
5100, 4
11000, 6
3397, 5
10400, 6
12200, 6
3952, 6
7348, 6
5700, 4
7500, 4
7300, 5
3247, 5
3200, 3
9500, 6
5400, 4
7948, 6
5439, 6
6700, 5
7024, 6
9200, 6
8200, 5
8200, 5
8900, 6
5728, 6
6412, 6
10900, 5
8200, 5
7700, 6
5697, 6
8000, 6
7900, 5
6700, 5
7000, 5
6700, 5
7500, 4
5124, 5
5500, 5
8200, 5
8900, 6
5800, 5
8199, 6
8600, 6
9400, 5
864, 5
7484, 5
6100, 5
5700, 4
4848, 5
6700, 5
1697, 4
9500, 6
6700, 5
7600, 5
6300, 4
9200, 6
7600, 5
7900, 5
7900, 5
6100, 5
4142, 5
2347, 5
2700, 4
6100, 5
9800, 6
10700, 6
7300, 5
8200, 5
8200, 5
6800, 6
3052, 6
5500, 5
8000, 6
7000, 5
5648, 4
3578, 5
12200, 6
11600, 6
5748, 5
7600, 5
6100, 5
6400, 5
760, 5
6700, 5
6700, 5
5213, 6
4548, 5
1154, 5
12200, 6
2495, 5
7000, 5
9800, 6
10100, 6
5587, 6
6100, 5
6400, 5
7100, 6
7000, 5
8200, 5
3397, 6
8600, 6
5124, 5
8300, 6
2748, 5
1752, 5
1100, 3
1896, 5
9448, 6
4248, 5
2845, 4
5152, 6
5500, 5
9200, 6
9100, 5
1100, 3
2251, 6
8000, 6
7000, 5
7648, 6
5800, 5
5500, 5
9910, 6
5400, 4
8200, 5
6400, 5
2947, 5
7600, 5
5800, 5
10400, 6
5500, 5
6400, 5
5800, 5
7648, 6
7700, 6
7600, 5
11600, 6
13500, 7
2231, 5
8500, 5
3900, 4
14000, 6
10700, 6
11300, 6
5800, 5
9400, 5
10000, 5
4097, 6
9200, 6
8600, 6
6700, 5
6500, 6
5700, 4
6700, 5
10100, 6
12600, 7
8600, 6
8600, 6
7924, 6
8900, 6
8500, 5
458, 4
4800, 4
2605, 5
2643, 5
4500, 4
9800, 6
3695, 6
1347, 4
572, 4
2263, 6
1700, 3
5400, 4
4552, 6
5248, 6
1797, 4
2296, 5
1202, 5
237, 5
3648, 5
464, 5
5700, 4
7000, 5
223, 3
1496, 4
1647, 4
2247, 4
7100, 6
10100, 6
11300, 6
12800, 6
2596, 5
2446, 5
3346, 5
2596, 5
6000, 6
9100, 5
6100, 5
460, 5
4848, 5
7700, 6
3900, 4
10000, 5
5500, 5
7000, 5
7900, 5
2000, 3
7000, 5
10400, 6
4848, 5
12200, 6
6700, 5
6700, 5
7400, 6
8900, 6
9448, 6
3765, 5
5852, 7
6400, 5
6700, 5
2752, 6
10600, 5
7700, 6
2748, 5
4800, 4
4552, 6
6424, 6
4800, 4
5148, 5
6400, 5
458, 4
3046, 5
1748, 3
698, 3
2296, 5
6900, 4
5200, 5
4224, 5
6424, 6
1521, 5
1846, 5
3196, 5
1197, 4
6400, 5
8548, 6
10100, 6
6948, 5
1448, 3
2247, 4
2596, 5
1347, 4
6700, 5
1124, 4
1700, 3
2308, 5
2596, 5
1797, 4
2146, 5
2097, 4
8900, 6
6400, 5
6448, 6
8900, 6
7900, 5
6400, 5
5200, 5
7300, 5
4800, 4
5200, 5
7700, 6
8500, 5
5200, 5
10400, 6
7000, 5
9898, 6
8200, 5
1700, 3
6300, 4
7600, 5
5500, 5
9500, 6
9200, 6
8000, 6
6300, 4
2349, 4
10100, 6
13500, 7
6400, 5
1454, 5
10700, 6
7300, 5
9100, 5
1154, 5
5500, 5
7300, 5
1521, 5
1797, 4
2596, 5
548, 3
5400, 4
7400, 6
1752, 5
8000, 6
1699, 6
1671, 5
2746, 5
548, 3
6700, 5
5500, 5
7300, 5
4200, 4
1996, 5
3346, 5
3046, 5
2446, 5
7784, 5
5200, 5
5800, 5
5800, 5
1347, 4
1347, 4
2896, 5
2596, 5
2830, 5
1128, 5
8900, 6
9800, 6
8500, 5
3900, 4
4900, 5
3025, 6
6700, 5
4250, 6
10000, 5
11100, 7
8600, 6
7600, 5
9100, 5
6100, 5
8500, 5
7100, 6
4710, 5
7324, 6
9724, 6
6200, 6
6100, 5
9400, 5
10400, 6
8900, 6
2308, 5
9500, 6
5424, 5
8948, 7
10572, 7
11600, 6
8300, 6
10700, 6
6800, 6
7100, 6
2859, 5
233, 4
199, 2
3946, 5
3469, 5
10900, 5
7600, 5
9500, 6
1671, 5
1797, 4
1846, 5
2596, 5
9800, 6
10100, 6
9200, 6
5800, 5
572, 4
2121, 5
2109, 5
1996, 5
7300, 5
7554, 7
6100, 5
4326, 5
3496, 5
2446, 5
2746, 5
199, 3
2397, 4
6700, 5
7400, 6
2097, 4
3648, 5
7000, 5
8900, 6
3648, 5
5748, 5
6400, 5
6892, 6
6100, 5
2146, 5
2446, 5
11100, 7
10400, 6
4999, 5
10700, 6
7300, 5
9124, 6
5548, 6
8800, 5
5800, 5
8500, 5
2298, 4
777, 5
9800, 6
1152, 5
9524, 7
8900, 6
9500, 6
7300, 5
1671, 5
3391, 5
4900, 5
1700, 3
1748, 4
12100, 5
8200, 5
6000, 4
1848, 4
4524, 5
8300, 6
231, 4
9800, 6
4329, 5
7300, 5
1398, 4
7300, 5
5400, 4
432, 4
8600, 6
5800, 5
1454, 5
5100, 4
12500, 6
5100, 4
9100, 5
3200, 3
6400, 5
60, 3
15300, 7
760, 5
8600, 6
2752, 6
7324, 6
12600, 7
9000, 7
8000, 6
5500, 5
2347, 5
12200, 6
4948, 6
1130, 5
2418, 5
2296, 5
9200, 6
7000, 5
7900, 5
3900, 4
7100, 6
448, 3
6700, 5
9100, 5
4600, 5
9200, 6
3900, 4
11000, 6
2857, 5
6124, 6
8000, 6
11100, 7
6400, 5
9500, 6
748, 3
11300, 6
7000, 5
8900, 6
10100, 6
7300, 5
7600, 5
10100, 6
5700, 4
6900, 4
7600, 5
7600, 5
9449, 6
2044, 5
2896, 5
8900, 6
5100, 4
5800, 5
3697, 5
3800, 3
7100, 6
9100, 5
8548, 6
7000, 5
4800, 4
9500, 6
10700, 6
11300, 6
9200, 6
9100, 5
8000, 6
7900, 5
1548, 4
3298, 5
11300, 6
2397, 4
7300, 5
10600, 5
6700, 5
4748, 4
6400, 5
6700, 5
4800, 4
7948, 6
6100, 5
9500, 6
8500, 5
7000, 5
10700, 6
2352, 5
5800, 5
1347, 4
12300, 7
9200, 6
8600, 6
14400, 7
12000, 7
11700, 7
8900, 6
3500, 3
1748, 4
2052, 5
8200, 5
4448, 4
9200, 6
4200, 4
7300, 5
7300, 5
6400, 5
6100, 5
466, 5
8600, 6
9200, 6
6648, 5
3046, 5
10700, 6
2298, 4
4029, 5
233, 4
1124, 4
7300, 5
3900, 4
6100, 5
7600, 5
9200, 6
10000, 5
6700, 5
2097, 4
12200, 6
8600, 6
2748, 5
5700, 4
7600, 5
5848, 6
7900, 5
7300, 5
5400, 4
3247, 5
3628, 6
6100, 5
8900, 6
9800, 6
7000, 5
2606, 5
8300, 6
5800, 5
5100, 4
7924, 6
9800, 6
8600, 6
7900, 5
7649, 6
8500, 5
1748, 4
4388, 6
2357, 5
8600, 6
9800, 6
9700, 5
2746, 5
9300, 4
5100, 4
5400, 4
460, 4
5152, 6
6700, 5
11900, 6
11000, 6
8200, 5
7048, 6
11400, 7
1797, 4
6700, 5
1124, 4
9800, 6
8300, 6
9500, 6
2097, 4
10800, 7
2048, 4
8000, 6
5100, 4
4900, 5
7824, 6
3204, 5
12200, 6
3746, 6
1298, 3
11900, 6
4700, 3
9100, 5
7900, 5
6800, 6
8000, 6
8600, 6
9400, 5
9824, 7
5224, 6
5800, 5
2446, 5
7100, 6
2000, 3
8900, 6
5800, 5
10400, 6
9600, 7
4800, 4
10600, 5
6300, 4
9500, 6
7000, 5
6810, 7
3581, 5
9500, 6
3300, 4
5000, 3
9100, 5
6700, 5
5800, 5
6400, 5
5200, 5
7600, 5
8900, 6
7600, 5
9100, 5
5500, 5
8200, 5
3948, 5
7700, 6
6700, 5
8600, 6
5448, 5
7900, 5
5848, 6
4397, 6
3900, 4
2394, 4
11900, 6
6000, 4
6700, 5
8800, 5
4900, 5
5352, 5
6100, 5
7900, 5
4200, 4
8548, 6
6700, 5
4824, 5
6700, 5
7948, 6
10400, 6
7700, 6
12600, 7
9100, 5
5749, 5
1148, 4
8800, 5
10400, 6
7400, 6
10100, 6
10400, 6
6900, 4
8200, 5
9800, 6
6584, 5
7348, 6
11200, 5
8900, 6
1152, 5
8300, 6
9800, 6
11200, 8
11600, 6
2948, 4
2148, 4
8300, 6
9800, 6
9500, 6
1148, 4
2724, 5
12900, 7
748, 3
6100, 5
10700, 6
3952, 5
7400, 6
7348, 6
7100, 6
4524, 5
5148, 5
7600, 5
3815, 6
7900, 5
11600, 6
7000, 5
2746, 5
8524, 6
5452, 6
1424, 4
7600, 5
6700, 5
8600, 6
6700, 5
3354, 6
5700, 4
8300, 6
1428, 5
7600, 5
2456, 5
7700, 6
6100, 5
9500, 6
10600, 5
7400, 6
5448, 5
6100, 5
4500, 4
5100, 4
10100, 6
7000, 5
1996, 5
9100, 5
6400, 5
6700, 5
5248, 6
5200, 5
11000, 6
5124, 5
3397, 5
6100, 5
13800, 7
3655, 5
2446, 5
3948, 5
5100, 4
8200, 5
1100, 3
4500, 4
10700, 6
8800, 5
8900, 6
6100, 5
5100, 4
6700, 5
2581, 4
6000, 4
9800, 6
4752, 5
4800, 4
6100, 5
6400, 5
7700, 6
5200, 5
8600, 6
11200, 5
5500, 5
681, 5
9500, 6
7300, 5
5800, 5
9800, 6
1430, 5
6700, 5
3864, 5
8000, 6
7600, 5
11700, 7
2170, 6
7300, 5
10100, 6
10400, 6
13800, 7
4848, 5
6100, 5
3600, 4
2446, 5
7500, 4
7224, 5
456, 4
4500, 4
4800, 4
9500, 6
7324, 6
1846, 5
6100, 5
2600, 3
7300, 5
9700, 5
9800, 6
7300, 5
1352, 5
9200, 6
5700, 4
8600, 6
7000, 5
199, 3
7700, 6
7000, 5
8300, 6
3596, 6
7648, 6
1497, 4
5065, 6
7600, 5
4500, 4
7000, 5
12800, 6
3997, 6
3768, 5
8500, 5
11000, 6
4979, 6
6400, 5
2848, 5
5800, 5
6700, 5
6048, 5
6000, 4
5587, 6
7000, 5
6700, 5
8200, 5
6000, 4
6024, 5
756, 4
4388, 6
7700, 6
10100, 6
8200, 5
4800, 4
7900, 5
7300, 5
7400, 6
602, 5
754, 4
9800, 6
12600, 7
4548, 5
2030, 5
2097, 5
7600, 5
8500, 5
3765, 5
8200, 5
10100, 6
4487, 7
6600, 4
4021, 6
452, 4
8000, 6
6949, 5
9800, 6
5824, 6
9500, 6
9800, 6
6100, 5
8200, 5
8800, 5
6700, 5
2348, 4
7900, 5
6300, 4
6400, 5
8424, 6
7048, 6
13200, 7
9700, 5
7000, 5
7600, 5
6900, 4
2296, 5
4900, 5
3900, 4
5800, 5
4248, 5
6924, 5
7600, 5
2048, 4
5200, 5
1160, 6
6400, 5
1448, 4
6000, 4
4648, 6
10100, 6
3196, 5
6100, 5
8600, 6
3099, 4
10400, 6
7900, 5
7348, 6
10200, 7
3048, 5
8000, 6
7624, 6
9072, 7
7900, 5
8248, 6
8900, 6
7948, 6
1521, 5
1196, 4
5500, 5
458, 4
3300, 4
3048, 5
4824, 5
4548, 5
7000, 5
5100, 4
10400, 6
4200, 4
2271, 5
10400, 6
8800, 5
8000, 6
8200, 5
6500, 6
231, 4
9200, 6
7600, 5
756, 4
12600, 7
1448, 4
4388, 6
8900, 6
6149, 5
3848, 4
3900, 4
8200, 5
10600, 5
4900, 5
5500, 5
10400, 6
8600, 6
5800, 5
6800, 6
6600, 4
8900, 6
7900, 5
9400, 5
2497, 5
424, 3
9848, 7
4900, 5
8600, 6
8200, 5
748, 3
1671, 5
4800, 4
1700, 3
864, 5
4824, 5
5100, 4
3948, 5
5148, 5
4200, 4
7348, 6
6000, 4
1452, 5
7000, 5
7324, 6
8984, 5
9100, 5
2296, 5
8300, 6
6700, 5
6300, 4
4200, 4
7900, 5
2746, 5
1848, 4
9600, 7
3947, 6
5800, 5
8548, 6
4949, 6
7600, 5
12000, 7
8300, 6
8500, 5
8800, 5
2146, 5
10500, 7
10400, 6
5400, 4
1452, 5
5139, 6
7500, 4
2401, 6
9800, 6
5147, 6
7400, 6
1996, 5
5800, 5
7000, 5
7000, 5
8900, 6
5400, 4
6100, 5
8200, 5
7300, 5
4742, 5
7000, 5
8200, 5
5124, 5
3300, 4
11600, 6
8900, 6
7600, 5
8200, 5
456, 4
8800, 5
3652, 6
5800, 5
4694, 6
1424, 4
4900, 5
3797, 6
5448, 5
11300, 6
5200, 5
6400, 5
2948, 4
4200, 4
9200, 6
6448, 6
8200, 5
5800, 5
6584, 5
1848, 4
1497, 4
4648, 6
8500, 5
8000, 6
8800, 5
6400, 5
4828, 6
9065, 7
8900, 6
7748, 7
2548, 5
3746, 6
7300, 5
7000, 5
233, 4
5400, 4
6100, 5
1428, 5
6400, 5
1752, 5
4200, 4
697, 4
6100, 5
5100, 4
2748, 5
6400, 5
8300, 6
8600, 6
6700, 5
6700, 5
8800, 5
6700, 5
6048, 5
2645, 6
6500, 6
4248, 5
8300, 6
12000, 7
8900, 6
10700, 6
7900, 5
5800, 5
5200, 5
8000, 6
2300, 3
11200, 5
5300, 3
3204, 5
8300, 6
1148, 4
7400, 6
9500, 6
9800, 6
8300, 6
6700, 5
7900, 5
6400, 5
8300, 6
8500, 5
12000, 7
7400, 6
9500, 6
7600, 5
4575, 6
9800, 6
4451, 6
8224, 6
797, 4
1796, 4
6000, 4
8300, 6
5400, 4
10100, 6
2523, 5
2609, 6
11700, 7
6400, 5
1799, 3
2746, 5
1971, 5
7900, 5
1148, 4
9300, 4
7600, 5
7300, 5
9500, 6
1306, 4
7600, 5
9200, 6
8600, 6
1221, 5
5400, 4
6400, 5
7000, 5
6755, 6
7000, 5
5800, 5
5800, 5
2347, 5
1996, 5
2049, 4
6499, 5
11000, 6
1128, 5
7900, 5
8200, 5
6400, 5
1548, 4
8300, 6
7400, 6
10100, 6
7900, 5
2429, 6
7000, 5
11048, 7
3765, 5
4200, 4
9200, 6
2495, 5
5200, 5
8300, 6
3046, 5
8800, 5
4500, 4
7024, 6
11000, 6
10400, 6
4548, 5
5400, 4
7300, 5
9500, 6
7600, 5
9200, 6
7700, 6
5500, 5
4397, 6
8800, 5
12300, 7
6700, 5
4600, 5
4516, 5
3324, 5
12300, 7
4200, 4
5800, 5
5400, 4
11300, 6
448, 3
6024, 5
4029, 5
748, 3
6100, 5
4648, 6
5200, 5
11000, 6
6432, 5
8700, 4
9500, 6
9100, 5
5148, 5
4900, 5
7948, 6
5700, 4
1371, 5
9099, 7
1996, 5
8800, 5
8000, 6
9200, 6
6700, 5
3900, 4
2048, 4
7400, 6
2752, 6
7900, 5
11100, 7
3848, 4
8200, 5
2095, 4
9800, 6
3827, 6
6700, 5
1148, 4
3648, 5
4200, 4
9548, 7
8549, 6
1521, 5
7700, 6
2251, 6
7400, 6
7600, 5
9100, 5
13800, 7
7300, 5
4548, 5
777, 5
7300, 5
5200, 5
3738, 6
12200, 6
7000, 5
7300, 5
6700, 5
6700, 5
6400, 5
8500, 5
4038, 7
82, 6
6400, 5
2896, 5
13100, 6
9600, 7
773, 4
12700, 5
8500, 5
9500, 6
